OFF
1565 1835 0

0 -28.28 -3.11475
0 -28.28 -5.13475
2.02 -29.5353 -4.42467
2.02 -28.6 -5.43191
2.02 -30.5425 -3.33997
0 -30.3 -3.11475
4.04 -28.6 -5.43191
4.04 -29.5353 -4.42467
4.04 -30.5425 -3.33997
6.06 -28.6 -5.43191
6.06 -29.5353 -4.42467
6.06 -30.5425 -3.33997
8 -28.28 -3.11475
8 -30.3 -3.11475
8 -28.28 -5.13475
0.237475 -24.4735 -7.20123
0 -24.24 -9.17475
2.02 -25.6503 -8.60855
2.02 -24.715 -9.61579
2.02 -26.6575 -7.52385
0 -26.26 -7.15475
4.04 -24.715 -9.61579
4.04 -25.6503 -8.60855
4.04 -26.6575 -7.52385
0 -26.26 -5.13475
2.02 -27.5928 -6.51661
0 -26.26 -3.11475
4.04 -27.5928 -6.51661
0.140249 -24.3732 -5.08954
2.01999 -24.0336 -5.205
2.02 -24.2166 -7.1501
0 -24.24 -3.11475
2.02 -23.2599 -4.0251
4.04 -23.2599 -4.0251
4.03999 -24.0335 -5.20504
4.04 -24.2166 -7.1501
6.06 -26.6575 -7.52385
6.06 -27.5928 -6.51661
8 -26.26 -5.13475
8 -26.26 -3.11475
8 -26.26 -7.15475
6.05999 -24.0334 -5.20508
6.06 -24.2166 -7.1501
6.06 -23.2599 -4.0251
8 -24.24 -5.13475
8 -24.24 -3.11475
8 -24.24 -7.15475
6.06 -24.715 -9.61579
6.06 -25.6503 -8.60855
8 -24.24 -9.17475
2.01992 -22.2488 -11.2782
2.02027 -23.729 -10.5356
0 -22.22 -11.1948
2.02003 -22.4229 -9.58626
2.02 -23.9383 -8.00219
4.04011 -23.9391 -8.0005
4.04 -22.4225 -9.58643
4.03945 -23.7391 -10.5264
4.0401 -22.2442 -11.2778
2.02 -20.0526 -9.91524
0 -20.2 -11.1948
2.01984 -20.1729 -11.4571
4.04 -20.0526 -9.91524
4.03984 -20.1728 -11.4583
6.05945 -23.7383 -10.5254
6.06009 -22.2436 -11.2756
6.06011 -23.939 -8.00044
6.06 -22.4225 -9.58643
8 -22.22 -11.1948
6.06004 -20.0532 -9.91532
6.05983 -20.1727 -11.4596
8 -20.2 -11.1948
2.0201 -18.3713 -10.8741
0.131386 -18.0932 -9.27382
2.02 -18.3356 -8.99727
4.0401 -18.371 -10.8746
4.04 -18.3356 -8.99727
2.02031 -16.4647 -9.01222
2.02001 -17.3857 -7.31269
2.01989 -15.841 -7.2072
0 -16.16 -7.15475
4.04 -17.3856 -7.31248
4.03989 -15.8404 -7.20731
4.03962 -16.4577 -8.99661
2.02 -17.6846 -4.89045
0 -16.16 -5.13475
2.02 -15.785 -5.13475
2.02 -15.785 -3.11475
0 -16.16 -3.11475
2.01996 -18.6544 -3.72336
0 -18.18 -3.11475
4.04 -15.785 -3.11475
4.04 -15.785 -5.13475
4.04 -17.6846 -4.89045
4.03996 -18.6544 -3.72344
6.06 -17.3856 -7.31248
6.06003 -17.6844 -4.89095
6.06 -15.785 -5.13475
6.05989 -15.8397 -7.20742
6.06 -15.785 -3.11475
6.05996 -18.6545 -3.72352
8 -16.16 -3.11475
8 -18.18 -3.11475
8 -16.16 -5.13475
8 -16.16 -7.15475
6.0601 -18.3707 -10.8751
6.06 -18.3356 -8.99727
8 -18.18 -9.17475
6.05962 -16.4596 -8.99547
0.131406 18.0932 -9.27378
2.0201 18.3713 -10.8741
2.02031 16.4647 -9.01222
2.02 17.3857 -7.3127
2.02 18.3355 -8.9971
0 16.16 -7.15475
2.01989 15.841 -7.2072
4.03989 15.8404 -7.20731
4.03962 16.4577 -8.99661
4.04 18.3355 -8.9971
4.04 17.3857 -7.3127
4.0401 18.371 -10.8746
2.01984 20.1729 -11.4571
0 20.2 -11.1948
2.02004 20.0526 -9.91516
4.04 20.0533 -9.91521
4.03984 20.1728 -11.4583
0 16.16 -5.13475
2.02003 17.6847 -4.89049
2.02 15.785 -5.13475
0 16.16 -3.11475
0 18.18 -3.11475
2.01996 18.6544 -3.72336
2.02 15.785 -3.11475
4.04 15.785 -5.13475
4.04 15.785 -3.11475
4.03996 18.6544 -3.72344
4.04 17.6845 -4.891
6.05989 15.8397 -7.20742
6.06 15.785 -5.13475
6.06 17.6845 -4.891
6.06 17.3857 -7.3127
6.06 15.785 -3.11475
6.05996 18.6545 -3.72352
8 16.16 -5.13475
8 16.16 -3.11475
8 18.18 -3.11475
8 16.16 -7.15475
6.0601 18.3707 -10.8751
6.05962 16.4596 -8.99547
6.06 18.3355 -8.9971
8 18.18 -9.17475
6.06 20.0533 -9.91521
6.05983 20.1727 -11.4596
8 20.2 -11.1948
2.02 22.423 -9.58634
0 22.22 -11.1948
2.01992 22.2488 -11.2782
4.04 22.423 -9.58634
4.0401 22.2442 -11.2778
2.02027 23.729 -10.5356
2.02 24.715 -9.61579
0 24.24 -9.17475
2.02011 23.9382 -8.00215
0.237514 24.4735 -7.20115
2.02 24.2166 -7.15009
4.04011 23.9381 -8.0021
4.04 24.2166 -7.15008
4.03945 23.7391 -10.5264
4.04 24.715 -9.61579
6.06003 22.4226 -9.58653
6.06009 22.2436 -11.2756
8 22.22 -11.1948
6.05945 23.7383 -10.5254
6.06 24.715 -9.61579
6.06 23.9389 -8.00039
6.06 24.2166 -7.15009
8 24.24 -7.15475
8 24.24 -9.17475
0 26.26 -7.15475
2.02 25.6503 -8.60855
2.02 26.6575 -7.52385
4.04 25.6503 -8.60855
4.04 26.6575 -7.52385
2.01999 24.0335 -5.20482
0.140287 24.3732 -5.08941
0 26.26 -5.13475
2.02 23.2599 -4.0251
0 24.24 -3.11475
0 26.26 -3.11475
4.03999 24.0334 -5.20486
4.04 23.2599 -4.0251
0 28.28 -5.13475
2.02 27.5928 -6.51661
2.02 28.6 -5.43191
0 28.28 -3.11475
4.04 27.5928 -6.51661
4.04 28.6 -5.43191
6.05999 24.0333 -5.2049
6.06 23.2599 -4.0251
8 24.24 -5.13475
8 24.24 -3.11475
8 26.26 -5.13475
8 26.26 -3.11475
8 26.26 -7.15475
6.06 26.6575 -7.52385
6.06 27.5928 -6.51661
6.06 28.6 -5.43191
8 28.28 -5.13475
8 28.28 -3.11475
6.06 25.6503 -8.60855
0 30.3 -3.11475
2.02 29.5353 -4.42467
2.02 30.5425 -3.33997
4.04 29.5353 -4.42467
4.04 30.5425 -3.33997
6.06 29.5353 -4.42467
6.06 30.5425 -3.33997
8 30.3 -3.11475
0 -26.26 4.96525
0 -28.28 4.96525
2.01862 -27.3671 6.24682
2.02024 -28.3867 5.06349
2.02001 -26.6087 7.2319
0 -26.26 6.98525
4.03929 -26.6092 7.23661
4.03861 -27.3652 6.24532
4.04023 -28.3843 5.06126
0 -24.24 6.98525
0 -24.24 4.96525
2.02146 -25.6607 8.63663
2.01789 -25.1062 9.53805
0 -24.24 9.00525
4.03788 -25.1098 9.54025
4.03999 -25.6577 8.64165
6.05929 -26.6119 7.23856
6.06285 -27.3838 6.22425
6.06022 -28.3818 5.05904
8 -26.26 4.96525
8 -26.26 6.98525
8 -28.28 4.96525
6.05787 -25.1134 9.54245
6.05999 -25.6576 8.64163
8 -24.24 6.98525
8 -24.24 9.00525
8 -24.24 4.96525
2.02001 -32.3109 -1.09159
0.138433 -30.3295 -1.23038
2.02 -31.4778 -2.33273
0.219283 -30.3771 1.13116
2.01999 -32.3321 0.929991
0 -32.32 0.92525
4.04001 -32.3121 -1.09201
4.04001 -32.3335 0.929203
4.04 -31.4778 -2.33273
0 -28.28 -1.09475
0 -28.28 0.92525
2.01947 -31.5677 2.1147
2.01961 -30.4225 3.0913
0 -30.3 2.94525
4.0396 -30.4252 3.09449
4.03947 -31.567 2.114
0 -28.28 2.94525
2.02184 -29.3521 4.06876
4.03622 -29.3779 4.04151
6.06 -30.4274 3.09469
6.05947 -31.5664 2.11329
6.06001 -32.3321 0.928797
8 -30.3 0.92525
8 -30.3 2.94525
8 -32.32 0.92525
6.05621 -29.3814 4.04498
8 -28.28 2.94525
8 -28.28 0.92525
6.06 -31.4778 -2.33273
6.05999 -32.3127 -1.09163
8 -30.3 -1.09475
8 -28.28 -1.09475
0 -26.26 -1.09475
0 -26.26 0.92525
0 -24.24 -1.09475
0 -24.24 0.92525
0 -26.26 2.94525
0 -24.24 2.94525
8 -26.26 2.94525
8 -26.26 0.92525
8 -24.24 2.94525
8 -24.24 0.92525
8 -26.26 -1.09475
8 -24.24 -1.09475
0 -22.22 6.98525
0 -22.22 4.96525
0 -22.22 9.00525
0 -20.2 6.98525
0 -20.2 4.96525
0 -20.2 9.00525
2.01983 -24.3025 11.0565
0 -24.24 11.0252
0 -22.22 11.0252
2.01912 -23.5451 12.7851
2.02136 -23.2968 13.4484
0 -22.22 13.0452
4.04136 -23.2945 13.4476
4.0418 -23.5552 12.7699
4.03982 -24.3069 11.0587
0 -20.2 11.0252
0 -20.2 13.0452
6.05981 -24.3113 11.0609
6.06136 -23.2923 13.4467
6.06179 -23.5598 12.7717
8 -22.22 11.0252
8 -22.22 13.0452
8 -24.24 11.0252
8 -22.22 9.00525
8 -20.2 11.0252
8 -20.2 13.0452
8 -20.2 9.00525
8 -22.22 6.98525
8 -22.22 4.96525
8 -20.2 6.98525
8 -20.2 4.96525
0 -18.18 6.98525
0 -18.18 4.96525
0 -18.18 9.00525
0 -16.16 6.98525
0 -16.16 4.96525
2.02 -15.6347 6.85687
2.02 -15.785 4.96525
0 -16.16 9.00525
2.02 -15.1377 8.73131
4.04 -15.1377 8.73131
4.04 -15.6347 6.85687
4.04 -15.785 4.96525
0 -18.18 11.0252
0 -18.18 13.0452
0 -16.16 11.0252
0 -16.16 13.0452
8 -18.18 11.0252
8 -18.18 13.0452
8 -18.18 9.00525
8 -16.16 11.0252
8 -16.16 13.0452
8 -16.16 9.00525
8 -18.18 6.98525
8 -18.18 4.96525
6.06 -15.6347 6.85687
6.06 -15.785 4.96525
6.06 -15.1377 8.73131
8 -16.16 6.98525
8 -16.16 4.96525
0 -22.22 -1.09475
0.160088 -22.291 -2.97073
2.01999 -22.1413 -3.2748
0 -22.22 0.92525
4.03999 -22.1412 -3.2749
0 -20.2 -1.09475
2.02 -20.1887 -3.05775
0 -20.2 0.92525
4.04 -20.1887 -3.05786
0 -22.22 2.94525
0 -20.2 2.94525
8 -22.22 2.94525
8 -22.22 0.92525
8 -20.2 2.94525
8 -20.2 0.92525
6.05999 -22.1412 -3.27501
8 -22.22 -1.09475
8 -22.22 -3.11475
6.06 -20.1887 -3.05794
8 -20.2 -1.09475
0 -18.18 -1.09475
0 -18.18 0.92525
0 -16.16 -1.09475
2.02 -15.785 -1.09475
0 -16.16 0.92525
2.02 -15.785 0.92525
4.04 -15.785 0.92525
4.04 -15.785 -1.09475
0 -18.18 2.94525
0 -16.16 2.94525
2.02 -15.785 2.94525
4.04 -15.785 2.94525
8 -18.18 2.94525
8 -18.18 0.92525
6.06 -15.785 2.94525
6.06 -15.785 0.92525
8 -16.16 2.94525
8 -16.16 0.92525
8 -18.18 -1.09475
6.06 -15.785 -1.09475
8 -16.16 -1.09475
2.02 -15.0023 9.23632
2.02 -14.4973 11.121
0 -14.14 13.0452
2.02 -13.9923 13.0057
4.04 -13.9923 13.0057
4.04 -14.4973 11.121
4.04 -15.0023 9.23632
6.06 -15.0023 9.23632
6.06 -14.4973 11.121
6.06 -13.9923 13.0057
8 -14.14 13.0452
2.02 14.4973 11.121
0 16.16 11.0252
0 16.16 9.00525
2.02 15.0023 9.23632
2.02 15.1377 8.73131
0 16.16 13.0452
2.02 13.9923 13.0057
0 14.14 13.0452
4.04 14.4973 11.121
4.04 13.9923 13.0057
4.04 15.0023 9.23632
4.04 15.1377 8.73131
6.06 15.0023 9.23632
6.06 14.4973 11.121
6.06 15.1377 8.73131
6.06 13.9923 13.0057
8 16.16 13.0452
8 14.14 13.0452
8 16.16 11.0252
8 16.16 9.00525
0 16.16 4.96525
2.02 15.785 4.96525
2.02 15.6347 6.85687
0 16.16 6.98525
0 18.18 6.98525
0 18.18 4.96525
0 18.18 9.00525
4.04 15.6347 6.85687
4.04 15.785 4.96525
0 20.2 6.98525
0 20.2 4.96525
0 20.2 9.00525
0 18.18 11.0252
0 18.18 13.0452
0 20.2 11.0252
0 20.2 13.0452
8 18.18 11.0252
8 18.18 13.0452
8 18.18 9.00525
8 20.2 11.0252
8 20.2 13.0452
8 20.2 9.00525
6.06 15.785 4.96525
6.06 15.6347 6.85687
8 16.16 6.98525
8 18.18 6.98525
8 16.16 4.96525
8 18.18 4.96525
8 20.2 6.98525
8 20.2 4.96525
0 22.22 6.98525
0 22.22 4.96525
0 22.22 9.00525
0 24.24 6.98525
0 24.24 4.96525
0 24.24 9.00525
0 22.22 11.0252
0 22.22 13.0452
0 24.24 11.0252
2.01983 24.3025 11.0565
2.01832 25.1096 9.53021
2.01912 23.5451 12.7851
2.02136 23.2968 13.4484
4.03982 24.3069 11.0587
4.0418 23.5552 12.7699
4.04136 23.2945 13.4476
4.03831 25.1125 9.53194
8 22.22 11.0252
8 22.22 13.0452
8 22.22 9.00525
6.05981 24.3113 11.0609
6.05831 25.1154 9.53367
6.06179 23.5598 12.7717
6.06136 23.2923 13.4467
8 24.24 11.0252
8 24.24 9.00525
8 22.22 6.98525
8 22.22 4.96525
8 24.24 6.98525
8 24.24 4.96525
2.02 15.785 -1.09475
0 16.16 -1.09475
0 18.18 -1.09475
2.02 15.785 0.92525
0 16.16 0.92525
0 18.18 0.92525
4.04 15.785 -1.09475
4.04 15.785 0.92525
0 20.2 -1.09475
2.02 20.1886 -3.05767
0 20.2 0.92525
4.04 20.1887 -3.05772
2.02 15.785 2.94525
0 16.16 2.94525
0 18.18 2.94525
4.04 15.785 2.94525
0 20.2 2.94525
6.06 15.785 0.92525
6.06 15.785 2.94525
8 16.16 2.94525
8 18.18 2.94525
8 16.16 0.92525
8 18.18 0.92525
8 20.2 2.94525
8 20.2 0.92525
6.06 15.785 -1.09475
8 16.16 -1.09475
8 18.18 -1.09475
6.06 20.1887 -3.05783
8 20.2 -1.09475
0 22.22 -1.09475
0.16011 22.2909 -2.97066
2.01999 22.1411 -3.27474
0 22.22 0.92525
4.03999 22.141 -3.27484
0 24.24 -1.09475
0 24.24 0.92525
0 22.22 2.94525
0 24.24 2.94525
8 22.22 2.94525
8 22.22 0.92525
8 24.24 2.94525
8 24.24 0.92525
6.05999 22.141 -3.27495
8 22.22 -1.09475
8 22.22 -3.11475
8 24.24 -1.09475
0 26.26 6.98525
0 26.26 4.96525
2.01999 25.6571 8.63441
2.01911 26.6121 7.23433
4.0391 26.6155 7.23673
4.03999 25.6571 8.63439
2.01862 27.3671 6.24682
2.02024 28.3867 5.06349
0 28.28 4.96525
4.04023 28.3843 5.06126
4.03861 27.3652 6.24532
6.06001 26.6145 7.24044
6.06117 25.6549 8.63996
8 26.26 6.98525
8 26.26 4.96525
6.06022 28.3818 5.05904
6.06285 27.3838 6.22425
8 28.28 4.96525
0 26.26 -1.09475
0 26.26 0.92525
0 28.28 -1.09475
0 28.28 0.92525
0 26.26 2.94525
0 28.28 2.94525
2.02184 29.3521 4.06876
4.03622 29.3779 4.04151
8 26.26 2.94525
8 26.26 0.92525
6.05621 29.3814 4.04498
8 28.28 2.94525
8 28.28 0.92525
8 26.26 -1.09475
8 28.28 -1.09475
0.138433 30.3295 -1.23038
0.219283 30.3771 1.13116
2.02 31.4778 -2.33273
2.02001 32.3109 -1.09159
0 32.32 0.92525
2.01999 32.3321 0.929991
4.04001 32.3335 0.929203
4.04001 32.3121 -1.09201
4.04 31.4778 -2.33273
0 30.3 2.94525
2.01969 30.421 3.0872
4.03969 30.4232 3.08973
2.01938 31.5759 2.1062
4.03938 31.5752 2.10537
6.05968 30.4254 3.09226
8 30.3 2.94525
8 30.3 0.92525
6.06001 32.3321 0.928797
6.06 31.5658 2.11262
8 32.32 0.92525
8 30.3 -1.09475
6.06 31.4778 -2.33273
6.05999 32.3127 -1.09163
-8 -18.18 23.1453
-6.0601 -18.2842 23.0609
-6.06009 -19.2518 24.8783
-8 -18.18 25.1653
-8 -16.16 25.1653
-8 -16.16 23.1453
-6.06138 -16.9785 21.8833
-4.0401 -18.2854 23.06
-4.04009 -19.2519 24.8782
-4.04138 -16.9795 21.8817
-6.0611 -19.4227 27.3824
-6.06079 -19.4639 27.1187
-6.06033 -19.383 25.3729
-8 -18.18 27.1852
-8 -16.16 27.1852
-6.06023 -18.6112 29.4854
-8 -18.18 29.2052
-8 -16.16 29.2052
-4.0411 -19.4245 27.3827
-4.04023 -18.612 29.4859
-2.02009 -19.2521 24.8782
-2.01859 -19.4147 27.4401
-2.02023 -18.6127 29.4864
0 -19.4125 27.4396
-0.000232277 -18.6135 29.4869
0 -19.2538 24.8863
-2.01986 -18.2834 23.056
-2.02138 -16.9805 21.8802
0 -18.2818 23.0573
0 -16.9036 21.8343
2.02 -21.0716 21.3588
2.02 -20.5666 23.2435
0 -20.2 23.1453
0 -20.2 21.1253
0 -18.18 21.1253
0 -20.0616 25.1282
2.02 -20.0616 25.1282
4.04 -20.5666 23.2435
4.04 -20.0616 25.1282
4.04 -21.0716 21.3588
0 -16.16 21.1253
2.02 -19.5566 27.0129
0 -19.5566 27.0129
2.02 -19.4213 27.5179
4.04 -19.5566 27.0129
4.04 -19.4213 27.5179
2.01977 -18.6142 29.4874
4.03977 -18.615 29.4879
6.06 -20.0616 25.1282
6.06 -19.5566 27.0129
6.06 -19.4213 27.5179
8 -18.18 27.1852
8 -18.18 25.1653
6.06026 -18.6269 29.468
8 -18.18 29.2052
8 -16.16 27.1852
8 -16.16 29.2052
8 -16.16 25.1653
6.06 -21.0716 21.3588
6.06 -20.5666 23.2435
8 -18.18 23.1453
8 -20.2 23.1453
8 -20.2 21.1253
8 -18.18 21.1253
8 -16.16 23.1453
8 -16.16 21.1253
2.02 -22.7267 15.2187
0 -22.22 15.0653
0 -20.2 15.0653
2.02 -22.2169 17.0844
0 -20.2 17.0852
4.04 -22.7267 15.2187
4.04 -22.2169 17.0844
2.02 -21.7119 18.9691
0 -20.2 19.1053
2.02 -21.5766 19.4741
4.04 -21.7119 18.9691
4.04 -21.5766 19.4741
6.06 -22.2169 17.0844
6.06 -21.7119 18.9691
6.06 -21.5766 19.4741
8 -20.2 19.1053
8 -20.2 17.0852
6.06 -22.7267 15.2187
8 -20.2 15.0653
8 -22.22 15.0653
0 -18.18 15.0653
0 -18.18 17.0852
0 -16.16 15.0653
0 -16.16 17.0852
0 -18.18 19.1053
0 -16.16 19.1053
8 -18.18 19.1053
8 -18.18 17.0852
8 -16.16 19.1053
8 -16.16 17.0852
8 -18.18 15.0653
8 -16.16 15.0653
-8 -14.14 23.1453
-8 -14.14 21.1253
-6.05978 -16.0533 21.4035
-6.06 -14.1468 21.0086
-8 -14.14 25.1653
-4.04 -14.1468 21.0086
-4.04017 -16.0467 21.3994
-8 -12.12 23.1453
-8 -12.12 21.1253
-6.06 -12.12 21
-8 -12.12 25.1653
-4.04 -12.12 21
-8 -14.14 27.1852
-8 -14.14 29.2052
-7.99073 -12.1985 27.2283
-8 -12.12 29.2052
-2.02 -14.1468 21.0086
-2.02031 -16.0436 21.4003
0 -14.1468 21.0086
-2.02 -12.12 21
0 -12.12 21
-8 -10.1 23.1453
-8 -10.1 21.1253
-6.06 -10.1 21
-8 -10.1 25.1653
-4.04 -10.1 21
-8 -8.08 23.1453
-8 -8.08 21.1253
-6.06 -8.08 21
-8 -8.08 25.1653
-4.04 -8.08 21
-7.90053 -9.9558 27.2929
-8 -10.1 29.2052
-8 -8.08 27.1852
-8 -8.08 29.2052
8 -14.14 27.1852
8 -14.14 29.2052
8 -14.14 25.1653
8 -12.12 27.1852
8 -12.12 29.2052
8 -12.12 25.1653
8 -14.14 23.1453
8 -14.14 21.1253
8 -12.12 23.1453
8 -12.12 21.1253
2.02 -9.75468 22.9258
2.01865 -8.82711 24.6447
4.04121 -8.78441 24.7635
4.04 -9.75468 22.9258
4.04 -11.2501 20.5725
2.02 -11.2501 20.5725
2 -10.1 21.1253
4.04 -10.6691 21.4869
0 -10.1 21
0 -8.08 21
2 -8.08 21.1253
2 -8.08 23.1453
2 -8.08 25.1653
2.01779 -8.60001 27.499
2.01963 -9.46618 29.6036
4.03994 -9.46725 29.6064
4.03778 -8.59715 27.4996
2 -8.08 27.1852
2 -8.08 29.2052
6.06198 -8.5761 27.3912
6.0612 -8.78611 24.764
6.05994 -9.4671 29.6065
8 -10.1 27.1852
8 -10.1 29.2052
8 -10.1 25.1653
6.06086 -8.99631 28.7698
6.0594 -8.53988 27.1231
6.05937 -8.64121 25.273
6.06 -11.2501 20.5725
6.06 -10.6691 21.4869
6.06 -9.75468 22.9258
8 -10.1 23.1453
0 -14.14 15.0653
2.02 -13.4873 14.8904
0 -14.14 17.0852
2.02 -12.9823 16.775
4.04 -12.9823 16.775
4.04 -13.4873 14.8904
0 -14.14 19.1053
2.02 -12.847 17.28
2.01999 -12.1619 19.1301
0 -12.1614 19.1298
4.04 -12.165 19.1316
4.04 -12.847 17.28
8 -14.14 19.1053
8 -14.14 17.0852
6.06 -12.9823 16.775
6.06 -12.847 17.28
6.06 -12.165 19.1316
6.06 -13.4873 14.8904
8 -14.14 15.0653
0 -10.9529 20.3532
-8 -6.06 23.1453
-8 -6.06 21.1253
-6.06 -6.06 21
-8 -6.06 25.1653
-4.04 -6.06 21
-8 -4.04 23.1453
-8 -4.04 21.1253
-6.06 -4.04 21
-8 -4.04 25.1653
-4.04 -4.04 21
-8 -6.06 27.1852
-8 -6.06 29.2052
-8 -4.04 27.1852
-8 -4.04 29.2052
-8 -2.02 23.1453
-8 -2.02 21.1253
-6.06 -2.02 21
-8 -2.02 25.1653
-4.04 -2.02 21
-8 0 23.1453
-8 0 21.1253
-6.06 0 21
-8 0 25.1653
-4.04 0 21
-8 -2.02 27.1852
-8 -2.02 29.2052
-8 0 27.1852
-8 0 29.2052
2 -6.06 21.1253
2 -6.06 23.1453
0 -6.06 21
2 -6.06 25.1653
2 -4.04 21.1253
2 -4.04 23.1453
0 -4.04 21
2 -4.04 25.1653
2 -6.06 27.1852
2 -6.06 29.2052
2 -4.04 27.1852
2 -4.04 29.2052
2 -2.02 21.1253
2 -2.02 23.1453
0 -2.02 21
2 -2.02 25.1653
2 0 21.1253
2 0 23.1453
0 0 21
2 0 25.1653
2 -2.02 27.1852
2 -2.02 29.2052
2 0 27.1852
2 0 29.2052
-8 2.02 23.1453
-8 2.02 21.1253
-6.06 2.02 21
-8 2.02 25.1653
-4.04 2.02 21
-8 4.04 23.1453
-8 4.04 21.1253
-6.06 4.04 21
-8 4.04 25.1653
-4.04 4.04 21
-8 2.02 27.1852
-8 2.02 29.2052
-8 4.04 27.1852
-8 4.04 29.2052
-8 6.06 23.1453
-8 6.06 21.1253
-6.06 6.06 21
-8 6.12654 25.2434
-4.04 6.06 21
-8 8.08 23.1453
-8 8.08 21.1253
-6.06 8.08 21
-8 8.08 25.1653
-4.04 8.08 21
-8 6.06 27.1852
-8 6.06 29.2052
-8 8.08 27.1852
-8 8.08 29.2052
2 2.02 21.1253
2 2.02 23.1453
0 2.02 21
2 2.02 25.1653
2 4.04 21.1253
2 4.04 23.1453
0 4.04 21
2 4.04 25.1653
2 2.02 27.1852
2 2.02 29.2052
2 4.04 27.1852
2 4.04 29.2052
2 6.06 21.1253
2 6.06 23.1453
0 6.06 21
2 6.06 25.1653
2 8.08 21.1253
2 8.08 23.1453
0 8.08 21
2 8.08 25.1653
2 6.06 27.1852
2 6.06 29.2052
2 8.08 27.1852
2 8.08 29.2052
-8 10.1 23.1453
-8 10.1 21.1253
-6.06 10.1 21
-8 10.1 25.1653
-4.04 10.1 21
-8 12.12 23.1453
-8 12.12 21.1253
-6.06 12.12 21
-8 12.12 25.1653
-4.04 12.12 21
-8 10.1 27.1852
-8 10.1 29.2052
-8 12.12 27.1852
-8 12.12 29.2052
-8 14.14 23.1453
-8 14.14 21.1253
-6.06 14.1462 21.0078
-8 14.14 25.1653
-4.04 14.1462 21.0078
-8 16.16 23.1453
-6.05978 16.0533 21.4035
-6.06138 16.9785 21.8833
-8 16.16 25.1653
-4.04017 16.0467 21.3994
-4.04138 16.9795 21.8817
-8 14.14 27.1852
-8 14.14 29.2052
-8 16.16 27.1852
-8 16.16 29.2052
-2.02 12.12 21
-2.01996 14.1469 21.0078
0 12.12 21
0 14.1468 21.0086
-2.02031 16.0436 21.4003
-2.02138 16.9805 21.8802
0 16.16 21.1253
0 16.9036 21.8343
0 10.1 21
2 10.1 21.1253
2.02 9.75468 22.9258
2.01865 8.82711 24.6447
4.04 9.75468 22.9258
4.04121 8.78441 24.7635
2.02 11.2501 20.5725
4.04 11.2501 20.5725
4.04 10.6691 21.4869
2.01779 8.60001 27.499
2.01993 9.46619 29.6036
4.03778 8.59715 27.4996
4.03993 9.46603 29.6037
6.0612 8.78611 24.764
6.06198 8.5761 27.3912
6.05993 9.46586 29.6038
8 10.1 27.1852
8 10.1 29.2052
8 12.12 27.1852
8 12.12 29.2052
8 10.1 25.1653
8 12.12 25.1653
6.06 11.2501 20.5725
6.06 10.6691 21.4869
6.06 9.75468 22.9258
8 10.1 23.1453
8 12.12 23.1453
8 12.12 21.1253
8 14.14 27.1852
8 14.14 29.2052
8 14.14 25.1653
8 16.16 27.1852
8 16.16 29.2052
8 16.16 25.1653
8 14.14 23.1453
8 14.14 21.1253
8 16.16 23.1453
8 16.16 21.1253
0 12.1614 19.1298
2.02 12.1651 19.1313
0 10.9529 20.3532
2.02 13.4873 14.8904
0 14.14 15.0653
0 16.16 15.0653
2.02 12.9823 16.775
0 14.14 17.0852
0 16.16 17.0852
4.04 13.4873 14.8904
4.04 12.9823 16.775
0 14.14 19.1053
2.02 12.847 17.28
4.04 12.1651 19.1313
4.04 12.847 17.28
0 16.16 19.1053
6.06 12.847 17.28
6.06 12.1651 19.1313
6.06 12.9823 16.775
8 14.14 19.1053
8 14.14 17.0852
8 16.16 19.1053
8 16.16 17.0852
6.06 13.4873 14.8904
8 14.14 15.0653
8 16.16 15.0653
-8 18.18 25.1653
-8 18.18 23.1453
-6.0601 18.2842 23.0609
-6.06009 19.2518 24.8783
-4.0401 18.2854 23.06
-4.04009 19.2519 24.8782
-8 18.18 27.1852
-8 18.18 29.2052
-6.06023 18.6112 29.4854
-6.0611 19.4227 27.3824
-4.04023 18.612 29.4859
-4.0411 19.4245 27.3827
-6.06033 19.383 25.3729
-6.06079 19.4639 27.1187
-2.01859 19.4147 27.4401
-2.02009 19.2521 24.8782
-2.02023 18.6127 29.4864
-0.000232277 18.6135 29.4869
0 19.4125 27.4396
0 19.2538 24.8863
-2.01986 18.2834 23.056
0 18.2818 23.0573
0 18.18 21.1253
2.02 20.5666 23.2435
2.02 21.0716 21.3588
0 20.2 21.1253
0 20.2 23.1453
0 20.0616 25.1282
2.02 20.0616 25.1282
4.04 20.5666 23.2435
4.04 20.0616 25.1282
4.04 21.0716 21.3588
2.01977 18.6142 29.4874
2.02 19.4213 27.5179
4.03977 18.615 29.4879
4.04 19.4213 27.5179
0 19.5566 27.0129
2.02 19.5566 27.0129
4.04 19.5566 27.0129
6.06026 18.6269 29.468
6.06 19.4213 27.5179
8 18.18 27.1852
8 18.18 29.2052
8 18.18 25.1653
6.06 19.5566 27.0129
6.06 20.0616 25.1282
8 18.18 23.1453
8 18.18 21.1253
6.06 20.5666 23.2435
6.06 21.0716 21.3588
8 20.2 23.1453
8 20.2 21.1253
0 18.18 15.0653
0 18.18 17.0852
0 20.2 15.0653
0 20.2 17.0852
0 18.18 19.1053
0 20.2 19.1053
2.02 21.5766 19.4741
4.04 21.5766 19.4741
8 18.18 19.1053
8 18.18 17.0852
6.06 21.5766 19.4741
8 20.2 19.1053
8 20.2 17.0852
8 18.18 15.0653
8 20.2 15.0653
0 22.22 15.0653
2.02 22.7277 15.2236
2.02 22.2169 17.0844
4.04 22.7277 15.2236
4.04 22.2169 17.0844
2.02 21.7119 18.9691
4.04 21.7119 18.9691
6.06 21.7119 18.9691
6.06 22.2169 17.0844
6.06 22.7277 15.2236
8 22.22 15.0653
-6.06036 -17.6474 30.6145
-6.06011 -16.2974 31.4946
-8 -16.16 31.2252
-4.04011 -16.2978 31.4952
-4.04036 -17.6468 30.6138
-2.01988 -16.2763 31.5057
-2.02036 -17.6462 30.6131
0.000118838 -16.276 31.5049
-0.000365356 -17.6456 30.6124
2.02012 -16.2757 31.5042
2.01963 -17.645 30.6117
4.04012 -16.2754 31.5035
4.03963 -17.6444 30.611
6.06012 -16.2751 31.5028
6.05963 -17.6438 30.6104
8 -16.16 31.2252
-8 -14.14 31.2252
-6.06 -14.1806 31.9904
-4.04 -14.1806 31.9904
-8 -12.12 31.2252
-6.06 -12.12 32
-4.04 -12.12 32
-2.02 -14.1806 31.9904
-0.000416054 -14.1735 31.9913
-2.02 -12.12 32
0 -12.12 32
-8 -10.1 31.2252
-6.06 -10.1 32
-4.04 -10.1 32
-8 -8.08 31.2252
-6.06 -8.08 32
-4.04 -8.08 32
-2.02 -10.1 32
0 -10.1 32
-2.02 -8.08 32
0 -8.08 32
2.01958 -14.1735 31.9924
4.03958 -14.1736 31.9935
2.01933 -11.9556 31.5986
4.03932 -11.9542 31.6017
6.06022 -14.1946 31.9925
8 -14.14 31.2252
6.06052 -11.9758 31.6088
8 -12.12 31.2252
2 -10.1 31.2252
4.03939 -10.4985 30.7361
2 -8.08 31.2252
6.05939 -10.4998 30.7346
-8 -6.06 31.2252
-6.06048 -6.88913 32.338
-4.04057 -6.88241 32.344
-8 -4.04 31.2252
-6.0599 -6.29058 33.2927
-8 -6.06 33.2452
-8 -4.04 33.2452
-4.0399 -6.28973 33.2925
-6.0588 -7.31695 35.6918
-8 -6.06 35.2653
-6.05852 -6.31776 33.1679
-6.06 -5.52687 35.7047
-6.06 -6.38233 37.1458
-4.03881 -7.31936 35.6904
-4.04 -6.38234 37.1458
-4.04 -5.52702 35.7049
-4.03854 -6.31973 33.1616
-6.06 -4.51333 34.6526
-6.05999 -3.57644 33.9917
-4.03999 -3.57644 33.9917
-4.04 -4.51332 34.6526
-2.01856 -6.3217 33.1553
-2.01886 -7.3223 35.69
-2.0199 -6.28889 33.2924
-2.02 -6.38235 37.1458
-2.02 -5.52717 35.7051
-0.000556842 -7.33993 35.7211
2.17361e-06 -6.38237 37.1459
-2.19848e-06 -5.52733 35.7053
0.00141435 -6.32368 33.149
-5.10533e-05 -6.28741 33.2999
-2.01999 -3.57645 33.9917
-2.02 -4.51332 34.6526
-5.21133e-06 -3.57632 33.9916
4.57421e-06 -4.51331 34.6526
-2.02057 -6.8829 32.3446
-0.000568003 -6.88339 32.3453
-8 -2.02 31.2252
-8 -2.02 33.2452
-6.06 -2.00636 33.298
-4.04 -2.00635 33.298
-8 0 31.2252
-6.06 -0.0124413 33.0007
-4.04 -0.0124418 33.0007
-2.02 -2.00635 33.298
-2.95545e-07 -2.00635 33.298
-2.02 -0.0124424 33.0007
-1.2194e-06 -0.0124429 33.0006
-6.06 -8.45874 39.2834
-8 -8.08 39.3053
-6.06 -8.05236 37.2937
-6.06001 -6.94671 39.2126
-8 -8.08 41.3252
-6.06001 -6.83307 41.4808
-6.06 -8.5 41.3252
-4.04054 -8.46093 39.2889
-4.04 -8.5 41.3252
-4.03999 -6.83304 41.481
-4.04001 -6.94673 39.2126
-4.04 -8.05247 37.2937
-8 -8.08 43.3453
-6.06 -6.12038 43.3785
-6.06 -8.5 43.3453
-8 -8.08 45.3653
-8 -6.06 45.3653
-6.06 -5.22132 44.6514
-6.06 -8.5 45.3653
-4.04 -8.5 43.3453
-4.04 -8.5 45.3653
-4.04 -6.12039 43.3785
-4.04 -4.20979 45.5826
-6.06 -4.20981 45.5825
-2.02 -8.5 41.3252
-2.02 -8.5 43.3453
-2.02 -6.12038 43.3785
-2.01999 -6.83303 41.481
-2.02 -8.5 45.3653
-2.25127 -6.05924 46.1057
-3.80342 -6.05921 46.1227
0 -8.5 43.3453
0 -8.5 45.3653
0 -8.5 41.3252
3.55302e-07 -6.12037 43.3785
5.43153e-06 -6.83302 41.481
-2.02 -4.20979 45.5826
8.56241e-07 -4.20978 45.5826
-3.75114e-06 -5.22139 44.6513
-2.01999 -6.94676 39.2128
-2.02 -8.05257 37.2936
-2.02055 -8.46379 39.2888
-0.000549708 -8.46666 39.2887
6.64108e-06 -6.94674 39.2128
1.51702e-06 -8.05267 37.2936
2 -8.08 39.3053
2 -8.08 41.3252
2 -8.08 43.3453
2 -8.08 45.3653
2 -6.06 45.3653
2 -6.06 31.2252
2 -4.04 31.2252
2 -6.06 33.2452
2 -4.04 33.2452
2 -6.06 35.2653
2 -2.02 31.2252
2 -2.02 33.2452
2 0 31.2252
-8 2.02 31.2252
-6.06 2.00633 33.298
-8 2.02 33.2452
-4.04 2.00634 33.298
-8 4.04 31.2252
-8 4.04 33.2452
-6.06 3.57624 33.9916
-4.04 3.57633 33.9916
-2.02 2.00634 33.298
2.49636e-07 2.00634 33.298
-2.02 3.57632 33.9916
-3.24717e-06 3.57632 33.9916
-8 6.06 31.2252
-8 6.06 33.2452
-6.0599 6.29058 33.2927
-6.06048 6.88913 32.338
-4.0399 6.28973 33.2925
-4.04057 6.88241 32.344
-8 8.08 31.2252
-6.06 8.08 32
-4.04 8.08 32
-6.06 4.51335 34.6527
-6.06 5.52783 35.7059
-8 6.06 35.2653
-4.04 5.52775 35.7058
-4.04 4.51336 34.6527
-6.05852 6.31776 33.1679
-6.0588 7.31695 35.6918
-6.06 6.38238 37.1459
-4.04 6.38237 37.1459
-4.03881 7.31936 35.6904
-4.03854 6.31973 33.1616
-2.02 5.52766 35.7057
-2.02 4.51337 34.6527
1.67146e-06 5.52757 35.7056
-3.31149e-06 4.51337 34.6527
-2.0199 6.28889 33.2924
-2.01856 6.3217 33.1553
-2.01886 7.3223 35.69
-2.02 6.38237 37.1459
1.12611e-06 6.38236 37.1459
-0.000556842 7.33993 35.7211
-5.10533e-05 6.28741 33.2999
0.00141435 6.32368 33.149
-2.02057 6.8829 32.3446
-0.000568003 6.88339 32.3453
-2.02 8.08 32
0 8.08 32
-6.06041 8.4608 39.2833
-6.06 8.05057 37.2938
-8 8.08 39.3053
-6.06 6.94675 39.2129
-6.06 6.833 41.481
-8 8.08 41.3252
-6.06 8.5 41.3252
-4.04 6.94675 39.2129
-4.04 6.833 41.481
-4.04 8.5 41.3252
-4.04041 8.46294 39.2832
-4.04 8.05067 37.2938
-6.06 6.12037 43.3785
-8 8.08 43.3453
-6.06 8.5 43.3453
-6.06 8.5 45.3653
-8 8.08 45.3653
-6.06 5.22141 44.6513
-8 6.06 45.3653
-4.04 8.5 45.3653
-4.04 8.5 43.3453
-4.04 6.12037 43.3785
-4.04 5.22141 44.6513
-2.02 6.833 41.481
-2.02 6.12037 43.3785
-2.02 8.5 43.3453
-2.02 8.5 41.3252
-2.02 8.5 45.3653
-2.02 5.22141 44.6513
0 8.5 45.3653
0 8.5 43.3453
1.57314e-07 6.12037 43.3785
-1.32589e-06 5.22139 44.6513
1.59676e-06 6.83301 41.481
0 8.5 41.3252
-2.02041 8.46508 39.2831
-2.02 8.05077 37.2938
-2.02 6.94674 39.2128
2.89681e-06 6.94674 39.2128
-0.000412155 8.46723 39.283
1.60903e-06 8.05088 37.2937
2 8.08 39.3053
2 8.08 41.3252
2 8.08 43.3453
2 8.08 45.3653
2 6.06 45.3653
2 2.02 31.2252
2 2.02 33.2452
2 4.04 31.2252
2 4.04 33.2452
2 6.06 31.2252
2 6.06 33.2452
2 8.08 31.2252
2 6.06 35.2653
-8 10.1 31.2252
-6.06 10.1 32
-4.04 10.1 32
-8 12.12 31.2252
-6.06 12.12 32
-4.04 12.12 32
-2.02 10.1 32
0 10.1 32
-2.02 12.12 32
0 12.12 32
-8 14.14 31.2252
-6.0602 14.1807 31.9909
-4.0402 14.1807 31.9914
-8 16.16 31.2252
-6.06011 16.2974 31.4946
-4.04011 16.2978 31.4952
-2.0202 14.1807 31.9919
-0.000197649 14.1808 31.9925
-2.01988 16.2763 31.5057
0.000118838 16.276 31.5049
2 10.1 31.2252
2.01933 11.9556 31.5986
4.03932 11.9542 31.6017
4.03939 10.4985 30.7361
6.06052 11.9758 31.6088
6.05939 10.4998 30.7346
8 12.12 31.2252
2.0198 14.1808 31.993
4.0398 14.1808 31.9935
2.02012 16.2757 31.5042
4.04012 16.2754 31.5035
6.06022 14.1946 31.9925
8 14.14 31.2252
6.06012 16.2751 31.5028
8 16.16 31.2252
-6.06036 17.6474 30.6145
-4.04036 17.6468 30.6138
-2.02036 17.6462 30.6131
-0.000365356 17.6456 30.6124
2.01963 17.645 30.6117
4.03963 17.6444 30.611
6.05963 17.6438 30.6104
-6.06 -8.5 47.3852
-8 -8.08 47.3852
-8 -6.06 47.3852
-5.68338 -8.07978 49.336
-7.95473 -8.08 49.3854
-7.95473 -6.06 49.3854
-5.50804 -6.05996 47.6341
-5.68454 -6.05978 49.3362
-4.6743 -8.08048 46.5745
-4.67488 -6.06048 46.5738
-8 -4.04 47.3852
-7.95473 -4.04 49.3854
-5.50814 -4.03995 47.634
-5.6857 -4.03978 49.3364
-4.68741 -4.04112 46.5818
-6.06 -8.5 51.4252
-7.41384 -8.08 51.0856
-7.41384 -6.06 51.0856
-6.78341 -6.06 52.0116
-5.7269 -8.08 52.9328
-5.7269 -6.06 52.9328
-3.99024 -8.07994 51.3145
-4.08889 -6.06 53.6276
-4.08889 -8.08 53.6276
-3.99263 -6.06004 51.3128
-5.33802 -8.08097 50.1888
-5.33913 -6.06097 50.1894
-7.41384 -4.04 51.0856
-6.78341 -4.04 52.0116
-5.7269 -4.04 52.9328
-4.08889 -4.04 53.6276
-3.99237 -4.04004 51.3122
-5.34023 -4.04097 50.1901
-2.05003 -8.07996 51.3291
-1.98827 -8.08 53.6452
-1.98827 -6.06 53.6452
-2.04981 -6.05996 51.3298
-0.315281 -8.08 52.9602
-0.315281 -6.06 52.9602
0 -8.5 51.4252
-0.317413 -6.05981 49.3469
-0.318575 -8.07981 49.3467
-0.677995 -8.081 50.2153
-0.676891 -6.061 50.216
-1.98827 -4.04 53.6452
-2.05514 -4.04001 51.3323
-0.315281 -4.04 52.9602
0.759617 -4.04 52.041
0.759617 -6.06 52.041
-0.31625 -4.03981 49.3471
-0.726483 -4.03908 50.2925
-1.36284 -8.08083 46.5453
-1.36186 -6.06084 46.5441
-0.502083 -6.05996 47.6116
0 -8.5 47.3852
-0.501966 -4.03996 47.6115
-1.39868 -4.03986 46.5158
-8 -2.02 47.3852
-6.06175 -2.46484 46.5448
-7.95473 -2.02 49.3854
-5.50828 -2.01995 47.6339
-5.68977 -2.02 49.3208
-4.81501 -2.06997 46.6852
-6.06 -0.75 47.3852
-6.06 -0.75 49.4053
-7.41384 -2.02 51.0856
-6.78341 -2.02 52.0116
-5.7269 -2.02 52.9328
-4.08889 -2.02 53.6276
-3.99212 -2.02004 51.3116
-5.29173 -2.01911 50.2639
-6.06 -0.75 51.4252
-4.04 -0.75 51.4252
-4.04 -0.75 53.4453
-1.98827 -2.02 53.6452
-2.05883 -2.02003 51.3331
-0.315281 -2.02 52.9602
0.759617 -2.02 52.041
-0.310665 -2.02016 49.3225
-0.727463 -2.01908 50.2919
-2.02 -0.75 53.4453
-2.02 -0.75 51.4252
0 0.75 51.4252
0 0.75 49.4053
-0.501834 -2.01996 47.6114
-1.18952 -2.08486 46.6809
0.0068858 -2.43624 46.5546
2 -8.08 47.3852
2 -6.06 47.3852
1.95326 -8.08 49.3947
1.95326 -6.06 49.3947
2 -4.04 47.3852
1.95326 -4.04 49.3947
1.40146 -8.08 51.1099
1.40146 -6.06 51.1099
1.40146 -4.04 51.1099
2 -2.02 47.3852
1.95326 -2.02 49.3947
0 -0.75 47.3852
1.40146 -2.02 51.1099
-8 2.02 47.3852
-6.06306 2.4655 46.5467
-5.50763 2.0192 47.6302
-5.68522 2.01921 49.3351
-7.95473 2.02 49.3854
-8 4.04 47.3852
-6.06 4.20977 45.5826
-7.95473 4.04 49.3854
-5.50644 3 47.6307
-5.0492 4.04042 49.1854
-4.26748 4.03959 47.0814
-4.4848 2.75068 46.436
-4.80905 2.09363 46.6792
-7.41384 2.02 51.0856
-6.78341 2.02 52.0116
-5.7269 2.02 52.9328
-4.08889 2.02 53.6276
-5.33686 2.02326 50.1943
-3.99308 2.01994 51.3142
-7.41384 4.04 51.0856
-6.78341 4.04 52.0116
-5.7269 4.04 52.9328
-4.08889 4.04 53.6276
-3.76922 4.04056 50.6992
-4.80223 4.03917 49.8215
-1.98827 2.02 53.6452
-2.05165 2.02013 51.3289
-0.315281 2.02 52.9602
0.759617 2.02 52.041
-0.744548 2.01627 50.3192
-0.315448 2.01995 49.3387
-1.98827 4.04 53.6452
-2.28345 4.04055 50.7188
-0.315281 4.04 52.9602
0.759617 4.04 52.041
-0.953499 4.0404 49.1978
-1.28498 4.039 49.9555
-0.502221 2.01927 47.6079
-1.19825 2.11128 46.6732
-1.52981 2.77365 46.4264
0.00288169 2.46547 46.5466
-1.77097 4.03955 47.0526
-0.540488 3.02359 47.6249
3.25741e-07 4.20978 45.5826
-8 6.06 47.3852
-7.95473 6.06 49.3854
-4.26879 6.05959 47.0796
-4.77923 6.0611 49.8583
-4.04 4.20977 45.5826
-8 8.08 47.3852
-6.06 8.5 47.3852
-7.95473 8.08 49.3854
-6.06 8.5 49.4053
-4.28702 8.08052 47.096
-4.77704 8.0811 49.8569
-7.41384 6.06 51.0856
-6.78341 6.06 52.0116
-5.7269 6.06 52.9328
-4.08889 6.06 53.6276
-3.74544 6.05925 50.7096
-7.41384 8.08 51.0856
-6.06 8.5 51.4252
-5.7269 8.08 52.9328
-4.04 8.5 51.4252
-4.08889 8.08 53.6276
-1.98827 6.06 53.6452
-2.28294 6.06055 50.7202
-0.315281 6.06 52.9602
0.759617 6.06 52.041
-0.951414 6.06005 49.1921
-1.23714 6.06117 49.885
-1.98827 8.08 53.6452
-2.02 8.5 51.4252
-0.315281 8.08 52.9602
0 8.5 51.4252
0 8.5 49.4053
-1.23933 8.08116 49.8836
-2.02 4.20978 45.5826
-1.76965 6.05955 47.0508
-1.10696 6.0587 47.8437
-1.80166 8.08053 47.029
0 8.5 47.3852
2 2.02 47.3852
1.95326 2.02 49.3947
2 4.04 47.3852
1.95326 4.04 49.3947
1.40146 2.02 51.1099
1.40146 4.04 51.1099
2 6.06 47.3852
1.95326 6.06 49.3947
2 8.08 47.3852
1.95326 8.08 49.3947
1.40146 6.06 51.1099
1.40146 8.08 51.1099
-2.02 -8.08 21
-2.02 -10.1 21
-2.02 -4.04 21
-2.02 -6.06 21
-2.02 0 21
-2.02 -2.02 21
-2.02 4.04 21
-2.02 2.02 21
-2.02 8.08 21
-2.02 6.06 21
-2.02 10.1 21

3 0 1 2  0.217 0.92 0.92 
3 1 3 2  0.217 0.92 0.92 
3 4 5 2  0.217 0.92 0.92 
3 5 0 2  0.217 0.92 0.92 
4 3 6 7 2  0.217 0.92 0.92 
4 4 2 7 8  0.217 0.92 0.92 
4 6 9 10 7  0.217 0.92 0.92 
4 8 7 10 11  0.217 0.92 0.92 
3 12 13 10  0.217 0.92 0.92 
3 13 11 10  0.217 0.92 0.92 
3 9 14 10  0.217 0.92 0.92 
3 14 12 10  0.217 0.92 0.92 
3 15 16 17  0.217 0.92 0.92 
3 16 18 17  0.217 0.92 0.92 
3 19 20 17  0.217 0.92 0.92 
3 20 15 17  0.217 0.92 0.92 
4 18 21 22 17  0.217 0.92 0.92 
4 19 17 22 23  0.217 0.92 0.92 
3 24 20 25  0.217 0.92 0.92 
3 20 19 25  0.217 0.92 0.92 
3 3 1 25  0.217 0.92 0.92 
3 1 24 25  0.217 0.92 0.92 
4 1 0 26 24  0.217 0.92 0.92 
4 19 23 27 25  0.217 0.92 0.92 
4 3 25 27 6  0.217 0.92 0.92 
4 20 24 28 15  0.217 0.92 0.92 
4 15 28 29 30  0.217 0.92 0.92 
4 24 26 31 28  0.217 0.92 0.92 
4 28 31 32 29  0.217 0.92 0.92 
4 29 32 33 34  0.217 0.92 0.92 
4 30 29 34 35  0.217 0.92 0.92 
4 23 36 37 27  0.217 0.92 0.92 
4 6 27 37 9  0.217 0.92 0.92 
4 12 14 38 39  0.217 0.92 0.92 
3 38 14 37  0.217 0.92 0.92 
3 14 9 37  0.217 0.92 0.92 
3 36 40 37  0.217 0.92 0.92 
3 40 38 37  0.217 0.92 0.92 
4 35 34 41 42  0.217 0.92 0.92 
4 34 33 43 41  0.217 0.92 0.92 
4 39 38 44 45  0.217 0.92 0.92 
4 41 43 45 44  0.217 0.92 0.92 
4 38 40 46 44  0.217 0.92 0.92 
4 42 41 44 46  0.217 0.92 0.92 
4 21 47 48 22  0.217 0.92 0.92 
4 23 22 48 36  0.217 0.92 0.92 
3 46 40 48  0.217 0.92 0.92 
3 40 36 48  0.217 0.92 0.92 
3 47 49 48  0.217 0.92 0.92 
3 49 46 48  0.217 0.92 0.92 
3 50 51 52  0.217 0.92 0.92 
3 51 53 52  0.217 0.92 0.92 
3 53 51 16  0.217 0.92 0.92 
3 51 18 16  0.217 0.92 0.92 
4 53 16 15 54  0.217 0.92 0.92 
3 30 54 15  0.217 0.92 0.92 
4 30 35 55 54  0.217 0.92 0.92 
4 53 54 55 56  0.217 0.92 0.92 
4 21 18 51 57  0.217 0.92 0.92 
4 58 57 51 50  0.217 0.92 0.92 
4 59 60 52 53  0.217 0.92 0.92 
4 61 50 52 60  0.217 0.92 0.92 
4 53 56 62 59  0.217 0.92 0.92 
4 58 50 61 63  0.217 0.92 0.92 
4 47 21 57 64  0.217 0.92 0.92 
4 65 64 57 58  0.217 0.92 0.92 
4 35 42 66 55  0.217 0.92 0.92 
4 56 55 66 67  0.217 0.92 0.92 
4 66 46 49 67  0.217 0.92 0.92 
3 42 46 66  0.217 0.92 0.92 
3 47 64 49  0.217 0.92 0.92 
3 64 67 49  0.217 0.92 0.92 
3 67 64 68  0.217 0.92 0.92 
3 64 65 68  0.217 0.92 0.92 
4 56 67 69 62  0.217 0.92 0.92 
4 65 58 63 70  0.217 0.92 0.92 
4 70 71 68 65  0.217 0.92 0.92 
4 71 69 67 68  0.217 0.92 0.92 
3 59 72 60  0.217 0.92 0.92 
3 72 61 60  0.217 0.92 0.92 
3 72 59 73  0.217 0.92 0.92 
3 59 74 73  0.217 0.92 0.92 
4 61 72 75 63  0.217 0.92 0.92 
4 74 59 62 76  0.217 0.92 0.92 
3 72 73 77  0.217 0.92 0.92 
3 74 78 73  0.217 0.92 0.92 
3 78 77 73  0.217 0.92 0.92 
3 79 77 80  0.217 0.92 0.92 
3 77 78 80  0.217 0.92 0.92 
4 74 76 81 78  0.217 0.92 0.92 
4 79 82 83 77  0.217 0.92 0.92 
4 83 75 72 77  0.217 0.92 0.92 
4 84 85 80 78  0.217 0.92 0.92 
4 86 79 80 85  0.217 0.92 0.92 
4 87 86 85 88  0.217 0.92 0.92 
3 88 85 84  0.217 0.92 0.92 
3 89 90 84  0.217 0.92 0.92 
3 90 88 84  0.217 0.92 0.92 
4 86 87 91 92  0.217 0.92 0.92 
4 89 84 93 94  0.217 0.92 0.92 
4 78 81 93 84  0.217 0.92 0.92 
4 79 86 92 82  0.217 0.92 0.92 
4 81 95 96 93  0.217 0.92 0.92 
4 82 92 97 98  0.217 0.92 0.92 
4 92 91 99 97  0.217 0.92 0.92 
4 94 93 96 100  0.217 0.92 0.92 
3 101 102 96  0.217 0.92 0.92 
3 102 100 96  0.217 0.92 0.92 
4 99 101 103 97  0.217 0.92 0.92 
3 103 101 96  0.217 0.92 0.92 
4 97 103 104 98  0.217 0.92 0.92 
4 103 96 95 104  0.217 0.92 0.92 
4 63 75 105 70  0.217 0.92 0.92 
4 76 62 69 106  0.217 0.92 0.92 
3 106 69 107  0.217 0.92 0.92 
3 69 105 107  0.217 0.92 0.92 
3 70 105 71  0.217 0.92 0.92 
3 105 69 71  0.217 0.92 0.92 
4 108 105 75 83  0.217 0.92 0.92 
4 76 106 95 81  0.217 0.92 0.92 
4 82 98 108 83  0.217 0.92 0.92 
3 95 108 104  0.217 0.92 0.92 
3 108 98 104  0.217 0.92 0.92 
3 108 95 107  0.217 0.92 0.92 
3 95 106 107  0.217 0.92 0.92 
3 107 105 108  0.217 0.92 0.92 
3 109 110 111  0.217 0.92 0.92 
3 111 112 109  0.217 0.92 0.92 
3 112 113 109  0.217 0.92 0.92 
3 112 111 114  0.217 0.92 0.92 
3 111 115 114  0.217 0.92 0.92 
4 116 115 111 117  0.217 0.92 0.92 
4 118 113 112 119  0.217 0.92 0.92 
4 120 117 111 110  0.217 0.92 0.92 
3 121 110 122  0.217 0.92 0.92 
3 110 123 122  0.217 0.92 0.92 
3 113 123 109  0.217 0.92 0.92 
3 123 110 109  0.217 0.92 0.92 
4 118 124 123 113  0.217 0.92 0.92 
4 125 120 110 121  0.217 0.92 0.92 
4 112 114 126 127  0.217 0.92 0.92 
4 115 128 126 114  0.217 0.92 0.92 
3 129 130 127  0.217 0.92 0.92 
3 130 131 127  0.217 0.92 0.92 
4 132 129 126 128  0.217 0.92 0.92 
3 126 129 127  0.217 0.92 0.92 
4 133 134 132 128  0.217 0.92 0.92 
4 135 136 127 131  0.217 0.92 0.92 
4 115 116 133 128  0.217 0.92 0.92 
4 112 127 136 119  0.217 0.92 0.92 
4 116 137 138 133  0.217 0.92 0.92 
4 119 136 139 140  0.217 0.92 0.92 
4 138 141 134 133  0.217 0.92 0.92 
4 142 139 136 135  0.217 0.92 0.92 
4 141 138 143 144  0.217 0.92 0.92 
3 144 143 139  0.217 0.92 0.92 
3 142 145 139  0.217 0.92 0.92 
3 145 144 139  0.217 0.92 0.92 
4 139 143 146 140  0.217 0.92 0.92 
4 138 137 146 143  0.217 0.92 0.92 
4 147 148 117 120  0.217 0.92 0.92 
4 137 116 117 148  0.217 0.92 0.92 
4 149 118 119 140  0.217 0.92 0.92 
3 137 148 146  0.217 0.92 0.92 
3 148 140 146  0.217 0.92 0.92 
3 149 140 150  0.217 0.92 0.92 
3 140 148 150  0.217 0.92 0.92 
3 148 147 150  0.217 0.92 0.92 
4 149 151 124 118  0.217 0.92 0.92 
4 152 147 120 125  0.217 0.92 0.92 
3 147 151 150  0.217 0.92 0.92 
3 151 149 150  0.217 0.92 0.92 
3 151 147 153  0.217 0.92 0.92 
3 147 152 153  0.217 0.92 0.92 
4 154 155 122 123  0.217 0.92 0.92 
4 156 121 122 155  0.217 0.92 0.92 
4 123 124 157 154  0.217 0.92 0.92 
4 125 121 156 158  0.217 0.92 0.92 
3 154 159 155  0.217 0.92 0.92 
3 159 156 155  0.217 0.92 0.92 
3 160 159 161  0.217 0.92 0.92 
3 159 154 161  0.217 0.92 0.92 
4 162 163 161 154  0.217 0.92 0.92 
3 164 163 162  0.217 0.92 0.92 
4 154 157 165 162  0.217 0.92 0.92 
4 162 165 166 164  0.217 0.92 0.92 
4 156 159 167 158  0.217 0.92 0.92 
4 160 168 167 159  0.217 0.92 0.92 
4 124 151 169 157  0.217 0.92 0.92 
4 152 125 158 170  0.217 0.92 0.92 
4 170 171 153 152  0.217 0.92 0.92 
4 171 169 151 153  0.217 0.92 0.92 
4 158 167 172 170  0.217 0.92 0.92 
4 168 173 172 167  0.217 0.92 0.92 
4 157 169 174 165  0.217 0.92 0.92 
4 165 174 175 166  0.217 0.92 0.92 
4 176 174 169 177  0.217 0.92 0.92 
3 175 174 176  0.217 0.92 0.92 
3 169 172 177  0.217 0.92 0.92 
3 172 173 177  0.217 0.92 0.92 
3 170 172 171  0.217 0.92 0.92 
3 172 169 171  0.217 0.92 0.92 
3 163 178 179  0.217 0.92 0.92 
3 178 180 179  0.217 0.92 0.92 
3 160 161 179  0.217 0.92 0.92 
3 161 163 179  0.217 0.92 0.92 
4 168 160 179 181  0.217 0.92 0.92 
4 182 181 179 180  0.217 0.92 0.92 
4 163 164 183 184  0.217 0.92 0.92 
4 163 184 185 178  0.217 0.92 0.92 
4 184 183 186 187  0.217 0.92 0.92 
4 184 187 188 185  0.217 0.92 0.92 
4 183 189 190 186  0.217 0.92 0.92 
4 164 166 189 183  0.217 0.92 0.92 
3 185 191 192  0.217 0.92 0.92 
3 191 193 192  0.217 0.92 0.92 
3 180 178 192  0.217 0.92 0.92 
3 178 185 192  0.217 0.92 0.92 
4 185 188 194 191  0.217 0.92 0.92 
4 182 180 192 195  0.217 0.92 0.92 
4 196 195 192 193  0.217 0.92 0.92 
4 166 175 197 189  0.217 0.92 0.92 
4 189 197 198 190  0.217 0.92 0.92 
4 197 199 200 198  0.217 0.92 0.92 
4 200 199 201 202  0.217 0.92 0.92 
4 175 176 199 197  0.217 0.92 0.92 
4 199 176 203 201  0.217 0.92 0.92 
4 204 182 195 205  0.217 0.92 0.92 
4 206 205 195 196  0.217 0.92 0.92 
4 202 201 207 208  0.217 0.92 0.92 
3 201 203 205  0.217 0.92 0.92 
3 203 204 205  0.217 0.92 0.92 
3 206 207 205  0.217 0.92 0.92 
3 207 201 205  0.217 0.92 0.92 
4 173 168 181 209  0.217 0.92 0.92 
4 204 209 181 182  0.217 0.92 0.92 
3 176 177 209  0.217 0.92 0.92 
3 177 173 209  0.217 0.92 0.92 
3 204 203 209  0.217 0.92 0.92 
3 203 176 209  0.217 0.92 0.92 
3 194 210 211  0.217 0.92 0.92 
3 210 212 211  0.217 0.92 0.92 
3 193 191 211  0.217 0.92 0.92 
3 191 194 211  0.217 0.92 0.92 
4 196 193 211 213  0.217 0.92 0.92 
4 214 213 211 212  0.217 0.92 0.92 
4 206 196 213 215  0.217 0.92 0.92 
4 216 215 213 214  0.217 0.92 0.92 
3 208 207 215  0.217 0.92 0.92 
3 207 206 215  0.217 0.92 0.92 
3 216 217 215  0.217 0.92 0.92 
3 217 208 215  0.217 0.92 0.92 
3 218 219 220  0.217 0.92 0.92 
3 219 221 220  0.217 0.92 0.92 
3 222 223 220  0.217 0.92 0.92 
3 223 218 220  0.217 0.92 0.92 
4 224 222 220 225  0.217 0.92 0.92 
4 226 225 220 221  0.217 0.92 0.92 
4 218 223 227 228  0.217 0.92 0.92 
3 227 223 229  0.217 0.92 0.92 
3 223 222 229  0.217 0.92 0.92 
3 230 231 229  0.217 0.92 0.92 
3 231 227 229  0.217 0.92 0.92 
4 232 230 229 233  0.217 0.92 0.92 
4 224 233 229 222  0.217 0.92 0.92 
4 234 224 225 235  0.217 0.92 0.92 
4 236 235 225 226  0.217 0.92 0.92 
3 237 238 235  0.217 0.92 0.92 
3 238 234 235  0.217 0.92 0.92 
3 236 239 235  0.217 0.92 0.92 
3 239 237 235  0.217 0.92 0.92 
4 240 232 233 241  0.217 0.92 0.92 
4 234 241 233 224  0.217 0.92 0.92 
3 242 243 241  0.217 0.92 0.92 
3 243 240 241  0.217 0.92 0.92 
3 234 238 241  0.217 0.92 0.92 
3 238 242 241  0.217 0.92 0.92 
4 238 237 244 242  0.217 0.92 0.92 
4 245 246 5 247  0.217 0.92 0.92 
3 4 247 5  0.217 0.92 0.92 
3 248 246 245  0.217 0.92 0.92 
3 249 250 245  0.217 0.92 0.92 
3 250 248 245  0.217 0.92 0.92 
4 249 245 251 252  0.217 0.92 0.92 
4 247 253 251 245  0.217 0.92 0.92 
4 253 247 4 8  0.217 0.92 0.92 
4 5 246 254 0  0.217 0.92 0.92 
4 246 248 255 254  0.217 0.92 0.92 
3 248 250 256  0.217 0.92 0.92 
3 250 249 256  0.217 0.92 0.92 
3 257 258 256  0.217 0.92 0.92 
3 258 248 256  0.217 0.92 0.92 
4 259 257 256 260  0.217 0.92 0.92 
4 252 260 256 249  0.217 0.92 0.92 
4 248 258 261 255  0.217 0.92 0.92 
4 258 257 262 261  0.217 0.92 0.92 
4 257 259 263 262  0.217 0.92 0.92 
4 264 259 260 265  0.217 0.92 0.92 
4 266 265 260 252  0.217 0.92 0.92 
3 267 268 265  0.217 0.92 0.92 
3 268 264 265  0.217 0.92 0.92 
3 266 269 265  0.217 0.92 0.92 
3 269 267 265  0.217 0.92 0.92 
4 259 264 270 263  0.217 0.92 0.92 
4 264 268 271 270  0.217 0.92 0.92 
4 268 267 272 271  0.217 0.92 0.92 
4 253 273 274 251  0.217 0.92 0.92 
4 273 253 8 11  0.217 0.92 0.92 
4 252 251 274 266  0.217 0.92 0.92 
3 267 269 274  0.217 0.92 0.92 
3 269 266 274  0.217 0.92 0.92 
3 275 267 274  0.217 0.92 0.92 
4 275 274 273 13  0.217 0.92 0.92 
3 11 13 273  0.217 0.92 0.92 
4 267 275 276 272  0.217 0.92 0.92 
4 275 13 12 276  0.217 0.92 0.92 
4 0 254 277 26  0.217 0.92 0.92 
4 254 255 278 277  0.217 0.92 0.92 
4 26 277 279 31  0.217 0.92 0.92 
4 277 278 280 279  0.217 0.92 0.92 
4 255 261 281 278  0.217 0.92 0.92 
4 261 262 221 219  0.217 0.92 0.92 
4 261 219 218 281  0.217 0.92 0.92 
4 262 263 226 221  0.217 0.92 0.92 
4 278 281 282 280  0.217 0.92 0.92 
4 281 218 228 282  0.217 0.92 0.92 
4 263 270 236 226  0.217 0.92 0.92 
4 270 271 239 236  0.217 0.92 0.92 
4 239 271 283 237  0.217 0.92 0.92 
4 271 272 284 283  0.217 0.92 0.92 
4 237 283 285 244  0.217 0.92 0.92 
4 283 284 286 285  0.217 0.92 0.92 
4 272 276 287 284  0.217 0.92 0.92 
4 276 12 39 287  0.217 0.92 0.92 
4 284 287 288 286  0.217 0.92 0.92 
4 287 39 45 288  0.217 0.92 0.92 
4 228 227 289 290  0.217 0.92 0.92 
4 227 231 291 289  0.217 0.92 0.92 
4 290 289 292 293  0.217 0.92 0.92 
4 289 291 294 292  0.217 0.92 0.92 
4 231 230 295 296  0.217 0.92 0.92 
4 231 296 297 291  0.217 0.92 0.92 
3 297 296 298  0.217 0.92 0.92 
3 296 295 298  0.217 0.92 0.92 
3 299 300 298  0.217 0.92 0.92 
3 300 297 298  0.217 0.92 0.92 
4 301 299 298 302  0.217 0.92 0.92 
4 303 302 298 295  0.217 0.92 0.92 
4 230 232 303 295  0.217 0.92 0.92 
4 291 297 304 294  0.217 0.92 0.92 
4 297 300 305 304  0.217 0.92 0.92 
4 232 240 306 303  0.217 0.92 0.92 
4 307 301 302 308  0.217 0.92 0.92 
4 306 308 302 303  0.217 0.92 0.92 
3 309 310 308  0.217 0.92 0.92 
3 310 307 308  0.217 0.92 0.92 
3 306 311 308  0.217 0.92 0.92 
3 311 309 308  0.217 0.92 0.92 
4 240 243 311 306  0.217 0.92 0.92 
4 311 243 312 309  0.217 0.92 0.92 
4 310 309 313 314  0.217 0.92 0.92 
4 309 312 315 313  0.217 0.92 0.92 
4 243 242 316 312  0.217 0.92 0.92 
4 242 244 317 316  0.217 0.92 0.92 
4 312 316 318 315  0.217 0.92 0.92 
4 316 317 319 318  0.217 0.92 0.92 
4 293 292 320 321  0.217 0.92 0.92 
4 292 294 322 320  0.217 0.92 0.92 
4 321 320 323 324  0.217 0.92 0.92 
4 324 323 325 326  0.217 0.92 0.92 
4 320 322 327 323  0.217 0.92 0.92 
4 323 327 328 325  0.217 0.92 0.92 
4 325 328 329 330  0.217 0.92 0.92 
4 326 325 330 331  0.217 0.92 0.92 
4 294 304 332 322  0.217 0.92 0.92 
4 304 305 333 332  0.217 0.92 0.92 
4 322 332 334 327  0.217 0.92 0.92 
4 332 333 335 334  0.217 0.92 0.92 
4 314 313 336 337  0.217 0.92 0.92 
4 313 315 338 336  0.217 0.92 0.92 
4 337 336 339 340  0.217 0.92 0.92 
4 336 338 341 339  0.217 0.92 0.92 
4 315 318 342 338  0.217 0.92 0.92 
4 318 319 343 342  0.217 0.92 0.92 
4 331 330 344 345  0.217 0.92 0.92 
4 330 329 346 344  0.217 0.92 0.92 
4 338 342 347 341  0.217 0.92 0.92 
4 344 346 341 347  0.217 0.92 0.92 
4 342 343 348 347  0.217 0.92 0.92 
4 345 344 347 348  0.217 0.92 0.92 
4 31 279 349 350  0.217 0.92 0.92 
4 32 31 350 351  0.217 0.92 0.92 
4 279 280 352 349  0.217 0.92 0.92 
4 33 32 351 353  0.217 0.92 0.92 
3 349 354 355  0.217 0.92 0.92 
3 351 350 355  0.217 0.92 0.92 
3 350 349 355  0.217 0.92 0.92 
4 349 352 356 354  0.217 0.92 0.92 
4 353 351 355 357  0.217 0.92 0.92 
4 280 282 358 352  0.217 0.92 0.92 
4 282 228 290 358  0.217 0.92 0.92 
4 352 358 359 356  0.217 0.92 0.92 
4 358 290 293 359  0.217 0.92 0.92 
4 244 285 360 317  0.217 0.92 0.92 
4 285 286 361 360  0.217 0.92 0.92 
4 317 360 362 319  0.217 0.92 0.92 
4 360 361 363 362  0.217 0.92 0.92 
4 43 33 353 364  0.217 0.92 0.92 
4 286 288 365 361  0.217 0.92 0.92 
4 288 45 366 365  0.217 0.92 0.92 
4 45 43 364 366  0.217 0.92 0.92 
4 364 353 357 367  0.217 0.92 0.92 
4 361 365 368 363  0.217 0.92 0.92 
3 365 366 367  0.217 0.92 0.92 
3 366 364 367  0.217 0.92 0.92 
3 368 365 367  0.217 0.92 0.92 
3 369 90 355  0.217 0.92 0.92 
3 90 89 355  0.217 0.92 0.92 
3 354 369 355  0.217 0.92 0.92 
4 354 356 370 369  0.217 0.92 0.92 
4 89 94 357 355  0.217 0.92 0.92 
4 90 369 371 88  0.217 0.92 0.92 
4 88 371 372 87  0.217 0.92 0.92 
4 369 370 373 371  0.217 0.92 0.92 
4 371 373 374 372  0.217 0.92 0.92 
4 372 374 375 376  0.217 0.92 0.92 
4 87 372 376 91  0.217 0.92 0.92 
4 356 359 377 370  0.217 0.92 0.92 
4 359 293 321 377  0.217 0.92 0.92 
4 370 377 378 373  0.217 0.92 0.92 
4 373 378 379 374  0.217 0.92 0.92 
4 377 321 324 378  0.217 0.92 0.92 
4 378 324 326 379  0.217 0.92 0.92 
4 379 326 331 380  0.217 0.92 0.92 
4 374 379 380 375  0.217 0.92 0.92 
4 319 362 381 343  0.217 0.92 0.92 
4 362 363 382 381  0.217 0.92 0.92 
4 375 380 383 384  0.217 0.92 0.92 
4 380 331 345 383  0.217 0.92 0.92 
4 343 381 385 348  0.217 0.92 0.92 
4 383 345 348 385  0.217 0.92 0.92 
4 381 382 386 385  0.217 0.92 0.92 
4 384 383 385 386  0.217 0.92 0.92 
4 94 100 367 357  0.217 0.92 0.92 
4 363 368 387 382  0.217 0.92 0.92 
3 387 368 367  0.217 0.92 0.92 
3 100 102 367  0.217 0.92 0.92 
3 102 387 367  0.217 0.92 0.92 
4 91 376 388 99  0.217 0.92 0.92 
4 376 375 384 388  0.217 0.92 0.92 
4 382 387 389 386  0.217 0.92 0.92 
4 388 384 386 389  0.217 0.92 0.92 
4 387 102 101 389  0.217 0.92 0.92 
4 99 388 389 101  0.217 0.92 0.92 
4 390 327 334 391  0.217 0.92 0.92 
3 328 327 390  0.217 0.92 0.92 
3 335 392 391  0.217 0.92 0.92 
3 392 393 391  0.217 0.92 0.92 
3 334 335 391  0.217 0.92 0.92 
4 394 395 391 393  0.217 0.92 0.92 
4 329 328 390 396  0.217 0.92 0.92 
4 390 391 395 396  0.217 0.92 0.92 
4 346 329 396 397  0.217 0.92 0.92 
4 396 395 398 397  0.217 0.92 0.92 
4 399 398 395 394  0.217 0.92 0.92 
3 340 339 398  0.217 0.92 0.92 
3 399 400 398  0.217 0.92 0.92 
3 400 340 398  0.217 0.92 0.92 
4 398 339 341 397  0.217 0.92 0.92 
3 346 397 341  0.217 0.92 0.92 
4 401 402 403 404  0.217 0.92 0.92 
3 405 404 403  0.217 0.92 0.92 
3 406 402 401  0.217 0.92 0.92 
3 407 408 401  0.217 0.92 0.92 
3 408 406 401  0.217 0.92 0.92 
4 407 401 409 410  0.217 0.92 0.92 
4 404 411 409 401  0.217 0.92 0.92 
4 411 404 405 412  0.217 0.92 0.92 
4 411 413 414 409  0.217 0.92 0.92 
4 413 411 412 415  0.217 0.92 0.92 
4 410 409 414 416  0.217 0.92 0.92 
3 417 418 414  0.217 0.92 0.92 
3 418 416 414  0.217 0.92 0.92 
3 419 417 414  0.217 0.92 0.92 
4 419 414 413 420  0.217 0.92 0.92 
3 415 420 413  0.217 0.92 0.92 
4 421 422 423 424  0.217 0.92 0.92 
4 421 424 425 426  0.217 0.92 0.92 
4 424 423 405 403  0.217 0.92 0.92 
4 424 403 427 425  0.217 0.92 0.92 
4 423 428 412 405  0.217 0.92 0.92 
4 422 429 428 423  0.217 0.92 0.92 
4 426 425 430 431  0.217 0.92 0.92 
4 425 427 432 430  0.217 0.92 0.92 
4 403 402 433 427  0.217 0.92 0.92 
4 402 406 434 433  0.217 0.92 0.92 
4 427 433 435 432  0.217 0.92 0.92 
4 433 434 436 435  0.217 0.92 0.92 
4 417 419 437 438  0.217 0.92 0.92 
4 419 420 439 437  0.217 0.92 0.92 
4 438 437 440 441  0.217 0.92 0.92 
4 437 439 442 440  0.217 0.92 0.92 
4 429 443 444 428  0.217 0.92 0.92 
4 428 444 415 412  0.217 0.92 0.92 
4 444 445 420 415  0.217 0.92 0.92 
4 420 445 446 439  0.217 0.92 0.92 
4 443 447 445 444  0.217 0.92 0.92 
4 445 447 448 446  0.217 0.92 0.92 
4 439 446 449 442  0.217 0.92 0.92 
4 446 448 450 449  0.217 0.92 0.92 
4 431 430 451 452  0.217 0.92 0.92 
4 430 432 453 451  0.217 0.92 0.92 
4 452 451 454 455  0.217 0.92 0.92 
4 451 453 456 454  0.217 0.92 0.92 
4 432 435 457 453  0.217 0.92 0.92 
4 435 436 458 457  0.217 0.92 0.92 
4 453 457 459 456  0.217 0.92 0.92 
4 456 459 460 461  0.217 0.92 0.92 
3 457 458 462  0.217 0.92 0.92 
3 458 463 462  0.217 0.92 0.92 
3 460 459 462  0.217 0.92 0.92 
3 459 457 462  0.217 0.92 0.92 
4 464 460 462 465  0.217 0.92 0.92 
4 466 465 462 463  0.217 0.92 0.92 
4 461 460 464 467  0.217 0.92 0.92 
4 441 440 468 469  0.217 0.92 0.92 
4 440 442 470 468  0.217 0.92 0.92 
4 467 464 471 472  0.217 0.92 0.92 
4 471 464 465 473  0.217 0.92 0.92 
4 474 473 465 466  0.217 0.92 0.92 
3 468 475 473  0.217 0.92 0.92 
3 475 471 473  0.217 0.92 0.92 
3 474 469 473  0.217 0.92 0.92 
3 469 468 473  0.217 0.92 0.92 
4 468 470 476 475  0.217 0.92 0.92 
4 472 471 475 476  0.217 0.92 0.92 
4 442 449 477 470  0.217 0.92 0.92 
4 449 450 478 477  0.217 0.92 0.92 
4 470 477 479 476  0.217 0.92 0.92 
4 477 478 480 479  0.217 0.92 0.92 
4 129 132 481 482  0.217 0.92 0.92 
4 129 482 483 130  0.217 0.92 0.92 
4 482 481 484 485  0.217 0.92 0.92 
4 482 485 486 483  0.217 0.92 0.92 
4 481 487 488 484  0.217 0.92 0.92 
4 132 134 487 481  0.217 0.92 0.92 
3 483 489 490  0.217 0.92 0.92 
3 131 130 490  0.217 0.92 0.92 
3 130 483 490  0.217 0.92 0.92 
4 483 486 491 489  0.217 0.92 0.92 
4 135 131 490 492  0.217 0.92 0.92 
4 485 484 493 494  0.217 0.92 0.92 
4 485 494 495 486  0.217 0.92 0.92 
4 494 493 422 421  0.217 0.92 0.92 
4 494 421 426 495  0.217 0.92 0.92 
4 493 496 429 422  0.217 0.92 0.92 
4 484 488 496 493  0.217 0.92 0.92 
4 486 495 497 491  0.217 0.92 0.92 
4 495 426 431 497  0.217 0.92 0.92 
4 488 498 499 496  0.217 0.92 0.92 
4 496 499 443 429  0.217 0.92 0.92 
4 499 500 447 443  0.217 0.92 0.92 
4 447 500 501 448  0.217 0.92 0.92 
4 498 502 500 499  0.217 0.92 0.92 
4 500 502 503 501  0.217 0.92 0.92 
4 448 501 504 450  0.217 0.92 0.92 
4 501 503 505 504  0.217 0.92 0.92 
4 134 141 506 487  0.217 0.92 0.92 
4 487 506 498 488  0.217 0.92 0.92 
4 506 507 502 498  0.217 0.92 0.92 
4 502 507 508 503  0.217 0.92 0.92 
4 141 144 507 506  0.217 0.92 0.92 
4 507 144 145 508  0.217 0.92 0.92 
4 142 135 492 509  0.217 0.92 0.92 
4 503 508 510 505  0.217 0.92 0.92 
3 508 145 509  0.217 0.92 0.92 
3 145 142 509  0.217 0.92 0.92 
3 510 508 509  0.217 0.92 0.92 
3 511 512 490  0.217 0.92 0.92 
3 512 513 490  0.217 0.92 0.92 
3 489 511 490  0.217 0.92 0.92 
4 489 491 514 511  0.217 0.92 0.92 
4 513 515 492 490  0.217 0.92 0.92 
4 512 511 516 187  0.217 0.92 0.92 
4 513 512 187 186  0.217 0.92 0.92 
4 511 514 517 516  0.217 0.92 0.92 
4 515 513 186 190  0.217 0.92 0.92 
4 491 497 518 514  0.217 0.92 0.92 
4 497 431 452 518  0.217 0.92 0.92 
4 514 518 519 517  0.217 0.92 0.92 
4 518 452 455 519  0.217 0.92 0.92 
4 450 504 520 478  0.217 0.92 0.92 
4 504 505 521 520  0.217 0.92 0.92 
4 478 520 522 480  0.217 0.92 0.92 
4 520 521 523 522  0.217 0.92 0.92 
4 515 524 509 492  0.217 0.92 0.92 
4 505 510 525 521  0.217 0.92 0.92 
3 525 510 509  0.217 0.92 0.92 
3 524 526 509  0.217 0.92 0.92 
3 526 525 509  0.217 0.92 0.92 
4 524 515 190 198  0.217 0.92 0.92 
4 521 525 527 523  0.217 0.92 0.92 
4 525 526 200 527  0.217 0.92 0.92 
4 526 524 198 200  0.217 0.92 0.92 
4 455 454 528 529  0.217 0.92 0.92 
3 454 456 530  0.217 0.92 0.92 
3 456 461 530  0.217 0.92 0.92 
3 531 528 530  0.217 0.92 0.92 
3 528 454 530  0.217 0.92 0.92 
4 532 531 530 533  0.217 0.92 0.92 
4 467 533 530 461  0.217 0.92 0.92 
3 529 528 534  0.217 0.92 0.92 
3 528 531 534  0.217 0.92 0.92 
3 535 536 534  0.217 0.92 0.92 
3 536 529 534  0.217 0.92 0.92 
4 537 535 534 538  0.217 0.92 0.92 
4 532 538 534 531  0.217 0.92 0.92 
4 539 532 533 540  0.217 0.92 0.92 
4 472 540 533 467  0.217 0.92 0.92 
3 479 541 540  0.217 0.92 0.92 
3 541 539 540  0.217 0.92 0.92 
3 472 476 540  0.217 0.92 0.92 
3 476 479 540  0.217 0.92 0.92 
4 479 480 542 541  0.217 0.92 0.92 
4 543 537 538 544  0.217 0.92 0.92 
4 539 544 538 532  0.217 0.92 0.92 
3 542 545 544  0.217 0.92 0.92 
3 545 543 544  0.217 0.92 0.92 
3 539 541 544  0.217 0.92 0.92 
3 541 542 544  0.217 0.92 0.92 
4 187 516 546 188  0.217 0.92 0.92 
4 516 517 547 546  0.217 0.92 0.92 
4 188 546 548 194  0.217 0.92 0.92 
4 546 547 549 548  0.217 0.92 0.92 
4 517 519 550 547  0.217 0.92 0.92 
4 519 455 529 550  0.217 0.92 0.92 
4 547 550 551 549  0.217 0.92 0.92 
4 550 529 536 551  0.217 0.92 0.92 
4 551 536 535 552  0.217 0.92 0.92 
4 552 535 537 553  0.217 0.92 0.92 
4 480 522 554 542  0.217 0.92 0.92 
4 522 523 555 554  0.217 0.92 0.92 
4 553 537 543 556  0.217 0.92 0.92 
4 542 554 557 545  0.217 0.92 0.92 
4 556 543 545 557  0.217 0.92 0.92 
4 554 555 558 557  0.217 0.92 0.92 
4 523 527 559 555  0.217 0.92 0.92 
4 527 200 202 559  0.217 0.92 0.92 
4 555 559 560 558  0.217 0.92 0.92 
4 559 202 208 560  0.217 0.92 0.92 
4 194 548 561 210  0.217 0.92 0.92 
4 548 549 562 561  0.217 0.92 0.92 
4 563 210 561 564  0.217 0.92 0.92 
3 212 210 563  0.217 0.92 0.92 
3 562 565 564  0.217 0.92 0.92 
3 565 566 564  0.217 0.92 0.92 
3 561 562 564  0.217 0.92 0.92 
4 567 568 564 566  0.217 0.92 0.92 
4 214 212 563 569  0.217 0.92 0.92 
4 563 564 568 569  0.217 0.92 0.92 
4 549 551 570 562  0.217 0.92 0.92 
4 551 552 571 570  0.217 0.92 0.92 
4 552 553 572 571  0.217 0.92 0.92 
3 562 570 573  0.217 0.92 0.92 
3 570 571 573  0.217 0.92 0.92 
3 566 565 573  0.217 0.92 0.92 
3 565 562 573  0.217 0.92 0.92 
4 567 566 573 574  0.217 0.92 0.92 
4 572 574 573 571  0.217 0.92 0.92 
4 553 556 575 572  0.217 0.92 0.92 
4 556 557 576 575  0.217 0.92 0.92 
4 557 558 577 576  0.217 0.92 0.92 
4 578 567 574 579  0.217 0.92 0.92 
4 575 579 574 572  0.217 0.92 0.92 
3 577 580 579  0.217 0.92 0.92 
3 580 578 579  0.217 0.92 0.92 
3 575 576 579  0.217 0.92 0.92 
3 576 577 579  0.217 0.92 0.92 
4 558 560 581 577  0.217 0.92 0.92 
4 560 208 217 581  0.217 0.92 0.92 
4 216 214 569 582  0.217 0.92 0.92 
4 569 568 583 582  0.217 0.92 0.92 
4 578 583 568 567  0.217 0.92 0.92 
3 577 581 583  0.217 0.92 0.92 
3 578 580 583  0.217 0.92 0.92 
3 580 577 583  0.217 0.92 0.92 
4 583 581 217 582  0.217 0.92 0.92 
3 216 582 217  0.217 0.92 0.92 
4 584 585 586 587  0.217 0.92 0.92 
4 584 587 588 589  0.217 0.92 0.92 
4 585 584 589 590  0.217 0.92 0.92 
4 585 591 592 586  0.217 0.92 0.92 
4 591 585 590 593  0.217 0.92 0.92 
4 594 595 596 586  0.217 0.92 0.92 
4 595 597 587 596  0.217 0.92 0.92 
3 594 597 595  0.217 0.92 0.92 
3 586 596 587  0.217 0.92 0.92 
4 587 597 598 588  0.217 0.92 0.92 
4 597 594 599 600  0.217 0.92 0.92 
4 597 600 601 598  0.217 0.92 0.92 
4 594 602 603 599  0.217 0.92 0.92 
4 586 592 602 594  0.217 0.92 0.92 
4 592 604 605 602  0.217 0.92 0.92 
4 602 605 606 603  0.217 0.92 0.92 
4 605 607 608 606  0.217 0.92 0.92 
4 604 609 607 605  0.217 0.92 0.92 
4 591 610 604 592  0.217 0.92 0.92 
4 610 591 593 611  0.217 0.92 0.92 
4 610 612 609 604  0.217 0.92 0.92 
4 612 610 611 613  0.217 0.92 0.92 
4 614 615 616 617  0.217 0.92 0.92 
3 612 618 616  0.217 0.92 0.92 
3 617 616 618  0.217 0.92 0.92 
4 609 612 616 619  0.217 0.92 0.92 
3 615 620 616  0.217 0.92 0.92 
3 619 616 620  0.217 0.92 0.92 
4 621 622 620 615  0.217 0.92 0.92 
4 614 623 621 615  0.217 0.92 0.92 
4 613 624 618 612  0.217 0.92 0.92 
4 619 620 625 626  0.217 0.92 0.92 
4 619 626 607 609  0.217 0.92 0.92 
4 626 625 627 607  0.217 0.92 0.92 
4 620 622 628 625  0.217 0.92 0.92 
4 625 628 629 627  0.217 0.92 0.92 
4 607 627 630 608  0.217 0.92 0.92 
4 627 629 631 630  0.217 0.92 0.92 
4 622 632 633 628  0.217 0.92 0.92 
4 628 633 634 629  0.217 0.92 0.92 
4 635 633 632 636  0.217 0.92 0.92 
3 634 633 635  0.217 0.92 0.92 
4 629 634 637 631  0.217 0.92 0.92 
4 634 635 638 637  0.217 0.92 0.92 
4 638 635 639 640  0.217 0.92 0.92 
4 635 636 641 639  0.217 0.92 0.92 
4 623 642 643 621  0.217 0.92 0.92 
4 643 632 622 621  0.217 0.92 0.92 
3 644 636 632  0.217 0.92 0.92 
3 643 645 632  0.217 0.92 0.92 
3 645 644 632  0.217 0.92 0.92 
4 642 646 645 643  0.217 0.92 0.92 
4 645 646 647 644  0.217 0.92 0.92 
4 636 644 648 641  0.217 0.92 0.92 
4 644 647 649 648  0.217 0.92 0.92 
4 300 299 650 651  0.217 0.92 0.92 
4 300 651 652 305  0.217 0.92 0.92 
3 652 651 653  0.217 0.92 0.92 
3 651 650 653  0.217 0.92 0.92 
3 654 652 653  0.217 0.92 0.92 
4 655 656 653 650  0.217 0.92 0.92 
4 299 301 655 650  0.217 0.92 0.92 
4 657 658 654 653  0.217 0.92 0.92 
3 659 658 657  0.217 0.92 0.92 
4 653 656 660 657  0.217 0.92 0.92 
4 657 660 661 659  0.217 0.92 0.92 
4 656 662 663 660  0.217 0.92 0.92 
4 660 663 664 661  0.217 0.92 0.92 
4 665 663 662 666  0.217 0.92 0.92 
3 664 663 665  0.217 0.92 0.92 
4 301 307 667 655  0.217 0.92 0.92 
4 667 662 656 655  0.217 0.92 0.92 
3 668 666 662  0.217 0.92 0.92 
3 667 669 662  0.217 0.92 0.92 
3 669 668 662  0.217 0.92 0.92 
4 307 310 669 667  0.217 0.92 0.92 
4 669 310 314 668  0.217 0.92 0.92 
4 305 652 670 333  0.217 0.92 0.92 
4 652 654 671 670  0.217 0.92 0.92 
4 333 670 672 335  0.217 0.92 0.92 
4 670 671 673 672  0.217 0.92 0.92 
4 654 658 674 671  0.217 0.92 0.92 
4 658 659 614 617  0.217 0.92 0.92 
4 658 617 618 674  0.217 0.92 0.92 
4 659 661 623 614  0.217 0.92 0.92 
4 671 674 675 673  0.217 0.92 0.92 
4 674 618 624 675  0.217 0.92 0.92 
4 661 664 642 623  0.217 0.92 0.92 
4 664 665 646 642  0.217 0.92 0.92 
4 646 665 676 647  0.217 0.92 0.92 
4 665 666 677 676  0.217 0.92 0.92 
4 647 676 678 649  0.217 0.92 0.92 
4 676 677 679 678  0.217 0.92 0.92 
4 666 668 680 677  0.217 0.92 0.92 
4 668 314 337 680  0.217 0.92 0.92 
4 677 680 681 679  0.217 0.92 0.92 
4 680 337 340 681  0.217 0.92 0.92 
3 682 683 684  0.217 0.92 0.92 
3 683 685 684  0.217 0.92 0.92 
3 590 589 684  0.217 0.92 0.92 
3 589 682 684  0.217 0.92 0.92 
4 589 588 686 682  0.217 0.92 0.92 
4 685 687 688 684  0.217 0.92 0.92 
4 590 684 688 593  0.217 0.92 0.92 
4 683 682 689 690  0.217 0.92 0.92 
4 685 683 690 691  0.217 0.92 0.92 
4 682 686 692 689  0.217 0.92 0.92 
4 687 685 691 693  0.217 0.92 0.92 
4 588 598 694 686  0.217 0.92 0.92 
4 598 601 695 694  0.217 0.92 0.92 
4 686 694 696 692  0.217 0.92 0.92 
4 694 695 697 696  0.217 0.92 0.92 
4 687 698 699 688  0.217 0.92 0.92 
4 593 688 699 611  0.217 0.92 0.92 
4 698 700 624 699  0.217 0.92 0.92 
4 611 699 624 613  0.217 0.92 0.92 
4 698 687 693 701  0.217 0.92 0.92 
4 700 698 701 702  0.217 0.92 0.92 
4 690 689 703 704  0.217 0.92 0.92 
4 691 690 704 705  0.217 0.92 0.92 
4 689 692 706 703  0.217 0.92 0.92 
4 693 691 705 707  0.217 0.92 0.92 
4 704 703 708 709  0.217 0.92 0.92 
4 705 704 709 710  0.217 0.92 0.92 
4 703 706 711 708  0.217 0.92 0.92 
4 707 705 710 712  0.217 0.92 0.92 
4 692 696 713 706  0.217 0.92 0.92 
4 696 697 714 713  0.217 0.92 0.92 
4 706 713 715 711  0.217 0.92 0.92 
4 713 714 716 715  0.217 0.92 0.92 
4 640 639 717 718  0.217 0.92 0.92 
4 639 641 719 717  0.217 0.92 0.92 
4 718 717 720 721  0.217 0.92 0.92 
4 717 719 722 720  0.217 0.92 0.92 
4 641 648 723 719  0.217 0.92 0.92 
4 648 649 724 723  0.217 0.92 0.92 
4 719 723 725 722  0.217 0.92 0.92 
4 723 724 726 725  0.217 0.92 0.92 
4 727 728 729 730  0.217 0.92 0.92 
4 731 732 733 734  0.217 0.92 0.92 
4 730 734 733 727  0.217 0.92 0.92 
4 735 736 737 733  0.217 0.92 0.92 
3 727 733 738  0.217 0.92 0.92 
3 737 738 733  0.217 0.92 0.92 
4 728 727 738 739  0.217 0.92 0.92 
4 740 741 742 743  0.217 0.92 0.92 
4 728 740 743 729  0.217 0.92 0.92 
4 740 728 739 744  0.217 0.92 0.92 
4 741 740 744 745  0.217 0.92 0.92 
4 729 743 746 747  0.217 0.92 0.92 
4 743 742 748 746  0.217 0.92 0.92 
4 721 720 749 750  0.217 0.92 0.92 
4 720 722 751 749  0.217 0.92 0.92 
4 748 752 753 746  0.217 0.92 0.92 
4 752 750 749 753  0.217 0.92 0.92 
3 748 750 752  0.217 0.92 0.92 
4 746 753 754 747  0.217 0.92 0.92 
4 753 749 751 754  0.217 0.92 0.92 
3 747 754 751  0.217 0.92 0.92 
4 755 731 734 756  0.217 0.92 0.92 
4 757 756 734 730  0.217 0.92 0.92 
4 730 729 747 757  0.217 0.92 0.92 
4 722 725 758 751  0.217 0.92 0.92 
4 757 747 751 758  0.217 0.92 0.92 
3 725 726 756  0.217 0.92 0.92 
3 726 755 756  0.217 0.92 0.92 
3 757 758 756  0.217 0.92 0.92 
3 758 725 756  0.217 0.92 0.92 
4 335 672 759 392  0.217 0.92 0.92 
4 392 759 760 393  0.217 0.92 0.92 
4 672 673 761 759  0.217 0.92 0.92 
4 759 761 762 760  0.217 0.92 0.92 
4 760 762 763 764  0.217 0.92 0.92 
4 393 760 764 394  0.217 0.92 0.92 
4 673 675 765 761  0.217 0.92 0.92 
3 700 765 624  0.217 0.92 0.92 
3 675 624 765  0.217 0.92 0.92 
4 766 761 765 767  0.217 0.92 0.92 
3 762 761 766  0.217 0.92 0.92 
4 700 702 768 765  0.217 0.92 0.92 
3 768 767 765  0.217 0.92 0.92 
4 731 769 767 732  0.217 0.92 0.92 
4 763 762 766 770  0.217 0.92 0.92 
4 766 767 769 770  0.217 0.92 0.92 
4 649 678 771 724  0.217 0.92 0.92 
4 678 679 772 771  0.217 0.92 0.92 
4 773 763 770 774  0.217 0.92 0.92 
4 770 769 775 774  0.217 0.92 0.92 
4 755 775 769 731  0.217 0.92 0.92 
3 724 771 775  0.217 0.92 0.92 
3 755 726 775  0.217 0.92 0.92 
3 726 724 775  0.217 0.92 0.92 
4 775 771 772 774  0.217 0.92 0.92 
3 773 774 772  0.217 0.92 0.92 
4 394 764 776 399  0.217 0.92 0.92 
4 764 763 773 776  0.217 0.92 0.92 
4 679 681 777 772  0.217 0.92 0.92 
4 776 773 772 777  0.217 0.92 0.92 
4 681 340 400 777  0.217 0.92 0.92 
4 399 776 777 400  0.217 0.92 0.92 
4 702 735 778 768  0.217 0.92 0.92 
3 768 778 733  0.217 0.92 0.92 
3 778 735 733  0.217 0.92 0.92 
3 732 767 733  0.217 0.92 0.92 
3 767 768 733  0.217 0.92 0.92 
4 709 708 779 780  0.217 0.92 0.92 
4 710 709 780 781  0.217 0.92 0.92 
4 708 711 782 779  0.217 0.92 0.92 
4 712 710 781 783  0.217 0.92 0.92 
4 780 779 784 785  0.217 0.92 0.92 
4 781 780 785 786  0.217 0.92 0.92 
4 779 782 787 784  0.217 0.92 0.92 
4 783 781 786 788  0.217 0.92 0.92 
4 711 715 789 782  0.217 0.92 0.92 
4 715 716 790 789  0.217 0.92 0.92 
4 782 789 791 787  0.217 0.92 0.92 
4 789 790 792 791  0.217 0.92 0.92 
4 785 784 793 794  0.217 0.92 0.92 
4 786 785 794 795  0.217 0.92 0.92 
4 784 787 796 793  0.217 0.92 0.92 
4 788 786 795 797  0.217 0.92 0.92 
4 794 793 798 799  0.217 0.92 0.92 
4 795 794 799 800  0.217 0.92 0.92 
4 793 796 801 798  0.217 0.92 0.92 
4 797 795 800 802  0.217 0.92 0.92 
4 787 791 803 796  0.217 0.92 0.92 
4 791 792 804 803  0.217 0.92 0.92 
4 796 803 805 801  0.217 0.92 0.92 
4 803 804 806 805  0.217 0.92 0.92 
4 738 737 807 808  0.217 0.92 0.92 
4 737 736 809 807  0.217 0.92 0.92 
4 739 738 808 810  0.217 0.92 0.92 
4 808 807 811 812  0.217 0.92 0.92 
4 807 809 813 811  0.217 0.92 0.92 
4 810 808 812 814  0.217 0.92 0.92 
4 744 739 810 815  0.217 0.92 0.92 
4 745 744 815 816  0.217 0.92 0.92 
4 815 810 814 817  0.217 0.92 0.92 
4 816 815 817 818  0.217 0.92 0.92 
4 812 811 819 820  0.217 0.92 0.92 
4 811 813 821 819  0.217 0.92 0.92 
4 814 812 820 822  0.217 0.92 0.92 
4 820 819 823 824  0.217 0.92 0.92 
4 819 821 825 823  0.217 0.92 0.92 
4 822 820 824 826  0.217 0.92 0.92 
4 817 814 822 827  0.217 0.92 0.92 
4 818 817 827 828  0.217 0.92 0.92 
4 827 822 826 829  0.217 0.92 0.92 
4 828 827 829 830  0.217 0.92 0.92 
4 799 798 831 832  0.217 0.92 0.92 
4 800 799 832 833  0.217 0.92 0.92 
4 798 801 834 831  0.217 0.92 0.92 
4 802 800 833 835  0.217 0.92 0.92 
4 832 831 836 837  0.217 0.92 0.92 
4 833 832 837 838  0.217 0.92 0.92 
4 831 834 839 836  0.217 0.92 0.92 
4 835 833 838 840  0.217 0.92 0.92 
4 801 805 841 834  0.217 0.92 0.92 
4 805 806 842 841  0.217 0.92 0.92 
4 834 841 843 839  0.217 0.92 0.92 
4 841 842 844 843  0.217 0.92 0.92 
4 837 836 845 846  0.217 0.92 0.92 
4 838 837 846 847  0.217 0.92 0.92 
4 836 839 848 845  0.217 0.92 0.92 
4 840 838 847 849  0.217 0.92 0.92 
4 846 845 850 851  0.217 0.92 0.92 
4 847 846 851 852  0.217 0.92 0.92 
4 845 848 853 850  0.217 0.92 0.92 
4 849 847 852 854  0.217 0.92 0.92 
4 839 843 855 848  0.217 0.92 0.92 
4 843 844 856 855  0.217 0.92 0.92 
4 848 855 857 853  0.217 0.92 0.92 
4 855 856 858 857  0.217 0.92 0.92 
4 824 823 859 860  0.217 0.92 0.92 
4 823 825 861 859  0.217 0.92 0.92 
4 826 824 860 862  0.217 0.92 0.92 
4 860 859 863 864  0.217 0.92 0.92 
4 859 861 865 863  0.217 0.92 0.92 
4 862 860 864 866  0.217 0.92 0.92 
4 829 826 862 867  0.217 0.92 0.92 
4 830 829 867 868  0.217 0.92 0.92 
4 867 862 866 869  0.217 0.92 0.92 
4 868 867 869 870  0.217 0.92 0.92 
4 864 863 871 872  0.217 0.92 0.92 
4 863 865 873 871  0.217 0.92 0.92 
4 866 864 872 874  0.217 0.92 0.92 
4 872 871 875 876  0.217 0.92 0.92 
4 871 873 877 875  0.217 0.92 0.92 
4 874 872 876 878  0.217 0.92 0.92 
4 869 866 874 879  0.217 0.92 0.92 
4 870 869 879 880  0.217 0.92 0.92 
4 879 874 878 881  0.217 0.92 0.92 
4 880 879 881 882  0.217 0.92 0.92 
4 851 850 883 884  0.217 0.92 0.92 
4 852 851 884 885  0.217 0.92 0.92 
4 850 853 886 883  0.217 0.92 0.92 
4 854 852 885 887  0.217 0.92 0.92 
4 884 883 888 889  0.217 0.92 0.92 
4 885 884 889 890  0.217 0.92 0.92 
4 883 886 891 888  0.217 0.92 0.92 
4 887 885 890 892  0.217 0.92 0.92 
4 853 857 893 886  0.217 0.92 0.92 
4 857 858 894 893  0.217 0.92 0.92 
4 886 893 895 891  0.217 0.92 0.92 
4 893 894 896 895  0.217 0.92 0.92 
4 889 888 897 898  0.217 0.92 0.92 
4 890 889 898 899  0.217 0.92 0.92 
4 888 891 900 897  0.217 0.92 0.92 
4 892 890 899 901  0.217 0.92 0.92 
3 897 902 903  0.217 0.92 0.92 
3 902 904 903  0.217 0.92 0.92 
3 899 898 903  0.217 0.92 0.92 
3 898 897 903  0.217 0.92 0.92 
4 897 900 905 902  0.217 0.92 0.92 
4 901 899 903 906  0.217 0.92 0.92 
4 907 906 903 904  0.217 0.92 0.92 
4 891 895 908 900  0.217 0.92 0.92 
4 895 896 909 908  0.217 0.92 0.92 
4 900 908 910 905  0.217 0.92 0.92 
4 908 909 911 910  0.217 0.92 0.92 
4 912 892 901 913  0.217 0.92 0.92 
4 914 912 913 915  0.217 0.92 0.92 
4 913 901 906 916  0.217 0.92 0.92 
4 917 916 906 907  0.217 0.92 0.92 
4 915 913 916 918  0.217 0.92 0.92 
4 919 918 916 917  0.217 0.92 0.92 
4 877 920 921 875  0.217 0.92 0.92 
3 922 876 921  0.217 0.92 0.92 
3 875 921 876  0.217 0.92 0.92 
4 922 923 878 876  0.217 0.92 0.92 
4 922 924 925 923  0.217 0.92 0.92 
4 926 927 928 921  0.217 0.92 0.92 
4 922 921 928 924  0.217 0.92 0.92 
4 923 929 881 878  0.217 0.92 0.92 
4 929 930 882 881  0.217 0.92 0.92 
4 929 931 932 930  0.217 0.92 0.92 
4 923 925 931 929  0.217 0.92 0.92 
4 925 933 934 931  0.217 0.92 0.92 
4 931 934 935 932  0.217 0.92 0.92 
4 934 936 937 935  0.217 0.92 0.92 
4 937 936 938 939  0.217 0.92 0.92 
4 933 940 936 934  0.217 0.92 0.92 
4 936 940 941 938  0.217 0.92 0.92 
4 927 942 943 928  0.217 0.92 0.92 
4 924 928 943 944  0.217 0.92 0.92 
4 924 944 933 925  0.217 0.92 0.92 
4 944 945 940 933  0.217 0.92 0.92 
4 940 945 946 941  0.217 0.92 0.92 
3 946 945 943  0.217 0.92 0.92 
3 945 944 943  0.217 0.92 0.92 
3 942 947 943  0.217 0.92 0.92 
3 947 946 943  0.217 0.92 0.92 
4 939 938 948 949  0.217 0.92 0.92 
4 938 941 950 948  0.217 0.92 0.92 
4 949 948 951 952  0.217 0.92 0.92 
4 948 950 953 951  0.217 0.92 0.92 
4 941 946 954 950  0.217 0.92 0.92 
4 946 947 955 954  0.217 0.92 0.92 
4 950 954 956 953  0.217 0.92 0.92 
4 954 955 957 956  0.217 0.92 0.92 
3 958 959 921  0.217 0.92 0.92 
3 959 926 921  0.217 0.92 0.92 
4 914 958 960 920  0.217 0.92 0.92 
3 920 960 921  0.217 0.92 0.92 
3 960 958 921  0.217 0.92 0.92 
4 408 407 961 962  0.217 0.92 0.92 
4 408 962 963 406  0.217 0.92 0.92 
4 962 961 964 965  0.217 0.92 0.92 
4 962 965 966 963  0.217 0.92 0.92 
4 961 967 968 964  0.217 0.92 0.92 
4 407 410 967 961  0.217 0.92 0.92 
4 959 969 965 970  0.217 0.92 0.92 
3 964 970 965  0.217 0.92 0.92 
4 914 915 969 958  0.217 0.92 0.92 
3 958 969 959  0.217 0.92 0.92 
4 926 959 971 927  0.217 0.92 0.92 
4 970 972 971 959  0.217 0.92 0.92 
4 972 970 964 968  0.217 0.92 0.92 
4 965 969 973 966  0.217 0.92 0.92 
3 915 918 969  0.217 0.92 0.92 
3 973 969 918  0.217 0.92 0.92 
4 972 974 975 971  0.217 0.92 0.92 
4 974 972 968 976  0.217 0.92 0.92 
4 927 971 975 942  0.217 0.92 0.92 
3 955 947 975  0.217 0.92 0.92 
3 947 942 975  0.217 0.92 0.92 
3 977 955 975  0.217 0.92 0.92 
4 977 975 974 978  0.217 0.92 0.92 
3 976 978 974  0.217 0.92 0.92 
4 955 977 979 957  0.217 0.92 0.92 
4 977 978 980 979  0.217 0.92 0.92 
4 410 416 981 967  0.217 0.92 0.92 
4 967 981 976 968  0.217 0.92 0.92 
4 981 982 978 976  0.217 0.92 0.92 
4 978 982 983 980  0.217 0.92 0.92 
4 416 418 982 981  0.217 0.92 0.92 
4 982 418 417 983  0.217 0.92 0.92 
4 902 905 984 985  0.217 0.92 0.92 
4 904 902 985 986  0.217 0.92 0.92 
4 985 984 987 986  0.217 0.92 0.92 
4 907 904 986 988  0.217 0.92 0.92 
4 986 987 989 988  0.217 0.92 0.92 
4 905 910 990 984  0.217 0.92 0.92 
4 910 911 991 990  0.217 0.92 0.92 
4 990 991 992 993  0.217 0.92 0.92 
4 993 992 994 995  0.217 0.92 0.92 
4 987 993 995 989  0.217 0.92 0.92 
4 987 996 997 993  0.217 0.92 0.92 
4 996 984 990 997  0.217 0.92 0.92 
3 987 984 996  0.217 0.92 0.92 
3 993 997 990  0.217 0.92 0.92 
4 989 995 998 999  0.217 0.92 0.92 
4 995 994 1000 998  0.217 0.92 0.92 
4 998 1000 1001 1002  0.217 0.92 0.92 
4 999 998 1002 1003  0.217 0.92 0.92 
4 917 907 988 1004  0.217 0.92 0.92 
4 988 989 999 1004  0.217 0.92 0.92 
4 919 917 1004 1005  0.217 0.92 0.92 
4 1004 999 1003 1005  0.217 0.92 0.92 
4 1005 1006 918 919  0.217 0.92 0.92 
4 1007 1008 1009 1010  0.217 0.92 0.92 
3 1005 1010 1006  0.217 0.92 0.92 
3 1009 1006 1010  0.217 0.92 0.92 
4 1005 1003 1011 1010  0.217 0.92 0.92 
3 1007 1010 1012  0.217 0.92 0.92 
3 1011 1012 1010  0.217 0.92 0.92 
4 1013 1007 1012 1014  0.217 0.92 0.92 
4 1008 1007 1013 1015  0.217 0.92 0.92 
4 1002 1001 1016 1017  0.217 0.92 0.92 
4 1017 1016 1018 1019  0.217 0.92 0.92 
4 1003 1002 1020 1011  0.217 0.92 0.92 
4 1002 1017 1021 1020  0.217 0.92 0.92 
4 1011 1020 1021 1012  0.217 0.92 0.92 
4 1017 1019 1022 1021  0.217 0.92 0.92 
4 1012 1021 1022 1014  0.217 0.92 0.92 
4 1019 1018 1023 1024  0.217 0.92 0.92 
4 952 951 1025 1026  0.217 0.92 0.92 
4 1024 1023 1026 1025  0.217 0.92 0.92 
4 951 953 1027 1025  0.217 0.92 0.92 
4 1019 1024 1028 1022  0.217 0.92 0.92 
4 1014 1022 1028 1029  0.217 0.92 0.92 
4 1028 1025 1027 1029  0.217 0.92 0.92 
3 1024 1025 1028  0.217 0.92 0.92 
4 953 956 1030 1027  0.217 0.92 0.92 
4 956 957 1031 1030  0.217 0.92 0.92 
4 1015 1013 1032 1033  0.217 0.92 0.92 
4 1032 1013 1014 1029  0.217 0.92 0.92 
3 1030 1034 1029  0.217 0.92 0.92 
3 1034 1032 1029  0.217 0.92 0.92 
3 1027 1030 1029  0.217 0.92 0.92 
4 1030 1031 1035 1034  0.217 0.92 0.92 
4 1033 1032 1034 1035  0.217 0.92 0.92 
4 406 963 1036 434  0.217 0.92 0.92 
4 963 966 1037 1036  0.217 0.92 0.92 
4 434 1036 1038 436  0.217 0.92 0.92 
4 1036 1037 1039 1038  0.217 0.92 0.92 
4 966 973 1040 1037  0.217 0.92 0.92 
4 973 918 1006 1040  0.217 0.92 0.92 
4 1037 1040 1041 1039  0.217 0.92 0.92 
4 1040 1006 1009 1041  0.217 0.92 0.92 
4 1041 1009 1008 1042  0.217 0.92 0.92 
4 1042 1008 1015 1043  0.217 0.92 0.92 
4 957 979 1044 1031  0.217 0.92 0.92 
4 979 980 1045 1044  0.217 0.92 0.92 
4 1043 1015 1033 1046  0.217 0.92 0.92 
4 1031 1044 1047 1035  0.217 0.92 0.92 
4 1046 1033 1035 1047  0.217 0.92 0.92 
4 1044 1045 1048 1047  0.217 0.92 0.92 
4 980 983 1049 1045  0.217 0.92 0.92 
4 983 417 438 1049  0.217 0.92 0.92 
4 1045 1049 1050 1048  0.217 0.92 0.92 
4 1049 438 441 1050  0.217 0.92 0.92 
4 436 1038 1051 458  0.217 0.92 0.92 
4 458 1051 1052 463  0.217 0.92 0.92 
3 1038 1039 1053  0.217 0.92 0.92 
3 1052 1051 1053  0.217 0.92 0.92 
3 1051 1038 1053  0.217 0.92 0.92 
4 1054 1052 1053 1055  0.217 0.92 0.92 
4 463 1052 1054 466  0.217 0.92 0.92 
4 1053 1039 1041 1056  0.217 0.92 0.92 
3 1042 1056 1041  0.217 0.92 0.92 
4 1042 1043 1057 1056  0.217 0.92 0.92 
4 1053 1056 1057 1055  0.217 0.92 0.92 
4 1043 1046 1058 1057  0.217 0.92 0.92 
4 1055 1057 1058 1059  0.217 0.92 0.92 
4 1058 1047 1048 1059  0.217 0.92 0.92 
3 1046 1047 1058  0.217 0.92 0.92 
4 466 1054 1060 474  0.217 0.92 0.92 
4 1060 1054 1055 1059  0.217 0.92 0.92 
3 1050 1061 1059  0.217 0.92 0.92 
3 1061 1060 1059  0.217 0.92 0.92 
3 1048 1050 1059  0.217 0.92 0.92 
4 1050 441 469 1061  0.217 0.92 0.92 
4 474 1060 1061 469  0.217 0.92 0.92 
3 601 600 1062  0.217 0.92 0.92 
3 600 599 1062  0.217 0.92 0.92 
3 1063 1064 1062  0.217 0.92 0.92 
3 1064 601 1062  0.217 0.92 0.92 
4 1065 1063 1062 1066  0.217 0.92 0.92 
4 603 1066 1062 599  0.217 0.92 0.92 
4 1067 1065 1066 1068  0.217 0.92 0.92 
4 606 1068 1066 603  0.217 0.92 0.92 
4 1069 1067 1068 1070  0.217 0.92 0.92 
4 608 1070 1068 606  0.217 0.92 0.92 
4 1071 1069 1070 1072  0.217 0.92 0.92 
4 630 1072 1070 608  0.217 0.92 0.92 
4 1073 1071 1072 1074  0.217 0.92 0.92 
4 631 1074 1072 630  0.217 0.92 0.92 
4 1075 1073 1074 1076  0.217 0.92 0.92 
4 637 1076 1074 631  0.217 0.92 0.92 
3 640 1077 1076  0.217 0.92 0.92 
3 1077 1075 1076  0.217 0.92 0.92 
3 637 638 1076  0.217 0.92 0.92 
3 638 640 1076  0.217 0.92 0.92 
4 601 1064 1078 695  0.217 0.92 0.92 
4 1064 1063 1079 1078  0.217 0.92 0.92 
4 1063 1065 1080 1079  0.217 0.92 0.92 
4 695 1078 1081 697  0.217 0.92 0.92 
4 1078 1079 1082 1081  0.217 0.92 0.92 
4 1079 1080 1083 1082  0.217 0.92 0.92 
4 1065 1067 1084 1080  0.217 0.92 0.92 
4 1067 1069 1085 1084  0.217 0.92 0.92 
4 1080 1084 1086 1083  0.217 0.92 0.92 
4 1084 1085 1087 1086  0.217 0.92 0.92 
4 697 1081 1088 714  0.217 0.92 0.92 
4 1081 1082 1089 1088  0.217 0.92 0.92 
4 1082 1083 1090 1089  0.217 0.92 0.92 
4 714 1088 1091 716  0.217 0.92 0.92 
4 1088 1089 1092 1091  0.217 0.92 0.92 
4 1089 1090 1093 1092  0.217 0.92 0.92 
4 1083 1086 1094 1090  0.217 0.92 0.92 
4 1086 1087 1095 1094  0.217 0.92 0.92 
4 1090 1094 1096 1093  0.217 0.92 0.92 
4 1094 1095 1097 1096  0.217 0.92 0.92 
4 1069 1071 1098 1085  0.217 0.92 0.92 
4 1071 1073 1099 1098  0.217 0.92 0.92 
4 1085 1098 1100 1087  0.217 0.92 0.92 
4 1098 1099 1101 1100  0.217 0.92 0.92 
4 1073 1075 1102 1099  0.217 0.92 0.92 
4 1075 1077 1103 1102  0.217 0.92 0.92 
4 1077 640 718 1103  0.217 0.92 0.92 
4 1099 1102 1104 1101  0.217 0.92 0.92 
4 1102 1103 1105 1104  0.217 0.92 0.92 
4 1103 718 721 1105  0.217 0.92 0.92 
3 1095 1087 1106  0.217 0.92 0.92 
3 1087 1100 1106  0.217 0.92 0.92 
4 742 741 1106 1107  0.217 0.92 0.92 
4 1101 1107 1106 1100  0.217 0.92 0.92 
4 1097 1095 1106 1108  0.217 0.92 0.92 
3 741 745 1106  0.217 0.92 0.92 
3 1108 1106 745  0.217 0.92 0.92 
4 748 742 1107 1109  0.217 0.92 0.92 
4 1104 1109 1107 1101  0.217 0.92 0.92 
3 721 750 1109  0.217 0.92 0.92 
3 750 748 1109  0.217 0.92 0.92 
3 1104 1105 1109  0.217 0.92 0.92 
3 1105 721 1109  0.217 0.92 0.92 
4 716 1091 1110 790  0.217 0.92 0.92 
4 1091 1092 1111 1110  0.217 0.92 0.92 
4 1092 1093 1112 1111  0.217 0.92 0.92 
4 790 1110 1113 792  0.217 0.92 0.92 
4 1110 1111 1114 1115  0.217 0.92 0.92 
4 1110 1115 1116 1113  0.217 0.92 0.92 
4 1111 1112 1117 1114  0.217 0.92 0.92 
4 1118 1119 1115 1120  0.217 0.92 0.92 
3 1114 1120 1115  0.217 0.92 0.92 
3 1121 1119 1122  0.217 0.92 0.92 
3 1122 1119 1118  0.217 0.92 0.92 
4 1123 1124 1122 1118  0.217 0.92 0.92 
4 1125 1121 1122 1124  0.217 0.92 0.92 
4 1120 1126 1123 1118  0.217 0.92 0.92 
4 1126 1120 1114 1117  0.217 0.92 0.92 
3 1115 1119 1127  0.217 0.92 0.92 
3 1119 1121 1127  0.217 0.92 0.92 
3 1128 1116 1127  0.217 0.92 0.92 
3 1116 1115 1127  0.217 0.92 0.92 
4 1129 1128 1127 1130  0.217 0.92 0.92 
4 1125 1130 1127 1121  0.217 0.92 0.92 
4 1126 1131 1132 1123  0.217 0.92 0.92 
4 1131 1126 1117 1133  0.217 0.92 0.92 
4 1132 1134 1124 1123  0.217 0.92 0.92 
4 1135 1125 1124 1134  0.217 0.92 0.92 
4 1136 1137 1134 1132  0.217 0.92 0.92 
4 1138 1135 1134 1137  0.217 0.92 0.92 
4 1131 1139 1136 1132  0.217 0.92 0.92 
4 1139 1131 1133 1140  0.217 0.92 0.92 
4 1141 1129 1130 1142  0.217 0.92 0.92 
4 1135 1142 1130 1125  0.217 0.92 0.92 
4 1143 1141 1142 1144  0.217 0.92 0.92 
4 1138 1144 1142 1135  0.217 0.92 0.92 
4 1093 1096 1145 1112  0.217 0.92 0.92 
4 1096 1097 1146 1145  0.217 0.92 0.92 
4 1112 1145 1133 1117  0.217 0.92 0.92 
4 1145 1146 1140 1133  0.217 0.92 0.92 
4 792 1113 1147 804  0.217 0.92 0.92 
4 1113 1116 1148 1147  0.217 0.92 0.92 
4 1116 1128 1149 1148  0.217 0.92 0.92 
4 1128 1129 1150 1149  0.217 0.92 0.92 
4 804 1147 1151 806  0.217 0.92 0.92 
3 1147 1148 1152  0.217 0.92 0.92 
3 1148 1149 1152  0.217 0.92 0.92 
3 1151 1147 1152  0.217 0.92 0.92 
4 1150 1153 1152 1149  0.217 0.92 0.92 
4 1129 1141 1154 1150  0.217 0.92 0.92 
4 1141 1143 1155 1154  0.217 0.92 0.92 
4 1154 1156 1153 1150  0.217 0.92 0.92 
4 1155 1157 1156 1154  0.217 0.92 0.92 
3 1158 1159 1160  0.217 0.92 0.92 
3 1160 1159 1161  0.217 0.92 0.92 
4 1161 1159 1162 1163  0.217 0.92 0.92 
4 1158 1164 1162 1159  0.217 0.92 0.92 
4 1158 1165 1166 1164  0.217 0.92 0.92 
4 1161 1163 1167 1168  0.217 0.92 0.92 
4 1168 1169 1160 1161  0.217 0.92 0.92 
4 1165 1158 1160 1169  0.217 0.92 0.92 
4 1163 1162 1170 1171  0.217 0.92 0.92 
4 1164 1172 1170 1162  0.217 0.92 0.92 
3 1173 1174 1171  0.217 0.92 0.92 
3 1174 1175 1171  0.217 0.92 0.92 
4 1176 1173 1170 1172  0.217 0.92 0.92 
3 1170 1173 1171  0.217 0.92 0.92 
4 1177 1178 1176 1172  0.217 0.92 0.92 
4 1164 1166 1177 1172  0.217 0.92 0.92 
4 1163 1171 1179 1167  0.217 0.92 0.92 
4 1180 1179 1171 1181  0.217 0.92 0.92 
3 1175 1181 1171  0.217 0.92 0.92 
4 1166 1182 1183 1177  0.217 0.92 0.92 
4 1167 1179 1184 1185  0.217 0.92 0.92 
4 1183 1186 1178 1177  0.217 0.92 0.92 
4 1187 1188 1178 1186  0.217 0.92 0.92 
4 1189 1190 1186 1183  0.217 0.92 0.92 
4 1182 1191 1189 1183  0.217 0.92 0.92 
4 1185 1184 1192 1193  0.217 0.92 0.92 
4 1187 1194 1180 1188  0.217 0.92 0.92 
4 1194 1184 1179 1180  0.217 0.92 0.92 
4 1195 1192 1184 1194  0.217 0.92 0.92 
3 1196 1192 1195  0.217 0.92 0.92 
4 1197 1198 1169 1168  0.217 0.92 0.92 
4 1199 1165 1169 1198  0.217 0.92 0.92 
4 1165 1199 1182 1166  0.217 0.92 0.92 
4 1168 1167 1185 1197  0.217 0.92 0.92 
4 1199 1200 1191 1182  0.217 0.92 0.92 
4 1197 1185 1193 1201  0.217 0.92 0.92 
4 1201 1202 1198 1197  0.217 0.92 0.92 
4 1200 1199 1198 1202  0.217 0.92 0.92 
3 1200 1202 1203  0.217 0.92 0.92 
3 1203 1202 1201  0.217 0.92 0.92 
4 1193 1204 1203 1201  0.217 0.92 0.92 
4 1191 1200 1203 1204  0.217 0.92 0.92 
4 1192 1205 1204 1193  0.217 0.92 0.92 
4 1189 1191 1204 1205  0.217 0.92 0.92 
4 1190 1189 1205 1206  0.217 0.92 0.92 
3 1206 1205 1192  0.217 0.92 0.92 
3 1196 1207 1192  0.217 0.92 0.92 
3 1207 1206 1192  0.217 0.92 0.92 
4 1097 1108 1208 1146  0.217 0.92 0.92 
4 1108 745 816 1208  0.217 0.92 0.92 
4 1208 816 818 1209  0.217 0.92 0.92 
4 1146 1208 1210 1140  0.217 0.92 0.92 
4 1210 1208 1209 1211  0.217 0.92 0.92 
4 1212 1136 1139 1210  0.217 0.92 0.92 
3 1140 1210 1139  0.217 0.92 0.92 
3 1138 1137 1212  0.217 0.92 0.92 
3 1137 1136 1212  0.217 0.92 0.92 
3 1210 1211 1144  0.217 0.92 0.92 
3 1211 1143 1144  0.217 0.92 0.92 
3 1138 1212 1144  0.217 0.92 0.92 
3 1212 1210 1144  0.217 0.92 0.92 
4 1209 818 828 1213  0.217 0.92 0.92 
4 1143 1211 1214 1155  0.217 0.92 0.92 
4 1211 1209 1213 1214  0.217 0.92 0.92 
4 1213 828 830 1215  0.217 0.92 0.92 
3 1213 1215 1157  0.217 0.92 0.92 
3 1155 1214 1157  0.217 0.92 0.92 
3 1214 1213 1157  0.217 0.92 0.92 
4 806 1151 1216 842  0.217 0.92 0.92 
3 1216 1151 1152  0.217 0.92 0.92 
3 1217 1218 1152  0.217 0.92 0.92 
3 1218 1216 1152  0.217 0.92 0.92 
4 1219 1217 1152 1153  0.217 0.92 0.92 
4 842 1216 1220 844  0.217 0.92 0.92 
4 1216 1218 1221 1220  0.217 0.92 0.92 
4 1218 1217 1222 1221  0.217 0.92 0.92 
4 1217 1219 1223 1222  0.217 0.92 0.92 
4 1224 1219 1153 1156  0.217 0.92 0.92 
4 1225 1224 1156 1157  0.217 0.92 0.92 
4 1219 1224 1226 1223  0.217 0.92 0.92 
4 1224 1225 1227 1226  0.217 0.92 0.92 
4 844 1220 1228 856  0.217 0.92 0.92 
4 1220 1221 1229 1228  0.217 0.92 0.92 
4 1228 1229 1230 1231  0.217 0.92 0.92 
4 1231 1230 1232 1233  0.217 0.92 0.92 
4 856 1228 1234 858  0.217 0.92 0.92 
4 1228 1231 1235 1234  0.217 0.92 0.92 
4 1231 1233 1236 1235  0.217 0.92 0.92 
3 1229 1221 1237  0.217 0.92 0.92 
3 1221 1222 1237  0.217 0.92 0.92 
3 1238 1239 1237  0.217 0.92 0.92 
3 1239 1229 1237  0.217 0.92 0.92 
4 1240 1238 1237 1241  0.217 0.92 0.92 
4 1223 1241 1237 1222  0.217 0.92 0.92 
4 1242 1229 1239 1243  0.217 0.92 0.92 
3 1230 1229 1242  0.217 0.92 0.92 
3 1238 1243 1239  0.217 0.92 0.92 
4 1243 1244 1245 1246  0.217 0.92 0.92 
4 1238 1240 1245 1244  0.217 0.92 0.92 
3 1238 1244 1243  0.217 0.92 0.92 
4 1232 1230 1242 1247  0.217 0.92 0.92 
4 1242 1243 1246 1247  0.217 0.92 0.92 
4 1248 1240 1241 1249  0.217 0.92 0.92 
4 1226 1249 1241 1223  0.217 0.92 0.92 
4 1250 1248 1249 1251  0.217 0.92 0.92 
4 1227 1251 1249 1226  0.217 0.92 0.92 
4 1252 1232 1247 1253  0.217 0.92 0.92 
4 1247 1246 1254 1253  0.217 0.92 0.92 
4 1246 1245 1255 1254  0.217 0.92 0.92 
4 1240 1248 1255 1245  0.217 0.92 0.92 
4 1254 1255 1256 1257  0.217 0.92 0.92 
4 1248 1250 1256 1255  0.217 0.92 0.92 
3 1250 1257 1256  0.217 0.92 0.92 
4 1258 1252 1253 1259  0.217 0.92 0.92 
4 1253 1254 1257 1259  0.217 0.92 0.92 
4 1233 1232 1252 1260  0.217 0.92 0.92 
4 1260 1252 1258 1261  0.217 0.92 0.92 
4 1233 1260 1262 1236  0.217 0.92 0.92 
4 1260 1261 1263 1262  0.217 0.92 0.92 
3 1264 1265 1266  0.217 0.92 0.92 
3 1266 1265 1267  0.217 0.92 0.92 
4 1268 1269 1266 1267  0.217 0.92 0.92 
4 1270 1264 1266 1269  0.217 0.92 0.92 
4 1267 1271 1272 1268  0.217 0.92 0.92 
4 1264 1270 1273 1274  0.217 0.92 0.92 
4 1274 1275 1265 1264  0.217 0.92 0.92 
4 1275 1271 1267 1265  0.217 0.92 0.92 
4 1276 1277 1269 1268  0.217 0.92 0.92 
4 1278 1270 1269 1277  0.217 0.92 0.92 
4 1279 1278 1277 1280  0.217 0.92 0.92 
3 1280 1277 1276  0.217 0.92 0.92 
3 1281 1282 1276  0.217 0.92 0.92 
3 1282 1280 1276  0.217 0.92 0.92 
4 1278 1279 1283 1284  0.217 0.92 0.92 
4 1281 1276 1285 1286  0.217 0.92 0.92 
4 1268 1272 1285 1276  0.217 0.92 0.92 
4 1270 1278 1284 1273  0.217 0.92 0.92 
4 1272 1287 1288 1285  0.217 0.92 0.92 
4 1273 1284 1289 1290  0.217 0.92 0.92 
4 1284 1283 1291 1289  0.217 0.92 0.92 
4 1286 1285 1288 1292  0.217 0.92 0.92 
4 1289 1291 1293 1294  0.217 0.92 0.92 
4 1292 1288 1295 1296  0.217 0.92 0.92 
4 1287 1297 1295 1288  0.217 0.92 0.92 
4 1290 1289 1294 1298  0.217 0.92 0.92 
4 1299 1300 1275 1274  0.217 0.92 0.92 
4 1300 1301 1271 1275  0.217 0.92 0.92 
4 1271 1301 1287 1272  0.217 0.92 0.92 
4 1274 1273 1290 1299  0.217 0.92 0.92 
4 1301 1302 1297 1287  0.217 0.92 0.92 
4 1299 1290 1298 1303  0.217 0.92 0.92 
4 1303 1304 1300 1299  0.217 0.92 0.92 
4 1304 1302 1301 1300  0.217 0.92 0.92 
3 1302 1304 1305  0.217 0.92 0.92 
3 1304 1303 1305  0.217 0.92 0.92 
4 1298 1306 1305 1303  0.217 0.92 0.92 
4 1306 1297 1302 1305  0.217 0.92 0.92 
4 1294 1307 1306 1298  0.217 0.92 0.92 
4 1307 1295 1297 1306  0.217 0.92 0.92 
3 1308 1309 1295  0.217 0.92 0.92 
3 1309 1296 1295  0.217 0.92 0.92 
4 1293 1308 1307 1294  0.217 0.92 0.92 
3 1307 1308 1295  0.217 0.92 0.92 
4 1215 830 868 1310  0.217 0.92 0.92 
3 1310 1311 1157  0.217 0.92 0.92 
3 1311 1225 1157  0.217 0.92 0.92 
3 1215 1310 1157  0.217 0.92 0.92 
4 1310 868 870 1312  0.217 0.92 0.92 
4 1225 1311 1313 1227  0.217 0.92 0.92 
4 1311 1310 1312 1313  0.217 0.92 0.92 
4 1312 870 880 1314  0.217 0.92 0.92 
4 1313 1312 1314 1315  0.217 0.92 0.92 
4 1261 1258 1315 1314  0.217 0.92 0.92 
4 1261 1314 1316 1263  0.217 0.92 0.92 
4 1314 880 882 1316  0.217 0.92 0.92 
3 1315 1317 1251  0.217 0.92 0.92 
3 1317 1250 1251  0.217 0.92 0.92 
3 1227 1313 1251  0.217 0.92 0.92 
3 1313 1315 1251  0.217 0.92 0.92 
4 1257 1317 1315 1259  0.217 0.92 0.92 
3 1250 1317 1257  0.217 0.92 0.92 
3 1258 1259 1315  0.217 0.92 0.92 
4 858 1234 1318 894  0.217 0.92 0.92 
4 1234 1235 1319 1318  0.217 0.92 0.92 
4 1235 1236 1320 1319  0.217 0.92 0.92 
4 894 1318 1321 896  0.217 0.92 0.92 
4 1318 1319 1322 1321  0.217 0.92 0.92 
4 1319 1320 1323 1322  0.217 0.92 0.92 
4 1236 1262 1324 1320  0.217 0.92 0.92 
4 1262 1263 1325 1324  0.217 0.92 0.92 
4 1320 1324 1326 1323  0.217 0.92 0.92 
4 1324 1325 1327 1326  0.217 0.92 0.92 
4 896 1321 1328 909  0.217 0.92 0.92 
4 1321 1322 1329 1328  0.217 0.92 0.92 
4 1322 1323 1330 1329  0.217 0.92 0.92 
4 909 1328 1331 911  0.217 0.92 0.92 
4 1328 1329 1332 1331  0.217 0.92 0.92 
4 1329 1330 1333 1332  0.217 0.92 0.92 
4 1323 1326 1334 1330  0.217 0.92 0.92 
4 1326 1327 1335 1334  0.217 0.92 0.92 
4 1330 1334 1336 1333  0.217 0.92 0.92 
4 1334 1335 1337 1336  0.217 0.92 0.92 
4 1325 1263 1316 1338  0.217 0.92 0.92 
3 930 1338 882  0.217 0.92 0.92 
3 1316 882 1338  0.217 0.92 0.92 
3 1327 1325 1338  0.217 0.92 0.92 
3 1339 1327 1338  0.217 0.92 0.92 
4 1340 1339 1338 1341  0.217 0.92 0.92 
4 932 1341 1338 930  0.217 0.92 0.92 
4 1342 1340 1341 1343  0.217 0.92 0.92 
4 935 1343 1341 932  0.217 0.92 0.92 
3 939 1344 1343  0.217 0.92 0.92 
3 1344 1342 1343  0.217 0.92 0.92 
3 935 937 1343  0.217 0.92 0.92 
3 937 939 1343  0.217 0.92 0.92 
4 1327 1339 1345 1335  0.217 0.92 0.92 
4 1339 1340 1346 1345  0.217 0.92 0.92 
4 1335 1345 1347 1337  0.217 0.92 0.92 
4 1345 1346 1348 1347  0.217 0.92 0.92 
4 1340 1342 1349 1346  0.217 0.92 0.92 
4 1342 1344 1350 1349  0.217 0.92 0.92 
4 1344 939 949 1350  0.217 0.92 0.92 
4 1346 1349 1351 1348  0.217 0.92 0.92 
4 1349 1350 1352 1351  0.217 0.92 0.92 
4 1350 949 952 1352  0.217 0.92 0.92 
3 911 1331 1353  0.217 0.92 0.92 
3 1331 1332 1353  0.217 0.92 0.92 
3 992 991 1353  0.217 0.92 0.92 
3 991 911 1353  0.217 0.92 0.92 
4 994 992 1353 1354  0.217 0.92 0.92 
4 1333 1354 1353 1332  0.217 0.92 0.92 
4 1000 994 1354 1355  0.217 0.92 0.92 
4 1336 1355 1354 1333  0.217 0.92 0.92 
4 1001 1000 1355 1356  0.217 0.92 0.92 
4 1337 1356 1355 1336  0.217 0.92 0.92 
4 1016 1001 1356 1357  0.217 0.92 0.92 
4 1347 1357 1356 1337  0.217 0.92 0.92 
4 1018 1016 1357 1358  0.217 0.92 0.92 
4 1348 1358 1357 1347  0.217 0.92 0.92 
4 1023 1018 1358 1359  0.217 0.92 0.92 
4 1351 1359 1358 1348  0.217 0.92 0.92 
3 952 1026 1359  0.217 0.92 0.92 
3 1026 1023 1359  0.217 0.92 0.92 
3 1351 1352 1359  0.217 0.92 0.92 
3 1352 952 1359  0.217 0.92 0.92 
4 1173 1176 1360 1361  0.217 0.92 0.92 
4 1173 1361 1362 1174  0.217 0.92 0.92 
4 1361 1360 1363 1364  0.217 0.92 0.92 
4 1361 1364 1365 1362  0.217 0.92 0.92 
4 1363 1360 1366 1367  0.217 0.92 0.92 
4 1366 1360 1368 1369  0.217 0.92 0.92 
3 1360 1176 1368  0.217 0.92 0.92 
4 1188 1369 1368 1178  0.217 0.92 0.92 
3 1178 1368 1176  0.217 0.92 0.92 
3 1362 1370 1181  0.217 0.92 0.92 
3 1175 1174 1181  0.217 0.92 0.92 
3 1174 1362 1181  0.217 0.92 0.92 
4 1362 1365 1371 1370  0.217 0.92 0.92 
4 1367 1366 1372 1373  0.217 0.92 0.92 
4 1366 1369 1374 1372  0.217 0.92 0.92 
3 1188 1180 1369  0.217 0.92 0.92 
3 1181 1374 1180  0.217 0.92 0.92 
3 1374 1369 1180  0.217 0.92 0.92 
4 1364 1363 1375 1376  0.217 0.92 0.92 
4 1364 1376 1377 1365  0.217 0.92 0.92 
4 1376 1375 1378 1377  0.217 0.92 0.92 
4 1378 1375 1379 1380  0.217 0.92 0.92 
3 1375 1381 1379  0.217 0.92 0.92 
4 1382 1380 1379 1383  0.217 0.92 0.92 
3 1383 1379 1381  0.217 0.92 0.92 
4 1384 1381 1385 1386  0.217 0.92 0.92 
3 1381 1375 1385  0.217 0.92 0.92 
4 1367 1386 1385 1363  0.217 0.92 0.92 
3 1363 1385 1375  0.217 0.92 0.92 
4 1365 1377 1387 1371  0.217 0.92 0.92 
4 1377 1378 1388 1387  0.217 0.92 0.92 
4 1388 1378 1380 1389  0.217 0.92 0.92 
4 1390 1389 1380 1382  0.217 0.92 0.92 
4 1391 1384 1386 1392  0.217 0.92 0.92 
4 1373 1392 1386 1367  0.217 0.92 0.92 
4 1381 1393 1394 1383  0.217 0.92 0.92 
4 1383 1394 1395 1382  0.217 0.92 0.92 
4 1393 1381 1384 1396  0.217 0.92 0.92 
4 1395 1394 1397 1398  0.217 0.92 0.92 
3 1394 1393 1397  0.217 0.92 0.92 
3 1399 1397 1393  0.217 0.92 0.92 
4 1400 1401 1402 1403  0.217 0.92 0.92 
3 1401 1399 1402  0.217 0.92 0.92 
4 1396 1403 1402 1393  0.217 0.92 0.92 
3 1393 1402 1399  0.217 0.92 0.92 
4 1382 1395 1404 1390  0.217 0.92 0.92 
4 1396 1384 1391 1405  0.217 0.92 0.92 
4 1404 1395 1398 1406  0.217 0.92 0.92 
4 1407 1406 1398 1408  0.217 0.92 0.92 
4 1409 1400 1403 1410  0.217 0.92 0.92 
4 1405 1410 1403 1396  0.217 0.92 0.92 
4 1187 1186 1411 1412  0.217 0.92 0.92 
3 1186 1190 1411  0.217 0.92 0.92 
4 1413 1412 1411 1414  0.217 0.92 0.92 
3 1414 1411 1190  0.217 0.92 0.92 
3 1194 1187 1412  0.217 0.92 0.92 
4 1415 1416 1412 1413  0.217 0.92 0.92 
3 1195 1194 1416  0.217 0.92 0.92 
3 1194 1412 1416  0.217 0.92 0.92 
4 1417 1418 1181 1370  0.217 0.92 0.92 
4 1370 1371 1419 1417  0.217 0.92 0.92 
4 1373 1372 1420 1421  0.217 0.92 0.92 
4 1418 1422 1374 1181  0.217 0.92 0.92 
4 1420 1372 1374 1422  0.217 0.92 0.92 
3 1420 1422 1418  0.217 0.92 0.92 
3 1420 1418 1423  0.217 0.92 0.92 
3 1418 1417 1423  0.217 0.92 0.92 
4 1420 1423 1424 1421  0.217 0.92 0.92 
4 1423 1417 1419 1424  0.217 0.92 0.92 
4 1371 1387 1425 1419  0.217 0.92 0.92 
4 1387 1388 1426 1425  0.217 0.92 0.92 
4 1426 1388 1389 1427  0.217 0.92 0.92 
4 1428 1427 1389 1390  0.217 0.92 0.92 
4 1429 1391 1392 1430  0.217 0.92 0.92 
4 1421 1430 1392 1373  0.217 0.92 0.92 
4 1424 1419 1425 1431  0.217 0.92 0.92 
3 1426 1431 1425  0.217 0.92 0.92 
3 1432 1431 1427  0.217 0.92 0.92 
3 1431 1426 1427  0.217 0.92 0.92 
3 1428 1433 1427  0.217 0.92 0.92 
3 1433 1432 1427  0.217 0.92 0.92 
3 1431 1432 1430  0.217 0.92 0.92 
3 1432 1429 1430  0.217 0.92 0.92 
3 1421 1424 1430  0.217 0.92 0.92 
3 1424 1431 1430  0.217 0.92 0.92 
4 1390 1404 1434 1428  0.217 0.92 0.92 
4 1405 1391 1429 1435  0.217 0.92 0.92 
4 1434 1404 1406 1436  0.217 0.92 0.92 
4 1437 1436 1406 1407  0.217 0.92 0.92 
4 1438 1409 1410 1439  0.217 0.92 0.92 
4 1435 1439 1410 1405  0.217 0.92 0.92 
4 1428 1434 1440 1433  0.217 0.92 0.92 
4 1435 1429 1432 1441  0.217 0.92 0.92 
3 1441 1440 1436  0.217 0.92 0.92 
3 1440 1434 1436  0.217 0.92 0.92 
3 1437 1442 1436  0.217 0.92 0.92 
3 1442 1441 1436  0.217 0.92 0.92 
3 1442 1443 1439  0.217 0.92 0.92 
3 1443 1438 1439  0.217 0.92 0.92 
3 1435 1441 1439  0.217 0.92 0.92 
3 1441 1442 1439  0.217 0.92 0.92 
4 1444 1445 1416 1415  0.217 0.92 0.92 
4 1445 1446 1195 1416  0.217 0.92 0.92 
3 1444 1446 1445  0.217 0.92 0.92 
4 1190 1206 1447 1414  0.217 0.92 0.92 
4 1447 1206 1207 1448  0.217 0.92 0.92 
4 1414 1447 1449 1401  0.217 0.92 0.92 
4 1414 1401 1400 1413  0.217 0.92 0.92 
4 1449 1447 1448 1450  0.217 0.92 0.92 
3 1448 1207 1195  0.217 0.92 0.92 
3 1207 1196 1195  0.217 0.92 0.92 
3 1451 1448 1195  0.217 0.92 0.92 
4 1413 1400 1409 1415  0.217 0.92 0.92 
4 1450 1448 1451 1452  0.217 0.92 0.92 
4 1401 1449 1453 1399  0.217 0.92 0.92 
4 1453 1449 1450 1454  0.217 0.92 0.92 
4 1454 1398 1397 1453  0.217 0.92 0.92 
3 1408 1398 1454  0.217 0.92 0.92 
3 1399 1453 1397  0.217 0.92 0.92 
4 1408 1454 1455 1407  0.217 0.92 0.92 
4 1454 1450 1452 1455  0.217 0.92 0.92 
4 1446 1456 1451 1195  0.217 0.92 0.92 
4 1415 1409 1438 1444  0.217 0.92 0.92 
4 1452 1451 1456 1457  0.217 0.92 0.92 
3 1456 1446 1458  0.217 0.92 0.92 
3 1446 1444 1458  0.217 0.92 0.92 
4 1438 1443 1458 1444  0.217 0.92 0.92 
4 1443 1457 1456 1458  0.217 0.92 0.92 
4 1407 1455 1459 1437  0.217 0.92 0.92 
4 1455 1452 1457 1459  0.217 0.92 0.92 
4 1442 1459 1457 1443  0.217 0.92 0.92 
3 1437 1459 1442  0.217 0.92 0.92 
3 1460 1461 1423  0.217 0.92 0.92 
3 1461 1462 1423  0.217 0.92 0.92 
4 1463 1424 1423 1462  0.217 0.92 0.92 
4 1424 1464 1460 1423  0.217 0.92 0.92 
4 1465 1466 1461 1460  0.217 0.92 0.92 
4 1460 1464 1467 1465  0.217 0.92 0.92 
4 1463 1462 1468 1469  0.217 0.92 0.92 
3 1461 1466 1470  0.217 0.92 0.92 
3 1468 1462 1470  0.217 0.92 0.92 
4 1462 1461 1471 1472  0.217 0.92 0.92 
3 1462 1472 1470  0.217 0.92 0.92 
3 1472 1471 1470  0.217 0.92 0.92 
3 1471 1461 1470  0.217 0.92 0.92 
4 1431 1473 1464 1424  0.217 0.92 0.92 
3 1474 1473 1431  0.217 0.92 0.92 
3 1432 1433 1475  0.217 0.92 0.92 
3 1433 1476 1475  0.217 0.92 0.92 
3 1474 1431 1475  0.217 0.92 0.92 
3 1431 1432 1475  0.217 0.92 0.92 
3 1431 1424 1477  0.217 0.92 0.92 
3 1424 1463 1477  0.217 0.92 0.92 
3 1478 1432 1477  0.217 0.92 0.92 
3 1432 1431 1477  0.217 0.92 0.92 
4 1464 1473 1479 1467  0.217 0.92 0.92 
4 1473 1474 1480 1479  0.217 0.92 0.92 
4 1480 1474 1475 1481  0.217 0.92 0.92 
4 1482 1481 1475 1476  0.217 0.92 0.92 
4 1483 1478 1477 1484  0.217 0.92 0.92 
4 1469 1484 1477 1463  0.217 0.92 0.92 
4 1433 1440 1485 1476  0.217 0.92 0.92 
4 1441 1432 1478 1486  0.217 0.92 0.92 
3 1441 1442 1487  0.217 0.92 0.92 
3 1442 1488 1487  0.217 0.92 0.92 
3 1485 1440 1487  0.217 0.92 0.92 
3 1440 1441 1487  0.217 0.92 0.92 
3 1442 1441 1489  0.217 0.92 0.92 
3 1441 1486 1489  0.217 0.92 0.92 
3 1490 1443 1489  0.217 0.92 0.92 
3 1443 1442 1489  0.217 0.92 0.92 
4 1476 1485 1491 1482  0.217 0.92 0.92 
4 1486 1478 1483 1492  0.217 0.92 0.92 
4 1491 1485 1487 1493  0.217 0.92 0.92 
4 1494 1493 1487 1488  0.217 0.92 0.92 
4 1495 1490 1489 1496  0.217 0.92 0.92 
4 1492 1496 1489 1486  0.217 0.92 0.92 
4 1497 1498 1499 1500  0.217 0.92 0.92 
3 1500 1499 1501  0.217 0.92 0.92 
3 1499 1498 1501  0.217 0.92 0.92 
3 1498 1497 1501  0.217 0.92 0.92 
3 1497 1502 1501  0.217 0.92 0.92 
3 1503 1500 1501  0.217 0.92 0.92 
3 1504 1282 1466  0.217 0.92 0.92 
3 1282 1281 1466  0.217 0.92 0.92 
3 1465 1504 1466  0.217 0.92 0.92 
4 1465 1467 1505 1504  0.217 0.92 0.92 
4 1468 1470 1484 1469  0.217 0.92 0.92 
4 1484 1470 1506 1507  0.217 0.92 0.92 
4 1286 1508 1466 1281  0.217 0.92 0.92 
3 1506 1470 1508  0.217 0.92 0.92 
3 1470 1466 1508  0.217 0.92 0.92 
4 1282 1504 1509 1280  0.217 0.92 0.92 
4 1280 1509 1510 1279  0.217 0.92 0.92 
4 1504 1505 1511 1509  0.217 0.92 0.92 
4 1509 1511 1512 1510  0.217 0.92 0.92 
4 1507 1506 1513 1514  0.217 0.92 0.92 
4 1510 1512 1514 1513  0.217 0.92 0.92 
3 1510 1513 1279  0.217 0.92 0.92 
3 1283 1279 1513  0.217 0.92 0.92 
4 1467 1479 1515 1505  0.217 0.92 0.92 
4 1479 1480 1516 1515  0.217 0.92 0.92 
4 1516 1480 1481 1517  0.217 0.92 0.92 
4 1518 1517 1481 1482  0.217 0.92 0.92 
4 1519 1483 1484 1507  0.217 0.92 0.92 
4 1505 1515 1520 1511  0.217 0.92 0.92 
4 1511 1520 1521 1512  0.217 0.92 0.92 
4 1522 1520 1515 1517  0.217 0.92 0.92 
3 1521 1520 1522  0.217 0.92 0.92 
3 1516 1517 1515  0.217 0.92 0.92 
3 1521 1522 1523  0.217 0.92 0.92 
4 1524 1522 1517 1518  0.217 0.92 0.92 
3 1524 1523 1522  0.217 0.92 0.92 
4 1523 1519 1507 1514  0.217 0.92 0.92 
3 1523 1514 1521  0.217 0.92 0.92 
3 1512 1521 1514  0.217 0.92 0.92 
4 1482 1491 1525 1518  0.217 0.92 0.92 
4 1492 1483 1519 1526  0.217 0.92 0.92 
4 1525 1491 1493 1527  0.217 0.92 0.92 
4 1528 1527 1493 1494  0.217 0.92 0.92 
4 1529 1495 1496 1530  0.217 0.92 0.92 
4 1526 1530 1496 1492  0.217 0.92 0.92 
4 1518 1525 1531 1524  0.217 0.92 0.92 
4 1526 1519 1523 1532  0.217 0.92 0.92 
4 1523 1524 1531 1532  0.217 0.92 0.92 
4 1531 1525 1527 1533  0.217 0.92 0.92 
3 1531 1533 1532  0.217 0.92 0.92 
3 1534 1532 1533  0.217 0.92 0.92 
3 1535 1536 1534  0.217 0.92 0.92 
4 1532 1536 1530 1526  0.217 0.92 0.92 
3 1532 1534 1536  0.217 0.92 0.92 
4 1292 1537 1508 1286  0.217 0.92 0.92 
4 1537 1538 1506 1508  0.217 0.92 0.92 
4 1539 1538 1501 1502  0.217 0.92 0.92 
4 1292 1296 1503 1537  0.217 0.92 0.92 
3 1503 1501 1537  0.217 0.92 0.92 
3 1501 1538 1537  0.217 0.92 0.92 
4 1506 1538 1540 1513  0.217 0.92 0.92 
4 1283 1513 1540 1291  0.217 0.92 0.92 
4 1538 1539 1529 1530  0.217 0.92 0.92 
4 1538 1530 1536 1540  0.217 0.92 0.92 
4 1540 1536 1535 1541  0.217 0.92 0.92 
3 1291 1540 1293  0.217 0.92 0.92 
3 1541 1293 1540  0.217 0.92 0.92 
3 1497 1500 1458  0.217 0.92 0.92 
3 1458 1500 1542  0.217 0.92 0.92 
4 1543 1443 1458 1542  0.217 0.92 0.92 
4 1490 1497 1458 1443  0.217 0.92 0.92 
4 1503 1544 1542 1500  0.217 0.92 0.92 
4 1497 1490 1495 1502  0.217 0.92 0.92 
4 1543 1542 1544 1545  0.217 0.92 0.92 
4 1546 1442 1443 1543  0.217 0.92 0.92 
3 1488 1442 1546  0.217 0.92 0.92 
4 1488 1546 1547 1494  0.217 0.92 0.92 
4 1546 1543 1545 1547  0.217 0.92 0.92 
3 1548 1544 1503  0.217 0.92 0.92 
3 1296 1309 1503  0.217 0.92 0.92 
3 1309 1548 1503  0.217 0.92 0.92 
4 1502 1495 1529 1539  0.217 0.92 0.92 
4 1545 1544 1548 1549  0.217 0.92 0.92 
4 1548 1309 1308 1550  0.217 0.92 0.92 
4 1293 1541 1550 1308  0.217 0.92 0.92 
4 1549 1548 1550 1551  0.217 0.92 0.92 
4 1541 1535 1551 1550  0.217 0.92 0.92 
4 1494 1547 1552 1528  0.217 0.92 0.92 
4 1547 1545 1549 1552  0.217 0.92 0.92 
4 1552 1549 1551 1553  0.217 0.92 0.92 
4 1535 1534 1553 1551  0.217 0.92 0.92 
4 1553 1533 1527 1552  0.217 0.92 0.92 
3 1534 1533 1553  0.217 0.92 0.92 
3 1528 1552 1527  0.217 0.92 0.92 
4 1554 1555 707 712  0.217 0.92 0.92 
4 693 707 1555 701  0.217 0.92 0.92 
4 1555 1554 736 735  0.217 0.92 0.92 
4 701 1555 735 702  0.217 0.92 0.92 
4 783 788 1556 1557  0.217 0.92 0.92 
4 712 783 1557 1554  0.217 0.92 0.92 
4 813 809 1557 1556  0.217 0.92 0.92 
4 809 736 1554 1557  0.217 0.92 0.92 
4 797 802 1558 1559  0.217 0.92 0.92 
4 788 797 1559 1556  0.217 0.92 0.92 
4 825 821 1559 1558  0.217 0.92 0.92 
4 821 813 1556 1559  0.217 0.92 0.92 
4 835 840 1560 1561  0.217 0.92 0.92 
4 802 835 1561 1558  0.217 0.92 0.92 
4 865 861 1561 1560  0.217 0.92 0.92 
4 861 825 1558 1561  0.217 0.92 0.92 
4 849 854 1562 1563  0.217 0.92 0.92 
4 840 849 1563 1560  0.217 0.92 0.92 
4 877 873 1563 1562  0.217 0.92 0.92 
4 873 865 1560 1563  0.217 0.92 0.92 
4 1562 854 887 1564  0.217 0.92 0.92 
4 920 877 1562 1564  0.217 0.92 0.92 
4 912 1564 887 892  0.217 0.92 0.92 
4 920 1564 912 914  0.217 0.92 0.92 
