OFF
79 93 0

0 -31.4778 -2.33273
8 -31.4778 -2.33273
8 -30.5996 2.94787
0.00548186 -30.611 2.92775
0 -24.24 4.96525
0 -24.24 -3.11475
8 -24.24 4.96525
8 -24.24 -3.11475
8 -23.5642 12.7735
0 -23.5474 12.7859
0 -16.16 13.0452
0 -16.16 4.96525
8 -16.16 4.96525
8 -16.16 13.0452
0 -16.16 -3.11475
8 -16.16 -3.11475
0 16.16 4.96525
8 16.16 4.96525
8 16.16 13.0452
0 16.16 13.0452
0 23.5474 12.7859
0 24.24 4.96525
8 24.24 4.96525
8 23.5642 12.7735
0 16.16 -3.11475
8 16.16 -3.11475
0 24.24 -3.11475
8 24.24 -3.11475
0 30.611 2.92774
0 31.4778 -2.33273
8 30.5996 2.94787
8 31.4778 -2.33273
8 -21.3423 20.3488
0 -21.3423 20.3488
0 -16.16 21.1253
8 -16.16 21.1253
-8 -8.08 29.2052
-8 -8.08 21.1253
0 -8.08 21
-0.000853033 -17.4409 30.7853
-8 -16.16 29.2052
2 -8.08 29.2052
8 -16.16 29.2052
8 -8.99056 28.7581
8 -10.088 22.4012
-8 0 29.2052
-8 0 21.1253
0 0 21
2 0 29.2052
2 0 29.2052
2 0 21.1253
-8 8.08 29.2052
-8 8.08 21.1253
0 8.08 21
8 8.99056 28.7581
2 8.08 29.2052
8 10.088 22.4012
-8 16.16 29.2052
0 16.16 21.1253
8 16.16 29.2052
0 19.3222 27.8875
-0.000853033 17.4409 30.7853
8 16.16 21.1253
0 21.3423 20.3488
8 21.3423 20.3488
1.51702e-06 -8.05267 37.2936
-0.00184177 -15.1868 31.8693
2.07218e-05 -0.218016 33.0111
0 -8.5 45.3653
-8 -8.08 45.3653
0 0.75 46.9597
2 -8.08 45.3653
1.60903e-06 8.05088 37.2937
0 8.5 45.3653
-8 8.08 45.3653
2 8.08 45.3653
-0.00184177 15.1868 31.8693
-0.315281 -8.08 52.9602
-0.315281 8.08 52.9602

4 0 1 2 3  0.217 0.92 0.92 
4 0 3 4 5  0.217 0.92 0.92 
4 3 2 6 4  0.217 0.92 0.92 
4 2 1 7 6  0.217 0.92 0.92 
4 1 0 5 7  0.217 0.92 0.92 
4 4 6 8 9  0.217 0.92 0.92 
4 4 9 10 11  0.217 0.92 0.92 
4 8 6 12 13  0.217 0.92 0.92 
4 11 10 13 12  0.217 0.92 0.92 
4 5 4 11 14  0.217 0.92 0.92 
4 6 7 15 12  0.217 0.92 0.92 
4 7 5 14 15  0.217 0.92 0.92 
4 14 11 12 15  0.217 0.92 0.92 
4 16 17 18 19  0.217 0.92 0.92 
4 16 19 20 21  0.217 0.92 0.92 
4 18 17 22 23  0.217 0.92 0.92 
4 21 20 23 22  0.217 0.92 0.92 
4 24 25 17 16  0.217 0.92 0.92 
4 24 16 21 26  0.217 0.92 0.92 
4 17 25 27 22  0.217 0.92 0.92 
4 25 24 26 27  0.217 0.92 0.92 
4 26 21 28 29  0.217 0.92 0.92 
4 21 22 30 28  0.217 0.92 0.92 
4 22 27 31 30  0.217 0.92 0.92 
4 27 26 29 31  0.217 0.92 0.92 
4 29 28 30 31  0.217 0.92 0.92 
4 9 8 32 33  0.217 0.92 0.92 
4 9 33 34 10  0.217 0.92 0.92 
4 33 32 35 34  0.217 0.92 0.92 
4 32 8 13 35  0.217 0.92 0.92 
4 10 34 35 13  0.217 0.92 0.92 
3 36 37 34  0.217 0.92 0.92 
3 37 38 34  0.217 0.92 0.92 
3 39 40 34  0.217 0.92 0.92 
3 40 36 34  0.217 0.92 0.92 
4 41 39 42 43  0.217 0.92 0.92 
3 43 42 34  0.217 0.92 0.92 
3 42 39 34  0.217 0.92 0.92 
3 38 44 34  0.217 0.92 0.92 
3 44 43 34  0.217 0.92 0.92 
4 37 36 45 46  0.217 0.92 0.92 
4 38 37 46 47  0.217 0.92 0.92 
4 41 43 48 49  0.217 0.92 0.92 
4 43 44 50 48  0.217 0.92 0.92 
4 44 38 47 50  0.217 0.92 0.92 
4 46 45 51 52  0.217 0.92 0.92 
4 47 46 52 53  0.217 0.92 0.92 
4 49 48 54 55  0.217 0.92 0.92 
4 48 50 56 54  0.217 0.92 0.92 
4 50 47 53 56  0.217 0.92 0.92 
3 51 57 58  0.217 0.92 0.92 
3 53 52 58  0.217 0.92 0.92 
3 52 51 58  0.217 0.92 0.92 
3 54 56 58  0.217 0.92 0.92 
3 56 53 58  0.217 0.92 0.92 
3 59 54 58  0.217 0.92 0.92 
3 58 57 60  0.217 0.92 0.92 
3 57 61 60  0.217 0.92 0.92 
3 61 59 60  0.217 0.92 0.92 
3 59 58 60  0.217 0.92 0.92 
4 19 18 62 58  0.217 0.92 0.92 
4 19 58 63 20  0.217 0.92 0.92 
4 58 62 64 63  0.217 0.92 0.92 
4 62 18 23 64  0.217 0.92 0.92 
4 20 63 64 23  0.217 0.92 0.92 
4 41 65 66 39  0.217 0.92 0.92 
4 65 36 40 66  0.217 0.92 0.92 
3 39 66 40  0.217 0.92 0.92 
4 49 67 65 41  0.217 0.92 0.92 
4 67 45 36 65  0.217 0.92 0.92 
3 68 69 65  0.217 0.92 0.92 
3 65 69 70  0.217 0.92 0.92 
3 68 65 71  0.217 0.92 0.92 
3 71 65 70  0.217 0.92 0.92 
4 55 72 67 49  0.217 0.92 0.92 
4 72 51 45 67  0.217 0.92 0.92 
3 73 72 74  0.217 0.92 0.92 
3 74 72 70  0.217 0.92 0.92 
3 70 72 75  0.217 0.92 0.92 
3 72 73 75  0.217 0.92 0.92 
4 76 57 51 72  0.217 0.92 0.92 
3 61 57 76  0.217 0.92 0.92 
4 59 76 72 54  0.217 0.92 0.92 
3 61 76 59  0.217 0.92 0.92 
3 55 54 72  0.217 0.92 0.92 
3 68 77 69  0.217 0.92 0.92 
3 69 77 70  0.217 0.92 0.92 
3 68 71 77  0.217 0.92 0.92 
3 77 71 70  0.217 0.92 0.92 
3 73 74 78  0.217 0.92 0.92 
3 78 74 70  0.217 0.92 0.92 
3 73 78 75  0.217 0.92 0.92 
3 78 70 75  0.217 0.92 0.92 
