OFF
347 487 0

0.237475 -24.4735 -7.20123
4.03945 -23.7391 -10.5264
4.04 -27.5928 -6.51661
4.04 -23.2599 -4.0251
4.04 -24.2166 -7.1501
0 -24.24 -3.11475
4.04 -29.6072 -4.3472
0 -28.28 -3.11475
8 -24.24 -3.11475
8 -28.28 -3.11475
8 -24.24 -7.15475
4.03984 -20.1728 -11.4583
0 -20.2 -11.1948
4.04 -18.4763 -9.12062
8 -20.2 -11.1948
4.03837 -17.2954 -10.0751
4.03989 -15.8404 -7.20731
0 -16.16 -7.15475
4.04 -20.1887 -3.05786
0 -16.16 -3.11475
4.04 -15.785 -3.11475
8 -16.16 -3.11475
8 -16.16 -7.15475
4.03984 20.1728 -11.4583
4.03837 17.2954 -10.0751
0 20.2 -11.1948
4.04015 18.4764 -9.12047
0 16.16 -7.15475
4.03989 15.8404 -7.20731
0 16.16 -3.11475
4.04 20.1887 -3.05772
4.04 15.785 -3.11475
8 16.16 -3.11475
8 16.16 -7.15475
8 20.2 -11.1948
4.03945 23.7391 -10.5264
0.237514 24.4735 -7.20115
4.04 24.2166 -7.15008
8 24.24 -7.15475
4.04 27.5928 -6.51661
0 24.24 -3.11475
0 28.28 -3.11475
4.04 29.6072 -4.3472
4.04 23.2599 -4.0251
8 24.24 -3.11475
8 28.28 -3.11475
0 -24.24 4.96525
0 -28.28 4.96525
4.03996 -26.33 7.62592
4.04023 -28.3843 5.06126
4.03788 -25.1098 9.54025
0 -24.24 9.00525
8 -24.24 4.96525
8 -24.24 9.00525
8 -28.28 4.96525
0 -28.28 0.92525
4.04 -31.4778 -2.33273
4.04001 -32.3335 0.929203
0 -32.32 0.92525
4.04 -30.5996 2.94787
4.03373 -30.234 3.25485
8 -32.32 0.92525
8 -28.28 0.92525
0 -24.24 0.92525
8 -24.24 0.92525
0 -20.2 9.00525
0 -20.2 4.96525
4.0418 -23.5552 12.7699
4.03496 -23.1165 13.9548
0 -20.2 13.0452
8 -20.2 9.00525
8 -20.2 13.0452
8 -20.2 4.96525
0 -16.16 9.00525
0 -16.16 4.96525
4.04 -15.1377 8.73131
4.04 -15.785 4.96525
0 -16.16 13.0452
4.04 -14.1276 12.5007
8 -16.16 9.00525
8 -16.16 13.0452
8 -16.16 4.96525
0 -20.2 0.92525
8 -20.2 0.92525
4.04 -15.785 0.92525
0 -16.16 0.92525
8 -16.16 0.92525
0 16.16 4.96525
4.04 15.785 4.96525
4.04 15.1377 8.73131
0 16.16 9.00525
0 20.2 9.00525
0 20.2 4.96525
4.04 14.1276 12.5007
0 16.16 13.0452
0 20.2 13.0452
8 16.16 9.00525
8 16.16 13.0452
8 20.2 9.00525
8 20.2 13.0452
8 16.16 4.96525
8 20.2 4.96525
0 24.24 9.00525
0 24.24 4.96525
4.0418 23.5552 12.7699
4.03369 23.1253 13.9314
4.03831 25.1125 9.53194
8 24.24 9.00525
8 24.24 4.96525
0 16.16 0.92525
0 20.2 0.92525
4.04 15.785 0.92525
8 16.16 0.92525
8 20.2 0.92525
0 24.24 0.92525
8 24.24 0.92525
4.03996 26.3462 7.61325
4.04023 28.3843 5.06126
0 28.28 4.96525
8 28.28 4.96525
0 28.28 0.92525
8 28.28 0.92525
0 32.32 0.92525
4.04 31.4778 -2.33273
4.04001 32.3335 0.929203
4.04438 30.5954 2.94291
8 32.32 0.92525
-4.04061 -19.0454 28.6852
-8 -16.16 29.2052
-8 -16.16 25.1653
-4.04037 -19.3833 25.3774
-4.04085 -17.4398 30.784
-4.04135 -18.638 23.5542
0 -20.0616 25.1282
-0.000609285 -19.0437 28.6844
-0.000853033 -17.4409 30.7853
0 -18.6035 23.5053
0 -16.16 21.1253
0 -20.2 21.1253
4.04 -21.0716 21.3588
4.04 -20.0616 25.1282
4.03939 -19.0419 28.6836
4.04091 -17.4975 30.7391
8 -16.16 29.2052
8 -16.16 25.1653
8 -16.16 21.1253
8 -20.2 21.1253
4.04 -22.0816 17.5894
0 -20.2 17.0852
0 -16.16 17.0852
8 -20.2 17.0852
8 -16.16 17.0852
-8 -12.12 25.1653
-8 -12.12 21.1253
-4.04017 -16.0467 21.3994
-4.04 -12.12 21
-8 -12.12 29.2052
0 -12.12 21
-8 -8.08 25.1653
-8 -8.08 21.1253
-4.04 -8.08 21
-8 -8.08 29.2052
0 -8.08 21
8 -12.12 25.1653
8 -12.12 29.2052
8 -12.12 21.1253
2 -8.08 29.2052
4.04086 -8.99786 28.769
4.04003 -8.635 25.2936
2 -8.08 25.1653
4.0369 -10.7833 30.9551
2 -8.08 21.1253
4.04 -11.2501 20.5725
4.04 -13.857 13.5107
4.04 -12.847 17.28
0 -12.847 17.28
0 -8.08 21
-8 -4.04 25.1653
-8 -4.04 21.1253
-4.04 -4.04 21
-8 -4.04 29.2052
2 -4.04 25.1653
2 -4.04 29.2052
0 -4.04 21
-8 0 25.1653
-8 0 21.1253
-4.04 0 21
-8 0 29.2052
2 0 25.1653
2 0 29.2052
0 0 21
2 -4.04 25.1653
2 -4.04 21.1253
2 0 25.1653
2 0 21.1253
-8 4.04 25.1653
-8 4.04 21.1253
-4.04 4.04 21
-8 4.04 29.2052
2 4.04 25.1653
2 4.04 29.2052
0 4.04 21
-8 8.08 25.1653
-8 8.08 21.1253
-4.04 8.08 21
-8 8.08 29.2052
2 8.08 25.1653
2 8.08 29.2052
0 8.08 21
2 4.04 25.1653
2 4.04 21.1253
4.04003 8.635 25.2936
2 8.08 21.1253
-8 12.12 25.1653
-8 12.12 21.1253
-4.04 12.12 21
-8 12.12 29.2052
0 12.12 21
-8 16.16 25.1653
-4.04017 16.0467 21.3994
-4.04135 18.638 23.5542
-8 16.16 29.2052
0 16.16 21.1253
0 18.6035 23.5053
4.04086 8.99786 28.769
8 12.12 29.2052
8 12.12 25.1653
4.0369 10.7833 30.9551
8 12.12 21.1253
4.04 11.2501 20.5725
8 16.16 25.1653
8 16.16 29.2052
8 16.16 21.1253
0 12.847 17.28
4.04 12.847 17.28
0 8.08 21
0 16.16 17.0852
4.04 13.857 13.5107
8 16.16 17.0852
-4.04037 19.3833 25.3774
-4.04061 19.0454 28.6852
-4.04085 17.4398 30.784
-0.000853033 17.4409 30.7853
-0.000609285 19.0437 28.6844
0 20.0616 25.1282
4.04 21.0716 21.3588
0 20.2 21.1253
4.04 20.0616 25.1282
4.04091 17.4975 30.7391
4.03939 19.0419 28.6836
8 20.2 21.1253
0 20.2 17.0852
4.04 22.0816 17.5894
8 20.2 17.0852
-4.04 -12.12 32
-4.04057 -15.7124 31.7253
-0.000569842 -15.712 31.7239
0 -12.12 32
-4.04 -8.08 32
0 -8.08 32
4.03943 -15.7116 31.7225
4.04236 -12.5615 31.8047
-8 -4.04 33.2452
-4.03999 -3.57644 33.9917
-4.03999 -5.78086 36.0677
1.36444e-05 -5.78084 36.0677
-5.21133e-06 -3.57632 33.9916
-4.04 -0.0124418 33.0007
-1.2194e-06 -0.0124429 33.0006
-4.04 -8.5 41.3252
-8 -8.08 41.3252
-4.04 -8.05247 37.2937
-4.04002 -6.65689 42.1363
-8 -8.08 45.3653
-4.04 -4.20979 45.5826
-4.04 -8.5 45.3653
0 -8.5 41.3252
0 -8.5 45.3653
8.56241e-07 -4.20978 45.5826
1.70298e-05 -6.65673 42.1367
1.51702e-06 -8.05267 37.2936
2 -8.08 41.3252
2 -8.08 45.3653
2 -4.04 29.2052
2 -4.04 33.2452
2 0 29.2052
-4.04 3.57633 33.9916
-8 4.04 33.2452
-3.24717e-06 3.57632 33.9916
-4.04 8.08 32
0 8.08 32
-4.04 8.5 41.3252
-4.04 8.05067 37.2938
-8 8.08 41.3252
-4.04 6.65668 42.1369
-4.04 4.20977 45.5826
-8 8.08 45.3653
-4.04 8.5 45.3653
7.1032e-06 6.65673 42.1367
3.25741e-07 4.20978 45.5826
0 8.5 45.3653
0 8.5 41.3252
1.60903e-06 8.05088 37.2937
2 8.08 41.3252
2 8.08 45.3653
2 4.04 29.2052
2 4.04 33.2452
-4.04 12.12 32
0 12.12 32
-4.04057 15.7124 31.7253
-0.000569842 15.712 31.7239
4.04236 12.5615 31.8047
4.03943 15.7116 31.7225
-5.33802 -8.08097 50.1888
-4.08889 -4.04 53.6276
-6.71582 -4.04 52.095
-6.71582 -8.08 52.095
-4.08889 -8.08 53.6276
-5.34023 -4.04097 50.1901
-0.315281 -8.08 52.9602
-0.315281 -4.04 52.9602
-0.318575 -8.07981 49.3467
-0.31625 -4.03981 49.3471
-8 -4.2098 45.5825
-7.95473 -4.04 49.3854
-7.95473 -0.75 49.3854
-8 0.75 46.9597
-5.29111 -0.75 50.2634
-5.08742 0.75 46.9597
-4.04 -0.75 53.4453
0 0.75 49.4053
1.97219 -8.08 49.2751
1.97219 -4.04 49.2751
-7.95473 4.04 49.3854
-8 4.20977 45.5826
-4.80223 4.03917 49.8215
-4.08889 4.04 53.6276
-6.71582 4.04 52.095
-0.315281 4.04 52.9602
-0.953499 4.0404 49.1978
-4.77704 8.0811 49.8569
-4.08889 8.08 53.6276
-6.71582 8.08 52.095
-0.315281 8.08 52.9602
0 8.5 49.4053
1.97219 4.04 49.2751
1.97219 8.08 49.2751

3 0 1 2  0.217 0.92 0.92 
4 3 4 0 5  0.217 0.92 0.92 
3 5 0 2  0.217 0.92 0.92 
3 6 7 2  0.217 0.92 0.92 
3 7 5 2  0.217 0.92 0.92 
3 8 9 2  0.217 0.92 0.92 
3 9 6 2  0.217 0.92 0.92 
4 3 8 10 4  0.217 0.92 0.92 
3 10 8 2  0.217 0.92 0.92 
3 2 1 10  0.217 0.92 0.92 
3 11 1 12  0.217 0.92 0.92 
3 1 13 12  0.217 0.92 0.92 
3 4 13 0  0.217 0.92 0.92 
3 13 1 0  0.217 0.92 0.92 
3 1 13 10  0.217 0.92 0.92 
3 13 4 10  0.217 0.92 0.92 
3 13 1 14  0.217 0.92 0.92 
3 1 11 14  0.217 0.92 0.92 
3 13 15 12  0.217 0.92 0.92 
3 15 11 12  0.217 0.92 0.92 
3 16 15 17  0.217 0.92 0.92 
3 15 13 17  0.217 0.92 0.92 
4 18 19 17 13  0.217 0.92 0.92 
4 20 16 17 19  0.217 0.92 0.92 
4 20 21 22 16  0.217 0.92 0.92 
4 21 18 13 22  0.217 0.92 0.92 
3 13 15 22  0.217 0.92 0.92 
3 15 16 22  0.217 0.92 0.92 
3 11 15 14  0.217 0.92 0.92 
3 15 13 14  0.217 0.92 0.92 
3 23 24 25  0.217 0.92 0.92 
3 24 26 25  0.217 0.92 0.92 
3 26 24 27  0.217 0.92 0.92 
3 24 28 27  0.217 0.92 0.92 
4 26 27 29 30  0.217 0.92 0.92 
4 28 31 29 27  0.217 0.92 0.92 
4 30 32 33 26  0.217 0.92 0.92 
4 31 28 33 32  0.217 0.92 0.92 
3 28 24 33  0.217 0.92 0.92 
3 24 26 33  0.217 0.92 0.92 
3 26 24 34  0.217 0.92 0.92 
3 24 23 34  0.217 0.92 0.92 
3 26 35 25  0.217 0.92 0.92 
3 35 23 25  0.217 0.92 0.92 
3 35 26 36  0.217 0.92 0.92 
3 26 37 36  0.217 0.92 0.92 
3 37 26 38  0.217 0.92 0.92 
3 26 35 38  0.217 0.92 0.92 
3 23 35 34  0.217 0.92 0.92 
3 35 26 34  0.217 0.92 0.92 
3 35 36 39  0.217 0.92 0.92 
3 40 41 39  0.217 0.92 0.92 
3 41 42 39  0.217 0.92 0.92 
4 43 40 36 37  0.217 0.92 0.92 
3 36 40 39  0.217 0.92 0.92 
4 43 37 38 44  0.217 0.92 0.92 
3 44 38 39  0.217 0.92 0.92 
3 42 45 39  0.217 0.92 0.92 
3 45 44 39  0.217 0.92 0.92 
3 38 35 39  0.217 0.92 0.92 
3 46 47 48  0.217 0.92 0.92 
3 47 49 48  0.217 0.92 0.92 
3 50 51 48  0.217 0.92 0.92 
3 51 46 48  0.217 0.92 0.92 
3 52 53 48  0.217 0.92 0.92 
3 53 50 48  0.217 0.92 0.92 
3 49 54 48  0.217 0.92 0.92 
3 54 52 48  0.217 0.92 0.92 
3 55 7 56  0.217 0.92 0.92 
3 7 6 56  0.217 0.92 0.92 
3 57 58 56  0.217 0.92 0.92 
3 58 55 56  0.217 0.92 0.92 
3 55 58 59  0.217 0.92 0.92 
3 58 57 59  0.217 0.92 0.92 
3 57 60 59  0.217 0.92 0.92 
3 60 49 59  0.217 0.92 0.92 
3 49 47 59  0.217 0.92 0.92 
3 47 55 59  0.217 0.92 0.92 
4 60 57 61 62  0.217 0.92 0.92 
3 62 61 56  0.217 0.92 0.92 
3 61 57 56  0.217 0.92 0.92 
3 6 9 56  0.217 0.92 0.92 
3 9 62 56  0.217 0.92 0.92 
4 7 55 63 5  0.217 0.92 0.92 
4 55 47 46 63  0.217 0.92 0.92 
4 60 62 54 49  0.217 0.92 0.92 
4 54 62 64 52  0.217 0.92 0.92 
4 62 9 8 64  0.217 0.92 0.92 
4 46 51 65 66  0.217 0.92 0.92 
3 65 51 67  0.217 0.92 0.92 
3 51 50 67  0.217 0.92 0.92 
3 68 69 67  0.217 0.92 0.92 
3 69 65 67  0.217 0.92 0.92 
3 70 71 67  0.217 0.92 0.92 
3 71 68 67  0.217 0.92 0.92 
3 50 53 67  0.217 0.92 0.92 
3 53 70 67  0.217 0.92 0.92 
4 53 52 72 70  0.217 0.92 0.92 
4 66 65 73 74  0.217 0.92 0.92 
4 74 73 75 76  0.217 0.92 0.92 
4 65 69 77 73  0.217 0.92 0.92 
4 73 77 78 75  0.217 0.92 0.92 
4 71 70 79 80  0.217 0.92 0.92 
4 75 78 80 79  0.217 0.92 0.92 
4 70 72 81 79  0.217 0.92 0.92 
4 76 75 79 81  0.217 0.92 0.92 
3 63 82 18  0.217 0.92 0.92 
3 3 5 18  0.217 0.92 0.92 
3 5 63 18  0.217 0.92 0.92 
4 63 46 66 82  0.217 0.92 0.92 
4 52 64 83 72  0.217 0.92 0.92 
3 64 8 18  0.217 0.92 0.92 
3 8 3 18  0.217 0.92 0.92 
3 83 64 18  0.217 0.92 0.92 
4 84 20 19 85  0.217 0.92 0.92 
3 85 19 18  0.217 0.92 0.92 
3 82 85 18  0.217 0.92 0.92 
4 82 66 74 85  0.217 0.92 0.92 
4 85 74 76 84  0.217 0.92 0.92 
4 72 83 86 81  0.217 0.92 0.92 
4 84 76 81 86  0.217 0.92 0.92 
3 86 83 18  0.217 0.92 0.92 
4 84 86 21 20  0.217 0.92 0.92 
3 21 86 18  0.217 0.92 0.92 
4 87 88 89 90  0.217 0.92 0.92 
4 87 90 91 92  0.217 0.92 0.92 
4 90 89 93 94  0.217 0.92 0.92 
4 90 94 95 91  0.217 0.92 0.92 
4 89 96 97 93  0.217 0.92 0.92 
4 97 96 98 99  0.217 0.92 0.92 
4 88 100 96 89  0.217 0.92 0.92 
4 96 100 101 98  0.217 0.92 0.92 
4 92 91 102 103  0.217 0.92 0.92 
3 91 95 104  0.217 0.92 0.92 
3 95 105 104  0.217 0.92 0.92 
3 106 102 104  0.217 0.92 0.92 
3 102 91 104  0.217 0.92 0.92 
3 98 107 104  0.217 0.92 0.92 
3 107 106 104  0.217 0.92 0.92 
3 105 99 104  0.217 0.92 0.92 
3 99 98 104  0.217 0.92 0.92 
4 98 101 108 107  0.217 0.92 0.92 
3 109 110 30  0.217 0.92 0.92 
4 111 109 29 31  0.217 0.92 0.92 
3 29 109 30  0.217 0.92 0.92 
4 109 111 88 87  0.217 0.92 0.92 
4 109 87 92 110  0.217 0.92 0.92 
4 111 112 100 88  0.217 0.92 0.92 
4 100 112 113 101  0.217 0.92 0.92 
4 111 31 32 112  0.217 0.92 0.92 
3 112 32 30  0.217 0.92 0.92 
3 113 112 30  0.217 0.92 0.92 
3 114 40 30  0.217 0.92 0.92 
3 40 43 30  0.217 0.92 0.92 
3 110 114 30  0.217 0.92 0.92 
4 110 92 103 114  0.217 0.92 0.92 
4 101 113 115 108  0.217 0.92 0.92 
3 115 113 30  0.217 0.92 0.92 
3 43 44 30  0.217 0.92 0.92 
3 44 115 30  0.217 0.92 0.92 
3 103 102 116  0.217 0.92 0.92 
3 102 106 116  0.217 0.92 0.92 
3 117 118 116  0.217 0.92 0.92 
3 118 103 116  0.217 0.92 0.92 
3 108 119 116  0.217 0.92 0.92 
3 119 117 116  0.217 0.92 0.92 
3 106 107 116  0.217 0.92 0.92 
3 107 108 116  0.217 0.92 0.92 
4 40 114 120 41  0.217 0.92 0.92 
4 114 103 118 120  0.217 0.92 0.92 
4 108 115 121 119  0.217 0.92 0.92 
4 115 44 45 121  0.217 0.92 0.92 
3 120 122 123  0.217 0.92 0.92 
3 122 124 123  0.217 0.92 0.92 
3 42 41 123  0.217 0.92 0.92 
3 41 120 123  0.217 0.92 0.92 
3 120 118 125  0.217 0.92 0.92 
3 118 117 125  0.217 0.92 0.92 
3 124 122 125  0.217 0.92 0.92 
3 122 120 125  0.217 0.92 0.92 
3 121 126 125  0.217 0.92 0.92 
3 126 124 125  0.217 0.92 0.92 
3 117 119 125  0.217 0.92 0.92 
3 119 121 125  0.217 0.92 0.92 
3 121 45 123  0.217 0.92 0.92 
3 45 42 123  0.217 0.92 0.92 
3 124 126 123  0.217 0.92 0.92 
3 126 121 123  0.217 0.92 0.92 
4 127 128 129 130  0.217 0.92 0.92 
3 131 128 127  0.217 0.92 0.92 
3 132 130 129  0.217 0.92 0.92 
4 130 133 134 127  0.217 0.92 0.92 
4 127 134 135 131  0.217 0.92 0.92 
4 133 130 132 136  0.217 0.92 0.92 
3 133 136 137  0.217 0.92 0.92 
3 138 139 140  0.217 0.92 0.92 
3 140 133 138  0.217 0.92 0.92 
3 133 137 138  0.217 0.92 0.92 
4 133 140 141 134  0.217 0.92 0.92 
4 134 141 142 135  0.217 0.92 0.92 
4 143 141 140 144  0.217 0.92 0.92 
3 142 141 143  0.217 0.92 0.92 
3 145 144 140  0.217 0.92 0.92 
3 139 146 140  0.217 0.92 0.92 
3 146 145 140  0.217 0.92 0.92 
4 69 68 147 148  0.217 0.92 0.92 
4 69 148 149 77  0.217 0.92 0.92 
4 148 147 139 138  0.217 0.92 0.92 
4 148 138 137 149  0.217 0.92 0.92 
4 147 150 146 139  0.217 0.92 0.92 
4 146 150 151 145  0.217 0.92 0.92 
4 68 71 150 147  0.217 0.92 0.92 
4 150 71 80 151  0.217 0.92 0.92 
3 152 153 154  0.217 0.92 0.92 
3 153 155 154  0.217 0.92 0.92 
3 132 129 154  0.217 0.92 0.92 
3 129 152 154  0.217 0.92 0.92 
4 129 128 156 152  0.217 0.92 0.92 
4 155 157 137 154  0.217 0.92 0.92 
4 132 154 137 136  0.217 0.92 0.92 
4 153 152 158 159  0.217 0.92 0.92 
4 155 153 159 160  0.217 0.92 0.92 
4 152 156 161 158  0.217 0.92 0.92 
4 157 155 160 162  0.217 0.92 0.92 
4 143 144 163 164  0.217 0.92 0.92 
4 144 145 165 163  0.217 0.92 0.92 
4 166 167 168 169  0.217 0.92 0.92 
4 167 164 163 168  0.217 0.92 0.92 
3 170 164 167  0.217 0.92 0.92 
4 168 163 165 171  0.217 0.92 0.92 
3 172 171 165  0.217 0.92 0.92 
4 173 77 149 174  0.217 0.92 0.92 
3 78 77 173  0.217 0.92 0.92 
3 157 175 137  0.217 0.92 0.92 
3 137 175 149  0.217 0.92 0.92 
3 175 174 149  0.217 0.92 0.92 
3 145 151 174  0.217 0.92 0.92 
3 172 165 174  0.217 0.92 0.92 
3 165 145 174  0.217 0.92 0.92 
4 174 151 80 173  0.217 0.92 0.92 
3 78 173 80  0.217 0.92 0.92 
4 157 162 176 175  0.217 0.92 0.92 
3 175 176 171  0.217 0.92 0.92 
3 176 162 171  0.217 0.92 0.92 
3 172 174 171  0.217 0.92 0.92 
3 174 175 171  0.217 0.92 0.92 
4 159 158 177 178  0.217 0.92 0.92 
4 160 159 178 179  0.217 0.92 0.92 
4 158 161 180 177  0.217 0.92 0.92 
4 166 169 181 182  0.217 0.92 0.92 
4 162 160 179 183  0.217 0.92 0.92 
4 178 177 184 185  0.217 0.92 0.92 
4 179 178 185 186  0.217 0.92 0.92 
4 177 180 187 184  0.217 0.92 0.92 
4 182 181 188 189  0.217 0.92 0.92 
4 183 179 186 190  0.217 0.92 0.92 
4 169 168 191 181  0.217 0.92 0.92 
4 168 171 192 191  0.217 0.92 0.92 
4 171 162 183 192  0.217 0.92 0.92 
4 181 191 193 188  0.217 0.92 0.92 
4 191 192 194 193  0.217 0.92 0.92 
4 192 183 190 194  0.217 0.92 0.92 
4 185 184 195 196  0.217 0.92 0.92 
4 186 185 196 197  0.217 0.92 0.92 
4 184 187 198 195  0.217 0.92 0.92 
4 189 188 199 200  0.217 0.92 0.92 
4 190 186 197 201  0.217 0.92 0.92 
4 196 195 202 203  0.217 0.92 0.92 
4 197 196 203 204  0.217 0.92 0.92 
4 195 198 205 202  0.217 0.92 0.92 
4 200 199 206 207  0.217 0.92 0.92 
4 201 197 204 208  0.217 0.92 0.92 
4 188 193 209 199  0.217 0.92 0.92 
4 193 194 210 209  0.217 0.92 0.92 
4 194 190 201 210  0.217 0.92 0.92 
4 199 209 211 206  0.217 0.92 0.92 
4 209 210 212 211  0.217 0.92 0.92 
4 210 201 208 212  0.217 0.92 0.92 
4 203 202 213 214  0.217 0.92 0.92 
4 204 203 214 215  0.217 0.92 0.92 
4 202 205 216 213  0.217 0.92 0.92 
4 208 204 215 217  0.217 0.92 0.92 
3 213 218 219  0.217 0.92 0.92 
3 218 220 219  0.217 0.92 0.92 
3 215 214 219  0.217 0.92 0.92 
3 214 213 219  0.217 0.92 0.92 
4 213 216 221 218  0.217 0.92 0.92 
4 217 215 219 222  0.217 0.92 0.92 
4 223 222 219 220  0.217 0.92 0.92 
4 206 211 224 207  0.217 0.92 0.92 
4 225 224 211 226  0.217 0.92 0.92 
3 227 224 225  0.217 0.92 0.92 
4 226 211 212 228  0.217 0.92 0.92 
3 229 228 212  0.217 0.92 0.92 
4 225 226 230 231  0.217 0.92 0.92 
4 226 228 232 230  0.217 0.92 0.92 
3 233 234 212  0.217 0.92 0.92 
3 234 229 212  0.217 0.92 0.92 
4 217 233 235 208  0.217 0.92 0.92 
3 208 235 212  0.217 0.92 0.92 
3 235 233 212  0.217 0.92 0.92 
4 234 236 94 237  0.217 0.92 0.92 
3 93 237 94  0.217 0.92 0.92 
3 233 217 222  0.217 0.92 0.92 
3 222 236 233  0.217 0.92 0.92 
3 236 234 233  0.217 0.92 0.92 
3 232 228 234  0.217 0.92 0.92 
3 228 229 234  0.217 0.92 0.92 
3 238 232 234  0.217 0.92 0.92 
4 238 234 237 97  0.217 0.92 0.92 
3 93 97 237  0.217 0.92 0.92 
4 239 218 221 240  0.217 0.92 0.92 
3 220 218 239  0.217 0.92 0.92 
3 241 240 221  0.217 0.92 0.92 
4 241 242 243 240  0.217 0.92 0.92 
4 223 220 239 244  0.217 0.92 0.92 
4 239 240 243 244  0.217 0.92 0.92 
3 245 246 247  0.217 0.92 0.92 
3 223 244 222  0.217 0.92 0.92 
3 247 246 244  0.217 0.92 0.92 
3 246 222 244  0.217 0.92 0.92 
4 242 248 249 243  0.217 0.92 0.92 
4 244 243 249 247  0.217 0.92 0.92 
4 249 231 230 247  0.217 0.92 0.92 
3 248 231 249  0.217 0.92 0.92 
3 232 250 247  0.217 0.92 0.92 
3 250 245 247  0.217 0.92 0.92 
3 230 232 247  0.217 0.92 0.92 
4 94 236 251 95  0.217 0.92 0.92 
4 95 251 252 105  0.217 0.92 0.92 
4 236 222 246 251  0.217 0.92 0.92 
4 251 246 245 252  0.217 0.92 0.92 
4 232 238 253 250  0.217 0.92 0.92 
4 252 245 250 253  0.217 0.92 0.92 
4 238 97 99 253  0.217 0.92 0.92 
4 105 252 253 99  0.217 0.92 0.92 
4 254 156 128 255  0.217 0.92 0.92 
3 131 255 128  0.217 0.92 0.92 
4 131 135 256 255  0.217 0.92 0.92 
4 255 256 257 254  0.217 0.92 0.92 
4 258 161 156 254  0.217 0.92 0.92 
4 254 257 259 258  0.217 0.92 0.92 
4 135 142 260 256  0.217 0.92 0.92 
4 256 260 261 257  0.217 0.92 0.92 
4 164 261 260 143  0.217 0.92 0.92 
3 170 261 164  0.217 0.92 0.92 
3 142 143 260  0.217 0.92 0.92 
3 257 261 167  0.217 0.92 0.92 
3 261 170 167  0.217 0.92 0.92 
3 259 257 167  0.217 0.92 0.92 
3 180 161 258  0.217 0.92 0.92 
3 262 180 258  0.217 0.92 0.92 
3 263 262 264  0.217 0.92 0.92 
3 264 262 258  0.217 0.92 0.92 
4 259 265 264 258  0.217 0.92 0.92 
4 266 263 264 265  0.217 0.92 0.92 
3 180 262 267  0.217 0.92 0.92 
3 262 263 267  0.217 0.92 0.92 
3 187 180 267  0.217 0.92 0.92 
4 266 268 267 263  0.217 0.92 0.92 
3 269 270 271  0.217 0.92 0.92 
3 271 270 272  0.217 0.92 0.92 
4 272 270 273 274  0.217 0.92 0.92 
4 269 275 273 270  0.217 0.92 0.92 
4 269 276 277 275  0.217 0.92 0.92 
4 272 274 278 279  0.217 0.92 0.92 
4 279 280 271 272  0.217 0.92 0.92 
4 276 269 271 280  0.217 0.92 0.92 
3 276 280 281  0.217 0.92 0.92 
3 281 280 279  0.217 0.92 0.92 
4 278 282 281 279  0.217 0.92 0.92 
4 277 276 281 282  0.217 0.92 0.92 
3 283 284 259  0.217 0.92 0.92 
4 182 283 167 166  0.217 0.92 0.92 
3 167 283 259  0.217 0.92 0.92 
3 266 265 284  0.217 0.92 0.92 
3 265 259 284  0.217 0.92 0.92 
4 182 189 285 283  0.217 0.92 0.92 
3 283 285 268  0.217 0.92 0.92 
3 266 284 268  0.217 0.92 0.92 
3 284 283 268  0.217 0.92 0.92 
3 198 187 267  0.217 0.92 0.92 
3 286 287 267  0.217 0.92 0.92 
3 287 198 267  0.217 0.92 0.92 
4 288 286 267 268  0.217 0.92 0.92 
3 198 287 289  0.217 0.92 0.92 
3 287 286 289  0.217 0.92 0.92 
3 205 198 289  0.217 0.92 0.92 
4 288 290 289 286  0.217 0.92 0.92 
3 291 292 293  0.217 0.92 0.92 
3 293 292 294  0.217 0.92 0.92 
4 295 296 293 294  0.217 0.92 0.92 
4 297 291 293 296  0.217 0.92 0.92 
4 294 298 299 295  0.217 0.92 0.92 
4 291 297 300 301  0.217 0.92 0.92 
4 301 302 292 291  0.217 0.92 0.92 
4 302 298 294 292  0.217 0.92 0.92 
3 298 302 303  0.217 0.92 0.92 
3 302 301 303  0.217 0.92 0.92 
4 300 304 303 301  0.217 0.92 0.92 
4 304 299 298 303  0.217 0.92 0.92 
3 305 306 268  0.217 0.92 0.92 
3 306 288 268  0.217 0.92 0.92 
4 200 305 285 189  0.217 0.92 0.92 
3 285 305 268  0.217 0.92 0.92 
4 200 207 224 305  0.217 0.92 0.92 
3 305 224 290  0.217 0.92 0.92 
3 288 306 290  0.217 0.92 0.92 
3 306 305 290  0.217 0.92 0.92 
4 307 216 205 289  0.217 0.92 0.92 
4 289 290 308 307  0.217 0.92 0.92 
4 309 221 216 307  0.217 0.92 0.92 
3 241 221 309  0.217 0.92 0.92 
4 307 308 310 309  0.217 0.92 0.92 
4 241 309 310 242  0.217 0.92 0.92 
3 308 290 224  0.217 0.92 0.92 
3 227 311 224  0.217 0.92 0.92 
3 311 308 224  0.217 0.92 0.92 
4 308 311 312 310  0.217 0.92 0.92 
4 242 310 312 248  0.217 0.92 0.92 
4 231 312 311 225  0.217 0.92 0.92 
3 248 312 231  0.217 0.92 0.92 
3 227 225 311  0.217 0.92 0.92 
3 275 313 273  0.217 0.92 0.92 
3 273 313 274  0.217 0.92 0.92 
4 314 315 316 317  0.217 0.92 0.92 
4 315 318 313 316  0.217 0.92 0.92 
3 317 316 313  0.217 0.92 0.92 
4 314 317 319 320  0.217 0.92 0.92 
3 317 313 319  0.217 0.92 0.92 
3 321 319 313  0.217 0.92 0.92 
3 275 277 313  0.217 0.92 0.92 
3 318 322 278  0.217 0.92 0.92 
3 277 321 313  0.217 0.92 0.92 
3 278 274 318  0.217 0.92 0.92 
3 274 313 318  0.217 0.92 0.92 
4 323 274 318 324  0.217 0.92 0.92 
4 323 324 325 326  0.217 0.92 0.92 
4 324 318 327 325  0.217 0.92 0.92 
4 318 274 328 327  0.217 0.92 0.92 
4 274 323 326 328  0.217 0.92 0.92 
3 318 315 329  0.217 0.92 0.92 
3 315 314 329  0.217 0.92 0.92 
3 314 320 329  0.217 0.92 0.92 
3 320 318 329  0.217 0.92 0.92 
3 322 318 330  0.217 0.92 0.92 
3 318 320 330  0.217 0.92 0.92 
4 321 277 282 331  0.217 0.92 0.92 
3 331 282 278  0.217 0.92 0.92 
3 332 331 278  0.217 0.92 0.92 
4 332 320 319 331  0.217 0.92 0.92 
3 321 331 319  0.217 0.92 0.92 
3 332 278 330  0.217 0.92 0.92 
3 278 322 330  0.217 0.92 0.92 
3 320 332 330  0.217 0.92 0.92 
4 326 325 333 334  0.217 0.92 0.92 
4 325 327 335 333  0.217 0.92 0.92 
4 327 328 295 335  0.217 0.92 0.92 
4 328 326 334 295  0.217 0.92 0.92 
4 334 333 335 295  0.217 0.92 0.92 
3 336 337 329  0.217 0.92 0.92 
3 337 335 329  0.217 0.92 0.92 
3 335 338 329  0.217 0.92 0.92 
3 338 336 329  0.217 0.92 0.92 
3 338 335 330  0.217 0.92 0.92 
3 335 339 330  0.217 0.92 0.92 
3 297 296 340  0.217 0.92 0.92 
3 340 296 295  0.217 0.92 0.92 
4 341 342 337 336  0.217 0.92 0.92 
4 342 340 335 337  0.217 0.92 0.92 
3 341 340 342  0.217 0.92 0.92 
4 341 336 338 343  0.217 0.92 0.92 
3 341 343 340  0.217 0.92 0.92 
3 344 340 343  0.217 0.92 0.92 
3 339 335 299  0.217 0.92 0.92 
3 300 297 340  0.217 0.92 0.92 
3 299 335 295  0.217 0.92 0.92 
3 335 340 295  0.217 0.92 0.92 
3 344 300 340  0.217 0.92 0.92 
3 339 299 330  0.217 0.92 0.92 
3 330 299 345  0.217 0.92 0.92 
3 338 330 345  0.217 0.92 0.92 
3 346 345 299  0.217 0.92 0.92 
4 344 346 304 300  0.217 0.92 0.92 
3 304 346 299  0.217 0.92 0.92 
4 346 343 338 345  0.217 0.92 0.92 
3 344 343 346  0.217 0.92 0.92 
