OFF
72 70 0

-8.08 -24.24 21.1253
0 -24.24 21.1253
0 -24.24 29.2052
-8.08 -24.24 29.2052
-8.08 -16.16 29.2052
-8.08 -16.16 21.1253
-0.000853033 -17.4409 30.7853
0 -16.16 21.1253
8.08 -24.24 21.1253
8.08 -24.24 29.2052
8.08 -16.16 29.2052
8.08 -16.16 21.1253
-8.08 -8.08 29.2052
-8.08 -8.08 21.1253
0 -8.08 21
8.08 -8.08 29.2052
2 -8.08 29.2052
8.08 -8.08 21.1253
-8.08 0 29.2052
-8.08 0 21.1253
0 0 21
8.08 0 29.2052
2 0 29.2052
8.08 0 21.1253
-8.08 8.08 29.2052
-8.08 8.08 21.1253
0 8.08 21
8.08 8.08 29.2052
2 8.08 29.2052
8.08 8.08 21.1253
-8.08 16.16 29.2052
-8.08 16.16 21.1253
0 16.16 21.1253
8.08 16.16 29.2052
-0.000853033 17.4409 30.7853
8.08 16.16 21.1253
-8.08 24.24 29.2052
-8.08 24.24 21.1253
0 24.24 29.2052
0 24.24 21.1253
8.08 24.24 29.2052
8.08 24.24 21.1253
0 -16.16 37.2852
-8.08 -16.16 37.2852
-8.08 -8.08 37.2852
0 -8.08 37.2852
-8.08 0 37.2852
0 0 37.2852
0 -8.5 45.3653
-8.08 -8.08 45.3653
-8.08 0 45.3653
0 0 45.3653
8.08 -8.08 37.2852
8.08 -8.08 45.3653
8.08 0 37.2852
8.08 0 45.3653
-8.08 8.08 37.2852
0 8.08 37.2852
-8.08 8.08 45.3653
0 8.5 45.3653
8.08 8.08 37.2852
8.08 8.08 45.3653
-8.08 16.16 37.2852
0 16.16 37.2852
8.08 -8.08 53.4453
0 -8.08 53.4453
0 0 53.4453
8.08 0 53.4453
-8.08 0 53.4453
-8.08 8.08 53.4453
0 8.08 53.4453
8.08 8.08 53.4453

4 0 1 2 3  0.217 0.92 0.92 
4 0 3 4 5  0.217 0.92 0.92 
4 3 2 6 4  0.217 0.92 0.92 
4 1 0 5 7  0.217 0.92 0.92 
4 1 8 9 2  0.217 0.92 0.92 
4 2 9 10 6  0.217 0.92 0.92 
4 9 8 11 10  0.217 0.92 0.92 
4 8 1 7 11  0.217 0.92 0.92 
4 5 4 12 13  0.217 0.92 0.92 
4 7 5 13 14  0.217 0.92 0.92 
4 6 10 15 16  0.217 0.92 0.92 
4 10 11 17 15  0.217 0.92 0.92 
4 11 7 14 17  0.217 0.92 0.92 
4 13 12 18 19  0.217 0.92 0.92 
4 14 13 19 20  0.217 0.92 0.92 
4 16 15 21 22  0.217 0.92 0.92 
4 15 17 23 21  0.217 0.92 0.92 
4 17 14 20 23  0.217 0.92 0.92 
4 19 18 24 25  0.217 0.92 0.92 
4 20 19 25 26  0.217 0.92 0.92 
4 22 21 27 28  0.217 0.92 0.92 
4 21 23 29 27  0.217 0.92 0.92 
4 23 20 26 29  0.217 0.92 0.92 
4 25 24 30 31  0.217 0.92 0.92 
4 26 25 31 32  0.217 0.92 0.92 
4 28 27 33 34  0.217 0.92 0.92 
4 27 29 35 33  0.217 0.92 0.92 
4 29 26 32 35  0.217 0.92 0.92 
4 31 30 36 37  0.217 0.92 0.92 
4 30 34 38 36  0.217 0.92 0.92 
4 32 31 37 39  0.217 0.92 0.92 
4 37 36 38 39  0.217 0.92 0.92 
4 34 33 40 38  0.217 0.92 0.92 
4 33 35 41 40  0.217 0.92 0.92 
4 35 32 39 41  0.217 0.92 0.92 
4 39 38 40 41  0.217 0.92 0.92 
4 4 6 42 43  0.217 0.92 0.92 
4 4 43 44 12  0.217 0.92 0.92 
4 43 42 45 44  0.217 0.92 0.92 
4 42 6 16 45  0.217 0.92 0.92 
4 12 44 46 18  0.217 0.92 0.92 
4 45 16 22 47  0.217 0.92 0.92 
4 44 45 48 49  0.217 0.92 0.92 
4 44 49 50 46  0.217 0.92 0.92 
4 49 48 51 50  0.217 0.92 0.92 
4 45 52 53 48  0.217 0.92 0.92 
4 53 52 54 55  0.217 0.92 0.92 
4 52 45 47 54  0.217 0.92 0.92 
4 18 46 56 24  0.217 0.92 0.92 
4 47 22 28 57  0.217 0.92 0.92 
4 46 50 58 56  0.217 0.92 0.92 
4 56 58 59 57  0.217 0.92 0.92 
4 55 54 60 61  0.217 0.92 0.92 
4 54 47 57 60  0.217 0.92 0.92 
4 57 59 61 60  0.217 0.92 0.92 
4 24 56 62 30  0.217 0.92 0.92 
4 56 57 63 62  0.217 0.92 0.92 
4 57 28 34 63  0.217 0.92 0.92 
4 30 62 63 34  0.217 0.92 0.92 
4 48 53 64 65  0.217 0.92 0.92 
4 48 65 66 51  0.217 0.92 0.92 
4 65 64 67 66  0.217 0.92 0.92 
4 64 53 55 67  0.217 0.92 0.92 
4 50 51 66 68  0.217 0.92 0.92 
4 50 68 69 58  0.217 0.92 0.92 
4 68 66 70 69  0.217 0.92 0.92 
4 58 69 70 59  0.217 0.92 0.92 
4 66 67 71 70  0.217 0.92 0.92 
4 67 55 61 71  0.217 0.92 0.92 
4 59 70 71 61  0.217 0.92 0.92 
