OFF
1714 1742 0

0 -30.3 -5.13475
2.02 -30.3 -5.13475
2.02 -30.5425 -3.33997
0 -30.3 -3.11475
0 -28.28 -3.11475
0 -28.28 -5.13475
2.02 -28.6 -5.43191
4.04 -30.3 -5.13475
4.04 -30.5425 -3.33997
4.04 -28.6 -5.43191
6.06 -30.3 -5.13475
6.06 -30.5425 -3.33997
6.06 -28.6 -5.43191
8.08 -30.3 -5.13475
8.08 -30.3 -3.11475
8.08 -28.28 -5.13475
8.08 -28.28 -3.11475
0 -26.26 -9.17475
2.02 -26.26 -9.17475
2.02 -26.6575 -7.52385
0 -26.26 -7.15475
0 -24.24 -7.15475
0 -24.24 -9.17475
2.02 -24.715 -9.61579
2.02 -24.2166 -7.1501
4.04 -26.26 -9.17475
4.04 -26.6575 -7.52385
4.04 -24.715 -9.61579
4.04 -24.2166 -7.1501
0 -28.28 -7.15475
2.02 -28.28 -7.15475
0 -26.26 -5.13475
0 -26.26 -3.11475
4.04 -28.28 -7.15475
0 -24.24 -5.13475
2.01999 -24.0336 -5.205
0 -24.24 -3.11475
2.02 -23.2599 -4.0251
4.04 -23.2599 -4.0251
4.03999 -24.0335 -5.20504
6.06 -28.28 -7.15475
6.06 -26.6575 -7.52385
8.08 -26.26 -5.13475
8.08 -26.26 -3.11475
8.08 -28.28 -7.15475
8.08 -26.26 -7.15475
6.05999 -24.0334 -5.20508
6.06 -24.2166 -7.1501
6.06 -23.2599 -4.0251
8.08 -24.24 -5.13475
8.08 -24.24 -3.11475
8.08 -24.24 -7.15475
6.06 -26.26 -9.17475
6.06 -24.715 -9.61579
8.08 -26.26 -9.17475
8.08 -24.24 -9.17475
0 -24.24 -11.1948
2.02 -24.24 -11.1948
0 -22.22 -9.17475
0 -22.22 -11.1948
2.02 -22.22 -9.17475
2.01992 -22.2488 -11.2782
4.04 -24.24 -11.1948
4.04 -22.22 -9.17475
4.0401 -22.2442 -11.2778
0 -20.2 -9.17475
0 -20.2 -11.1948
2.02 -20.2 -9.17475
2.01984 -20.1729 -11.4571
4.04 -20.2 -9.17475
4.03984 -20.1728 -11.4583
6.06 -24.24 -11.1948
6.06 -22.22 -9.17475
6.06009 -22.2436 -11.2756
8.08 -24.24 -11.1948
8.08 -22.22 -9.17475
8.08 -22.22 -11.1948
6.06 -20.2 -9.17475
6.05983 -20.1727 -11.4596
8.08 -20.2 -9.17475
8.08 -20.2 -11.1948
0 -18.18 -9.17475
0 -18.18 -11.1948
2.02 -18.3356 -8.99727
2.02 -18.18 -11.1948
4.04 -18.3356 -8.99727
4.04 -18.18 -11.1948
2.02 -18.18 -7.15475
0 -18.18 -7.15475
0 -16.16 -7.15475
0 -16.16 -9.17475
2.02 -16.16 -9.17475
2.01989 -15.841 -7.2072
4.04 -18.18 -7.15475
4.04 -16.16 -9.17475
4.03989 -15.8404 -7.20731
2.02 -18.18 -5.13475
0 -18.18 -5.13475
0 -16.16 -5.13475
2.02 -15.785 -5.13475
2.01996 -18.6544 -3.72336
0 -18.18 -3.11475
0 -16.16 -3.11475
2.02 -15.785 -3.11475
4.04 -18.18 -5.13475
4.03996 -18.6544 -3.72344
4.04 -15.785 -3.11475
4.04 -15.785 -5.13475
6.06 -18.18 -7.15475
6.06 -18.18 -5.13475
6.06 -15.785 -5.13475
6.05989 -15.8397 -7.20742
6.05996 -18.6545 -3.72352
6.06 -15.785 -3.11475
8.08 -18.18 -5.13475
8.08 -18.18 -3.11475
8.08 -16.16 -5.13475
8.08 -16.16 -3.11475
8.08 -18.18 -7.15475
8.08 -16.16 -7.15475
6.06 -18.3356 -8.99727
6.06 -18.18 -11.1948
8.08 -18.18 -9.17475
8.08 -18.18 -11.1948
6.06 -16.16 -9.17475
8.08 -16.16 -9.17475
0 16.16 -9.17475
2.02 16.16 -9.17475
2.01989 15.841 -7.2072
0 16.16 -7.15475
0 18.18 -7.15475
0 18.18 -9.17475
2.02 18.3355 -8.9971
2.02 18.18 -7.15475
4.04 16.16 -9.17475
4.03989 15.8404 -7.20731
4.04 18.3355 -8.9971
4.04 18.18 -7.15475
0 18.18 -11.1948
2.02 18.18 -11.1948
0 20.2 -9.17475
0 20.2 -11.1948
2.02 20.2 -9.17475
2.01984 20.1729 -11.4571
4.04 18.18 -11.1948
4.04 20.2 -9.17475
4.03984 20.1728 -11.4583
2.02 15.785 -5.13475
0 16.16 -5.13475
0 18.18 -5.13475
2.02 18.18 -5.13475
2.02 15.785 -3.11475
0 16.16 -3.11475
0 18.18 -3.11475
2.01996 18.6544 -3.72336
4.04 15.785 -5.13475
4.04 15.785 -3.11475
4.03996 18.6544 -3.72344
4.04 18.18 -5.13475
6.05989 15.8397 -7.20742
6.06 15.785 -5.13475
6.06 18.18 -5.13475
6.06 18.18 -7.15475
6.06 15.785 -3.11475
6.05996 18.6545 -3.72352
8.08 16.16 -5.13475
8.08 16.16 -3.11475
8.08 18.18 -5.13475
8.08 18.18 -3.11475
8.08 16.16 -7.15475
8.08 18.18 -7.15475
6.06 16.16 -9.17475
6.06 18.3355 -8.9971
8.08 16.16 -9.17475
8.08 18.18 -9.17475
6.06 18.18 -11.1948
6.06 20.2 -9.17475
6.05983 20.1727 -11.4596
8.08 18.18 -11.1948
8.08 20.2 -9.17475
8.08 20.2 -11.1948
0 22.22 -9.17475
0 22.22 -11.1948
2.02 22.22 -9.17475
2.01992 22.2488 -11.2782
4.04 22.22 -9.17475
4.0401 22.2442 -11.2778
0 24.24 -9.17475
0 24.24 -11.1948
2.02 24.715 -9.61579
2.02 24.24 -11.1948
4.04 24.715 -9.61579
4.04 24.24 -11.1948
6.06 22.22 -9.17475
6.06009 22.2436 -11.2756
8.08 22.22 -9.17475
8.08 22.22 -11.1948
6.06 24.715 -9.61579
6.06 24.24 -11.1948
8.08 24.24 -9.17475
8.08 24.24 -11.1948
2.02 24.2166 -7.15009
0 24.24 -7.15475
0 26.26 -7.15475
0 26.26 -9.17475
2.02 26.26 -9.17475
2.02 26.6575 -7.52385
4.04 24.2166 -7.15008
4.04 26.26 -9.17475
4.04 26.6575 -7.52385
2.01999 24.0335 -5.20482
0 24.24 -5.13475
0 26.26 -5.13475
2.02 23.2599 -4.0251
0 24.24 -3.11475
0 26.26 -3.11475
4.03999 24.0334 -5.20486
4.04 23.2599 -4.0251
0 28.28 -5.13475
0 28.28 -7.15475
2.02 28.28 -7.15475
2.02 28.6 -5.43191
0 28.28 -3.11475
4.04 28.28 -7.15475
4.04 28.6 -5.43191
6.06 24.2166 -7.15009
6.05999 24.0333 -5.2049
6.06 23.2599 -4.0251
8.08 24.24 -5.13475
8.08 24.24 -3.11475
8.08 26.26 -5.13475
8.08 26.26 -3.11475
8.08 24.24 -7.15475
8.08 26.26 -7.15475
6.06 26.6575 -7.52385
6.06 28.28 -7.15475
6.06 28.6 -5.43191
8.08 28.28 -5.13475
8.08 28.28 -3.11475
8.08 28.28 -7.15475
6.06 26.26 -9.17475
8.08 26.26 -9.17475
0 30.3 -3.11475
0 30.3 -5.13475
2.02 30.3 -5.13475
2.02 30.5425 -3.33997
4.04 30.3 -5.13475
4.04 30.5425 -3.33997
6.06 30.3 -5.13475
6.06 30.5425 -3.33997
8.08 30.3 -5.13475
8.08 30.3 -3.11475
0 -28.28 4.96525
2.02024 -28.3867 5.06349
2.02 -28.28 6.98525
0 -28.28 6.98525
0 -26.26 6.98525
0 -26.26 4.96525
2.02001 -26.6087 7.2319
4.04023 -28.3843 5.06126
4.04 -28.28 6.98525
4.03929 -26.6092 7.23661
0 -24.24 6.98525
0 -24.24 4.96525
2.02 -26.26 9.00525
0 -26.26 9.00525
0 -24.24 9.00525
2.01789 -25.1062 9.53805
4.04 -26.26 9.00525
4.03788 -25.1098 9.54025
6.06022 -28.3818 5.05904
6.06 -28.28 6.98525
6.05929 -26.6119 7.23856
8.08 -28.28 4.96525
8.08 -28.28 6.98525
8.08 -26.26 6.98525
8.08 -26.26 4.96525
6.06 -26.26 9.00525
6.05787 -25.1134 9.54245
8.08 -26.26 9.00525
8.08 -24.24 9.00525
8.08 -24.24 6.98525
8.08 -24.24 4.96525
0 -32.32 -3.11475
2.02 -32.32 -3.11475
2.02 -32.32 -1.09475
0 -32.32 -1.09475
0 -30.3 -1.09475
2.01999 -32.3321 0.929991
0 -32.32 0.92525
0 -30.3 0.92525
4.04 -32.32 -1.09475
4.04001 -32.3335 0.929203
4.04 -32.32 -3.11475
0 -28.28 -1.09475
0 -28.28 0.92525
2.02 -32.32 2.94525
0 -32.32 2.94525
0 -30.3 2.94525
2.01961 -30.4225 3.0913
4.04 -32.32 2.94525
4.0396 -30.4252 3.09449
0 -28.28 2.94525
2.02184 -29.3521 4.06876
4.03622 -29.3779 4.04151
6.06001 -32.3321 0.928797
6.06 -32.32 2.94525
6.06 -30.4274 3.09469
8.08 -32.32 0.92525
8.08 -32.32 2.94525
8.08 -30.3 2.94525
8.08 -30.3 0.92525
6.05621 -29.3814 4.04498
8.08 -28.28 2.94525
8.08 -28.28 0.92525
6.06 -32.32 -3.11475
6.06 -32.32 -1.09475
8.08 -32.32 -1.09475
8.08 -30.3 -1.09475
8.08 -32.32 -3.11475
8.08 -28.28 -1.09475
0 -26.26 -1.09475
0 -26.26 0.92525
0 -24.24 -1.09475
0 -24.24 0.92525
0 -26.26 2.94525
0 -24.24 2.94525
8.08 -26.26 2.94525
8.08 -26.26 0.92525
8.08 -24.24 2.94525
8.08 -24.24 0.92525
8.08 -26.26 -1.09475
8.08 -24.24 -1.09475
0 -22.22 6.98525
0 -22.22 4.96525
0 -22.22 9.00525
0 -20.2 6.98525
0 -20.2 4.96525
0 -20.2 9.00525
2.01983 -24.3025 11.0565
0 -24.24 11.0252
0 -22.22 11.0252
2.02 -24.24 13.0452
0 -24.24 13.0452
0 -22.22 13.0452
2.02136 -23.2968 13.4484
4.03982 -24.3069 11.0587
4.04 -24.24 13.0452
4.04136 -23.2945 13.4476
0 -20.2 11.0252
0 -20.2 13.0452
6.05981 -24.3113 11.0609
6.06 -24.24 13.0452
6.06136 -23.2923 13.4467
8.08 -24.24 11.0252
8.08 -24.24 13.0452
8.08 -22.22 13.0452
8.08 -22.22 11.0252
8.08 -22.22 9.00525
8.08 -20.2 11.0252
8.08 -20.2 13.0452
8.08 -20.2 9.00525
8.08 -22.22 6.98525
8.08 -22.22 4.96525
8.08 -20.2 6.98525
8.08 -20.2 4.96525
0 -18.18 6.98525
0 -18.18 4.96525
0 -18.18 9.00525
0 -16.16 6.98525
0 -16.16 4.96525
2.02 -15.6347 6.85687
2.02 -15.785 4.96525
0 -16.16 9.00525
2.02 -15.1377 8.73131
4.04 -15.1377 8.73131
4.04 -15.6347 6.85687
4.04 -15.785 4.96525
0 -18.18 11.0252
0 -18.18 13.0452
0 -16.16 11.0252
0 -16.16 13.0452
8.08 -18.18 11.0252
8.08 -18.18 13.0452
8.08 -18.18 9.00525
8.08 -16.16 11.0252
8.08 -16.16 13.0452
8.08 -16.16 9.00525
8.08 -18.18 6.98525
8.08 -18.18 4.96525
6.06 -15.6347 6.85687
6.06 -15.785 4.96525
6.06 -15.1377 8.73131
8.08 -16.16 6.98525
8.08 -16.16 4.96525
0 -22.22 -1.09475
0 -22.22 -3.11475
2.01999 -22.1413 -3.2748
0 -22.22 0.92525
4.03999 -22.1412 -3.2749
0 -20.2 -1.09475
0 -20.2 -3.11475
2.02 -20.2 -3.11475
0 -20.2 0.92525
4.04 -20.2 -3.11475
0 -22.22 2.94525
0 -20.2 2.94525
8.08 -22.22 2.94525
8.08 -22.22 0.92525
8.08 -20.2 2.94525
8.08 -20.2 0.92525
6.05999 -22.1412 -3.27501
8.08 -22.22 -1.09475
8.08 -22.22 -3.11475
6.06 -20.2 -3.11475
8.08 -20.2 -1.09475
8.08 -20.2 -3.11475
0 -18.18 -1.09475
0 -18.18 0.92525
0 -16.16 -1.09475
2.02 -15.785 -1.09475
0 -16.16 0.92525
2.02 -15.785 0.92525
4.04 -15.785 0.92525
4.04 -15.785 -1.09475
0 -18.18 2.94525
0 -16.16 2.94525
2.02 -15.785 2.94525
4.04 -15.785 2.94525
8.08 -18.18 2.94525
8.08 -18.18 0.92525
6.06 -15.785 2.94525
6.06 -15.785 0.92525
8.08 -16.16 2.94525
8.08 -16.16 0.92525
8.08 -18.18 -1.09475
6.06 -15.785 -1.09475
8.08 -16.16 -1.09475
0 -14.14 11.0252
0 -14.14 9.00525
2.02 -14.14 9.00525
2.02 -14.14 11.0252
0 -14.14 13.0452
2.02 -13.9923 13.0057
4.04 -13.9923 13.0057
4.04 -14.14 11.0252
4.04 -14.14 9.00525
6.06 -14.14 9.00525
6.06 -14.14 11.0252
6.06 -13.9923 13.0057
8.08 -14.14 11.0252
8.08 -14.14 13.0452
8.08 -14.14 9.00525
0 14.14 9.00525
2.02 14.14 9.00525
2.02 14.14 11.0252
0 14.14 11.0252
0 16.16 11.0252
0 16.16 9.00525
2.02 15.1377 8.73131
2.02 13.9923 13.0057
0 14.14 13.0452
0 16.16 13.0452
4.04 14.14 11.0252
4.04 13.9923 13.0057
4.04 14.14 9.00525
4.04 15.1377 8.73131
6.06 14.14 9.00525
6.06 14.14 11.0252
6.06 15.1377 8.73131
6.06 13.9923 13.0057
8.08 14.14 11.0252
8.08 14.14 13.0452
8.08 16.16 11.0252
8.08 16.16 13.0452
8.08 14.14 9.00525
8.08 16.16 9.00525
0 16.16 4.96525
2.02 15.785 4.96525
2.02 15.6347 6.85687
0 16.16 6.98525
0 18.18 6.98525
0 18.18 4.96525
0 18.18 9.00525
4.04 15.6347 6.85687
4.04 15.785 4.96525
0 20.2 6.98525
0 20.2 4.96525
0 20.2 9.00525
0 18.18 11.0252
0 18.18 13.0452
0 20.2 11.0252
0 20.2 13.0452
8.08 18.18 11.0252
8.08 18.18 13.0452
8.08 18.18 9.00525
8.08 20.2 11.0252
8.08 20.2 13.0452
8.08 20.2 9.00525
6.06 15.785 4.96525
6.06 15.6347 6.85687
8.08 16.16 6.98525
8.08 18.18 6.98525
8.08 16.16 4.96525
8.08 18.18 4.96525
8.08 20.2 6.98525
8.08 20.2 4.96525
0 22.22 6.98525
0 22.22 4.96525
0 22.22 9.00525
0 24.24 6.98525
0 24.24 4.96525
0 24.24 9.00525
0 22.22 11.0252
0 22.22 13.0452
0 24.24 11.0252
2.01983 24.3025 11.0565
2.01832 25.1096 9.53021
0 24.24 13.0452
2.02136 23.2968 13.4484
2.02 24.24 13.0452
4.04136 23.2945 13.4476
4.04 24.24 13.0452
4.03982 24.3069 11.0587
4.03831 25.1125 9.53194
8.08 22.22 11.0252
8.08 22.22 13.0452
8.08 22.22 9.00525
6.05981 24.3113 11.0609
6.05831 25.1154 9.53367
6.06136 23.2923 13.4467
6.06 24.24 13.0452
8.08 24.24 13.0452
8.08 24.24 11.0252
8.08 24.24 9.00525
8.08 22.22 6.98525
8.08 22.22 4.96525
8.08 24.24 6.98525
8.08 24.24 4.96525
2.02 15.785 -1.09475
0 16.16 -1.09475
0 18.18 -1.09475
2.02 15.785 0.92525
0 16.16 0.92525
0 18.18 0.92525
4.04 15.785 -1.09475
4.04 15.785 0.92525
0 20.2 -1.09475
0 20.2 -3.11475
2.02 20.2 -3.11475
0 20.2 0.92525
4.04 20.2 -3.11475
2.02 15.785 2.94525
0 16.16 2.94525
0 18.18 2.94525
4.04 15.785 2.94525
0 20.2 2.94525
6.06 15.785 0.92525
6.06 15.785 2.94525
8.08 16.16 2.94525
8.08 18.18 2.94525
8.08 16.16 0.92525
8.08 18.18 0.92525
8.08 20.2 2.94525
8.08 20.2 0.92525
6.06 15.785 -1.09475
8.08 16.16 -1.09475
8.08 18.18 -1.09475
6.06 20.2 -3.11475
8.08 20.2 -1.09475
8.08 20.2 -3.11475
0 22.22 -1.09475
0 22.22 -3.11475
2.01999 22.1411 -3.27474
0 22.22 0.92525
4.03999 22.141 -3.27484
0 24.24 -1.09475
0 24.24 0.92525
0 22.22 2.94525
0 24.24 2.94525
8.08 22.22 2.94525
8.08 22.22 0.92525
8.08 24.24 2.94525
8.08 24.24 0.92525
6.05999 22.141 -3.27495
8.08 22.22 -1.09475
8.08 22.22 -3.11475
8.08 24.24 -1.09475
0 26.26 6.98525
0 26.26 4.96525
0 26.26 9.00525
2.02 26.26 9.00525
2.01911 26.6121 7.23433
4.04 26.26 9.00525
4.0391 26.6155 7.23673
0 28.28 6.98525
0 28.28 4.96525
2.02 28.28 6.98525
2.02024 28.3867 5.06349
4.04 28.28 6.98525
4.04023 28.3843 5.06126
6.06 26.26 9.00525
6.06001 26.6145 7.24044
8.08 26.26 9.00525
8.08 26.26 6.98525
8.08 26.26 4.96525
6.06 28.28 6.98525
6.06022 28.3818 5.05904
8.08 28.28 6.98525
8.08 28.28 4.96525
0 26.26 -1.09475
0 26.26 0.92525
0 28.28 -1.09475
0 28.28 0.92525
0 26.26 2.94525
0 28.28 2.94525
2.02184 29.3521 4.06876
4.03622 29.3779 4.04151
8.08 26.26 2.94525
8.08 26.26 0.92525
6.05621 29.3814 4.04498
8.08 28.28 2.94525
8.08 28.28 0.92525
8.08 26.26 -1.09475
8.08 28.28 -1.09475
0 30.3 -1.09475
0 30.3 0.92525
0 32.32 -1.09475
0 32.32 -3.11475
2.02 32.32 -3.11475
2.02 32.32 -1.09475
0 32.32 0.92525
2.01999 32.3321 0.929991
4.04001 32.3335 0.929203
4.04 32.32 -1.09475
4.04 32.32 -3.11475
0 30.3 2.94525
2.01969 30.421 3.0872
4.03969 30.4232 3.08973
0 32.32 2.94525
2.02 32.32 2.94525
4.04 32.32 2.94525
6.05968 30.4254 3.09226
8.08 30.3 2.94525
8.08 30.3 0.92525
6.06 32.32 2.94525
6.06001 32.3321 0.928797
8.08 32.32 2.94525
8.08 32.32 0.92525
8.08 30.3 -1.09475
6.06 32.32 -3.11475
6.06 32.32 -1.09475
8.08 32.32 -1.09475
8.08 32.32 -3.11475
-8.08 -18.18 23.1453
-6.0601 -18.2842 23.0609
-6.06009 -19.2518 24.8783
-8.08 -18.18 25.1653
-8.08 -16.16 25.1653
-8.08 -16.16 23.1453
-6.06138 -16.9785 21.8833
-4.0401 -18.2854 23.06
-4.04009 -19.2519 24.8782
-4.04138 -16.9795 21.8817
-6.0611 -19.4227 27.3824
-8.08 -18.18 27.1852
-8.08 -16.16 27.1852
-6.06023 -18.6112 29.4854
-8.08 -18.18 29.2052
-8.08 -16.16 29.2052
-4.0411 -19.4245 27.3827
-4.04023 -18.612 29.4859
-2.02009 -19.2521 24.8782
-2.01859 -19.4147 27.4401
-2.02023 -18.6127 29.4864
0 -19.4125 27.4396
-0.000232277 -18.6135 29.4869
0 -19.2538 24.8863
-2.01986 -18.2834 23.056
-2.02138 -16.9805 21.8802
0 -18.2818 23.0573
0 -16.9036 21.8343
0 -20.2 21.1253
2.02 -21.0716 21.3588
2.02 -20.5666 23.2435
0 -20.2 23.1453
0 -18.18 21.1253
2.02 -20.2 25.1653
0 -20.2 25.1653
4.04 -20.5666 23.2435
4.04 -20.2 25.1653
4.04 -21.0716 21.3588
0 -16.16 21.1253
2.02 -20.2 27.1852
0 -20.2 27.1852
2.02 -19.4213 27.5179
4.04 -20.2 27.1852
4.04 -19.4213 27.5179
2.01977 -18.6142 29.4874
4.03977 -18.615 29.4879
6.06 -20.2 25.1653
6.06 -20.2 27.1852
6.06 -19.4213 27.5179
8.08 -20.2 25.1653
8.08 -20.2 27.1852
8.08 -18.18 27.1852
8.08 -18.18 25.1653
6.06026 -18.6269 29.468
8.08 -18.18 29.2052
8.08 -16.16 27.1852
8.08 -16.16 29.2052
8.08 -16.16 25.1653
6.06 -21.0716 21.3588
6.06 -20.5666 23.2435
8.08 -20.2 23.1453
8.08 -18.18 23.1453
8.08 -20.2 21.1253
8.08 -18.18 21.1253
8.08 -16.16 23.1453
8.08 -16.16 21.1253
2.02 -22.7267 15.2187
0 -22.22 15.0653
0 -20.2 15.0653
2.02 -22.22 17.0852
0 -22.22 17.0852
0 -20.2 17.0852
4.04 -22.7267 15.2187
4.04 -22.22 17.0852
2.02 -22.22 19.1053
0 -22.22 19.1053
0 -20.2 19.1053
2.02 -21.5766 19.4741
4.04 -22.22 19.1053
4.04 -21.5766 19.4741
6.06 -22.22 17.0852
6.06 -22.22 19.1053
6.06 -21.5766 19.4741
8.08 -22.22 17.0852
8.08 -22.22 19.1053
8.08 -20.2 19.1053
8.08 -20.2 17.0852
6.06 -22.7267 15.2187
8.08 -22.22 15.0653
8.08 -20.2 15.0653
0 -18.18 15.0653
0 -18.18 17.0852
0 -16.16 15.0653
0 -16.16 17.0852
0 -18.18 19.1053
0 -16.16 19.1053
8.08 -18.18 19.1053
8.08 -18.18 17.0852
8.08 -16.16 19.1053
8.08 -16.16 17.0852
8.08 -18.18 15.0653
8.08 -16.16 15.0653
-8.08 -16.16 21.1253
-6.06 -16.16 21.1253
-8.08 -14.14 23.1453
-8.08 -14.14 21.1253
-6.06 -14.1468 21.0086
-8.08 -14.14 25.1653
-4.04 -16.16 21.1253
-4.04 -14.1468 21.0086
-8.08 -12.12 23.1453
-8.08 -12.12 21.1253
-6.06 -12.12 21
-8.08 -12.12 25.1653
-4.04 -12.12 21
-8.08 -14.14 27.1852
-8.08 -14.14 29.2052
-8.08 -12.12 27.1852
-8.08 -12.12 29.2052
-2.02 -16.16 21.1253
-2.02 -14.1468 21.0086
0 -14.1468 21.0086
-2.02 -12.12 21
0 -12.12 21
-8.08 -10.1 23.1453
-8.08 -10.1 21.1253
-6.06 -10.1 21
-8.08 -10.1 25.1653
-4.04 -10.1 21
-8.08 -8.08 23.1453
-8.08 -8.08 21.1253
-6.06 -8.08 21
-8.08 -8.08 25.1653
-4.04 -8.08 21
-8.08 -10.1 27.1852
-8.08 -10.1 29.2052
-8.08 -8.08 27.1852
-8.08 -8.08 29.2052
8.08 -14.14 27.1852
8.08 -14.14 29.2052
8.08 -14.14 25.1653
8.08 -12.12 27.1852
8.08 -12.12 29.2052
8.08 -12.12 25.1653
8.08 -14.14 23.1453
8.08 -14.14 21.1253
8.08 -12.12 23.1453
8.08 -12.12 21.1253
2.02 -11.2501 20.5725
0 -10.1 21
2.02 -10.1 21.1253
2.02 -9.75468 22.9258
2.01865 -8.82711 24.6447
4.04121 -8.78441 24.7635
4.04 -9.75468 22.9258
4.04 -11.2501 20.5725
4.04 -10.1 21.1253
2.02 -8.08 21.1253
2.02 -8.08 23.1453
0 -8.08 21
2.02 -8.08 25.1653
2.01779 -8.60001 27.499
2.01963 -9.46618 29.6036
4.03994 -9.46725 29.6064
4.03778 -8.59715 27.4996
2.02 -8.08 27.1852
2.02 -8.08 29.2052
6.06198 -8.5761 27.3912
6.0612 -8.78611 24.764
6.05994 -9.4671 29.6065
8.08 -10.1 27.1852
8.08 -10.1 29.2052
8.08 -10.1 25.1653
6.06 -8.08 29.2052
6.06 -8.08 27.1852
8.08 -8.08 29.2052
8.08 -8.08 27.1852
6.06 -8.08 25.1653
8.08 -8.08 25.1653
6.06 -11.2501 20.5725
6.06 -10.1 21.1253
6.06 -9.75468 22.9258
8.08 -10.1 23.1453
8.08 -10.1 21.1253
0 -14.14 15.0653
2.02 -13.4873 14.8904
0 -14.14 17.0852
2.02 -12.9823 16.775
4.04 -12.9823 16.775
4.04 -13.4873 14.8904
0 -14.14 19.1053
0 -12.12 19.1053
0 -12.12 17.0852
2.02 -12.12 17.0852
2.02 -12.12 19.1053
4.04 -12.12 19.1053
4.04 -12.12 17.0852
8.08 -14.14 19.1053
8.08 -14.14 17.0852
6.06 -12.9823 16.775
6.06 -12.12 17.0852
6.06 -12.12 19.1053
8.08 -12.12 19.1053
8.08 -12.12 17.0852
6.06 -13.4873 14.8904
8.08 -14.14 15.0653
-8.08 -6.06 23.1453
-8.08 -6.06 21.1253
-6.06 -6.06 21
-8.08 -6.06 25.1653
-4.04 -6.06 21
-8.08 -4.04 23.1453
-8.08 -4.04 21.1253
-6.06 -4.04 21
-8.08 -4.04 25.1653
-4.04 -4.04 21
-8.08 -6.06 27.1852
-8.08 -6.06 29.2052
-8.08 -4.04 27.1852
-8.08 -4.04 29.2052
-8.08 -2.02 23.1453
-8.08 -2.02 21.1253
-6.06 -2.02 21
-8.08 -2.02 25.1653
-4.04 -2.02 21
-8.08 0 23.1453
-8.08 0 21.1253
-6.06 0 21
-8.08 0 25.1653
-4.04 0 21
-8.08 -2.02 27.1852
-8.08 -2.02 29.2052
-8.08 0 27.1852
-8.08 0 29.2052
2.02 -6.06 21.1253
2.02 -6.06 23.1453
0 -6.06 21
2.02 -6.06 25.1653
2.02 -4.04 21.1253
2.02 -4.04 23.1453
0 -4.04 21
2.02 -4.04 25.1653
2.02 -6.06 27.1852
2.02 -6.06 29.2052
2.02 -4.04 27.1852
2.02 -4.04 29.2052
2.02 -2.02 21.1253
2.02 -2.02 23.1453
0 -2.02 21
2.02 -2.02 25.1653
2.02 0 21.1253
2.02 0 23.1453
0 0 21
2.02 0 25.1653
2.02 -2.02 27.1852
2.02 -2.02 29.2052
2.02 0 27.1852
2.02 0 29.2052
-8.08 2.02 23.1453
-8.08 2.02 21.1253
-6.06 2.02 21
-8.08 2.02 25.1653
-4.04 2.02 21
-8.08 4.04 23.1453
-8.08 4.04 21.1253
-6.06 4.04 21
-8.08 4.04 25.1653
-4.04 4.04 21
-8.08 2.02 27.1852
-8.08 2.02 29.2052
-8.08 4.04 27.1852
-8.08 4.04 29.2052
-8.08 6.06 23.1453
-8.08 6.06 21.1253
-6.06 6.06 21
-8.08 6.06 25.1653
-4.04 6.06 21
-8.08 8.08 23.1453
-8.08 8.08 21.1253
-6.06 8.08 21
-8.08 8.08 25.1653
-4.04 8.08 21
-8.08 6.06 27.1852
-8.08 6.06 29.2052
-8.08 8.08 27.1852
-8.08 8.08 29.2052
2.02 2.02 21.1253
2.02 2.02 23.1453
0 2.02 21
2.02 2.02 25.1653
2.02 4.04 21.1253
2.02 4.04 23.1453
0 4.04 21
2.02 4.04 25.1653
2.02 2.02 27.1852
2.02 2.02 29.2052
2.02 4.04 27.1852
2.02 4.04 29.2052
2.02 6.06 21.1253
2.02 6.06 23.1453
0 6.06 21
2.02 6.06 25.1653
2.02 8.08 21.1253
2.02 8.08 23.1453
0 8.08 21
2.02 8.08 25.1653
2.02 6.06 27.1852
2.02 6.06 29.2052
2.02 8.08 27.1852
2.02 8.08 29.2052
-8.08 10.1 23.1453
-8.08 10.1 21.1253
-6.06 10.1 21
-8.08 10.1 25.1653
-4.04 10.1 21
-8.08 12.12 23.1453
-8.08 12.12 21.1253
-6.06 12.12 21
-8.08 12.12 25.1653
-4.04 12.12 21
-8.08 10.1 27.1852
-8.08 10.1 29.2052
-8.08 12.12 27.1852
-8.08 12.12 29.2052
-8.08 14.14 23.1453
-8.08 14.14 21.1253
-6.06 14.1462 21.0078
-8.08 14.14 25.1653
-4.04 14.1462 21.0078
-8.08 16.16 23.1453
-8.08 16.16 21.1253
-6.06 16.16 21.1253
-6.06138 16.9785 21.8833
-8.08 16.16 25.1653
-4.04 16.16 21.1253
-4.04138 16.9795 21.8817
-8.08 14.14 27.1852
-8.08 14.14 29.2052
-8.08 16.16 27.1852
-8.08 16.16 29.2052
-2.02 12.12 21
-2.01996 14.1469 21.0078
0 12.12 21
0 14.1468 21.0086
-2.02 16.16 21.1253
-2.02138 16.9805 21.8802
0 16.16 21.1253
0 16.9036 21.8343
2.02 10.1 21.1253
2.02 9.75468 22.9258
0 10.1 21
2.01865 8.82711 24.6447
2.02 11.2501 20.5725
4.04 9.75468 22.9258
4.04121 8.78441 24.7635
4.04 10.1 21.1253
4.04 11.2501 20.5725
2.01779 8.60001 27.499
2.01993 9.46619 29.6036
4.03778 8.59715 27.4996
4.03993 9.46603 29.6037
6.06 8.08 27.1852
8.08 8.08 27.1852
8.08 8.08 29.2052
6.06 8.08 29.2052
6.05993 9.46586 29.6038
6.06198 8.5761 27.3912
8.08 10.1 29.2052
8.08 10.1 27.1852
6.06 8.08 25.1653
8.08 8.08 25.1653
6.0612 8.78611 24.764
8.08 10.1 25.1653
8.08 12.12 27.1852
8.08 12.12 29.2052
8.08 12.12 25.1653
6.06 10.1 21.1253
6.06 9.75468 22.9258
6.06 11.2501 20.5725
8.08 10.1 23.1453
8.08 12.12 23.1453
8.08 10.1 21.1253
8.08 12.12 21.1253
8.08 14.14 27.1852
8.08 14.14 29.2052
8.08 14.14 25.1653
8.08 16.16 27.1852
8.08 16.16 29.2052
8.08 16.16 25.1653
8.08 14.14 23.1453
8.08 14.14 21.1253
8.08 16.16 23.1453
8.08 16.16 21.1253
2.02 13.4873 14.8904
0 14.14 15.0653
0 16.16 15.0653
2.02 12.9823 16.775
0 14.14 17.0852
0 16.16 17.0852
4.04 13.4873 14.8904
4.04 12.9823 16.775
0 12.12 17.0852
2.02 12.12 17.0852
2.02 12.12 19.1053
0 12.12 19.1053
0 14.14 19.1053
4.04 12.12 19.1053
4.04 12.12 17.0852
0 16.16 19.1053
6.06 12.12 17.0852
6.06 12.12 19.1053
6.06 12.9823 16.775
8.08 12.12 19.1053
8.08 14.14 19.1053
8.08 12.12 17.0852
8.08 14.14 17.0852
8.08 16.16 19.1053
8.08 16.16 17.0852
6.06 13.4873 14.8904
8.08 14.14 15.0653
8.08 16.16 15.0653
-8.08 18.18 25.1653
-8.08 18.18 23.1453
-6.0601 18.2842 23.0609
-6.06009 19.2518 24.8783
-4.0401 18.2854 23.06
-4.04009 19.2519 24.8782
-8.08 18.18 27.1852
-6.0611 19.4227 27.3824
-8.08 18.18 29.2052
-6.06023 18.6112 29.4854
-4.04023 18.612 29.4859
-4.0411 19.4245 27.3827
-2.01859 19.4147 27.4401
-2.02009 19.2521 24.8782
-2.02023 18.6127 29.4864
-0.000232277 18.6135 29.4869
0 19.4125 27.4396
0 19.2538 24.8863
-2.01986 18.2834 23.056
0 18.2818 23.0573
0 18.18 21.1253
0 20.2 23.1453
0 20.2 21.1253
2.02 20.5666 23.2435
2.02 21.0716 21.3588
0 20.2 25.1653
2.02 20.2 25.1653
4.04 20.2 25.1653
4.04 20.5666 23.2435
4.04 21.0716 21.3588
2.01977 18.6142 29.4874
2.02 19.4213 27.5179
4.03977 18.615 29.4879
4.04 19.4213 27.5179
0 20.2 27.1852
2.02 20.2 27.1852
4.04 20.2 27.1852
6.06026 18.6269 29.468
6.06 19.4213 27.5179
8.08 18.18 27.1852
8.08 18.18 29.2052
8.08 18.18 25.1653
6.06 20.2 27.1852
6.06 20.2 25.1653
8.08 20.2 27.1852
8.08 20.2 25.1653
8.08 18.18 23.1453
8.08 18.18 21.1253
6.06 20.5666 23.2435
6.06 21.0716 21.3588
8.08 20.2 23.1453
8.08 20.2 21.1253
0 18.18 15.0653
0 18.18 17.0852
0 20.2 15.0653
0 20.2 17.0852
0 18.18 19.1053
0 20.2 19.1053
2.02 21.5766 19.4741
4.04 21.5766 19.4741
8.08 18.18 19.1053
8.08 18.18 17.0852
6.06 21.5766 19.4741
8.08 20.2 19.1053
8.08 20.2 17.0852
8.08 18.18 15.0653
8.08 20.2 15.0653
0 22.22 15.0653
2.02 22.7277 15.2236
0 22.22 17.0852
2.02 22.22 17.0852
4.04 22.22 17.0852
4.04 22.7277 15.2236
0 22.22 19.1053
2.02 22.22 19.1053
4.04 22.22 19.1053
6.06 22.22 19.1053
6.06 22.22 17.0852
8.08 22.22 19.1053
8.08 22.22 17.0852
6.06 22.7277 15.2236
8.08 22.22 15.0653
-6.06 -18.18 31.2252
-8.08 -18.18 31.2252
-8.08 -16.16 31.2252
-6.06011 -16.2974 31.4946
-4.04 -18.18 31.2252
-4.04011 -16.2978 31.4952
-2.02 -18.18 31.2252
-2.01988 -16.2763 31.5057
0 -18.18 31.2252
0.000118838 -16.276 31.5049
2.02 -18.18 31.2252
2.02012 -16.2757 31.5042
4.04 -18.18 31.2252
4.04012 -16.2754 31.5035
6.06 -18.18 31.2252
6.06012 -16.2751 31.5028
8.08 -18.18 31.2252
8.08 -16.16 31.2252
-8.08 -14.14 31.2252
-6.06 -14.1806 31.9904
-4.04 -14.1806 31.9904
-8.08 -12.12 31.2252
-6.06 -12.12 32
-4.04 -12.12 32
-2.02 -14.1806 31.9904
-0.000416054 -14.1735 31.9913
-2.02 -12.12 32
0 -12.12 32
-8.08 -10.1 31.2252
-6.06 -10.1 32
-4.04 -10.1 32
-8.08 -8.08 31.2252
-6.06 -8.08 32
-4.04 -8.08 32
-2.02 -10.1 32
0 -10.1 32
-2.02 -8.08 32
0 -8.08 32
2.01958 -14.1735 31.9924
4.03958 -14.1736 31.9935
2.01933 -11.9556 31.5986
4.03932 -11.9542 31.6017
6.06022 -14.1946 31.9925
8.08 -14.14 31.2252
6.06052 -11.9758 31.6088
8.08 -12.12 31.2252
2.02 -10.1 31.2252
4.04 -10.1 31.2252
2.02 -8.08 31.2252
6.06 -10.1 31.2252
8.08 -10.1 31.2252
-8.08 -6.06 31.2252
-6.06048 -6.88913 32.338
-4.04057 -6.88241 32.344
-8.08 -4.04 31.2252
-6.0599 -6.29058 33.2927
-8.08 -6.06 33.2452
-8.08 -4.04 33.2452
-4.0399 -6.28973 33.2925
-8.08 -8.08 35.2653
-6.06 -8.08 35.2653
-6.06 -8.08 37.2852
-8.08 -8.08 37.2852
-8.08 -6.06 37.2852
-8.08 -6.06 35.2653
-6.06 -5.52687 35.7047
-6.06 -6.06 37.2852
-4.04 -8.08 35.2653
-4.04 -8.08 37.2852
-4.04 -5.52702 35.7049
-4.04 -6.06 37.2852
-8.08 -4.04 35.2653
-6.06 -4.04 35.2653
-6.05999 -3.57644 33.9917
-4.04 -4.04 35.2653
-4.03999 -3.57644 33.9917
-2.02 -8.08 35.2653
-2.02 -8.08 37.2852
-2.02 -5.52717 35.7051
-2.02 -6.06 37.2852
0 -8.08 35.2653
0 -8.08 37.2852
-2.19848e-06 -5.52733 35.7053
0 -6.06 37.2852
-2.0199 -6.28889 33.2924
-2.02 -4.04 35.2653
-2.01999 -3.57645 33.9917
-5.10533e-05 -6.28741 33.2999
0 -4.04 35.2653
-5.21133e-06 -3.57632 33.9916
-2.02057 -6.8829 32.3446
-0.000568003 -6.88339 32.3453
-8.08 -2.02 31.2252
-8.08 -2.02 33.2452
-6.06 -2.00636 33.298
-4.04 -2.00635 33.298
-8.08 0 31.2252
-8.08 0 33.2452
-6.06 0 33.2452
-4.04 0 33.2452
-2.02 -2.00635 33.298
-2.95545e-07 -2.00635 33.298
-2.02 0 33.2452
0 0 33.2452
-6.06 -8.45874 39.2834
-8.08 -8.08 39.3053
-8.08 -6.06 39.3053
-6.06 -6.06 39.3053
-6.06 -8.5 41.3252
-8.08 -8.08 41.3252
-8.08 -6.06 41.3252
-6.06 -6.06 41.3252
-4.04054 -8.46093 39.2889
-4.04 -8.5 41.3252
-4.04 -6.06 41.3252
-4.04 -6.06 39.3053
-6.06 -8.5 43.3453
-8.08 -8.08 43.3453
-8.08 -6.06 43.3453
-6.06 -6.06 43.3453
-6.06 -8.5 45.3653
-8.08 -8.08 45.3653
-8.08 -6.06 45.3653
-6.06 -5.22132 44.6514
-4.04 -8.5 43.3453
-4.04 -8.5 45.3653
-4.04 -6.06 43.3453
-6.06 -4.04 45.3653
-6.06 -4.04 43.3453
-3.80342 -6.05921 46.1227
-4.04 -4.04 43.3453
-4.04 -4.04 45.3653
-2.02 -8.5 41.3252
-2.02 -8.5 43.3453
-2.02 -6.06 43.3453
-2.02 -6.06 41.3252
-2.02 -8.5 45.3653
-2.25127 -6.05924 46.1057
0 -8.5 43.3453
0 -8.5 45.3653
0 -8.5 41.3252
0 -6.06 43.3453
0 -6.06 41.3252
-2.02 -4.04 45.3653
-2.02 -4.04 43.3453
-3.75114e-06 -5.22139 44.6513
0 -4.04 43.3453
0 -4.04 45.3653
-2.02055 -8.46379 39.2888
-2.02 -6.06 39.3053
-0.000549708 -8.46666 39.2887
0 -6.06 39.3053
2.02 -8.08 37.2852
2.02 -8.08 39.3053
2.02 -6.06 37.2852
2.02 -6.06 39.3053
2.02 -8.08 41.3252
2.02 -6.06 41.3252
2.02 -8.08 43.3453
2.02 -6.06 43.3453
2.02 -8.08 45.3653
2.02 -6.06 45.3653
2.02 -6.06 31.2252
2.02 -4.04 31.2252
2.02 -6.06 33.2452
2.02 -4.04 33.2452
2.02 -8.08 35.2653
2.02 -6.06 35.2653
2.02 -4.04 35.2653
2.02 -2.02 31.2252
2.02 -2.02 33.2452
2.02 0 31.2252
2.02 0 33.2452
-8.08 2.02 31.2252
-8.08 2.02 33.2452
-6.06 2.00633 33.298
-4.04 2.00634 33.298
-8.08 4.04 31.2252
-8.08 4.04 33.2452
-6.06 3.57624 33.9916
-4.04 3.57633 33.9916
-2.02 2.00634 33.298
2.49636e-07 2.00634 33.298
-2.02 3.57632 33.9916
-3.24717e-06 3.57632 33.9916
-8.08 6.06 31.2252
-8.08 6.06 33.2452
-6.0599 6.29058 33.2927
-6.06048 6.88913 32.338
-4.0399 6.28973 33.2925
-4.04057 6.88241 32.344
-8.08 8.08 31.2252
-6.06 8.08 32
-4.04 8.08 32
-6.06 4.04 35.2653
-8.08 4.04 35.2653
-8.08 6.06 35.2653
-6.06 5.52783 35.7059
-4.04 4.04 35.2653
-4.04 5.52775 35.7058
-6.06 6.06 37.2852
-8.08 6.06 37.2852
-8.08 8.08 37.2852
-8.08 8.08 35.2653
-6.06 8.08 35.2653
-6.06 8.08 37.2852
-4.04 6.06 37.2852
-4.04 8.08 35.2653
-4.04 8.08 37.2852
-2.02 4.04 35.2653
-2.02 5.52766 35.7057
-2.0199 6.28889 33.2924
0 4.04 35.2653
1.67146e-06 5.52757 35.7056
-5.10533e-05 6.28741 33.2999
-2.02 6.06 37.2852
-2.02 8.08 35.2653
-2.02 8.08 37.2852
0 6.06 37.2852
0 8.08 35.2653
0 8.08 37.2852
-2.02057 6.8829 32.3446
-0.000568003 6.88339 32.3453
-2.02 8.08 32
0 8.08 32
-6.06 6.06 39.3053
-8.08 6.06 39.3053
-8.08 8.08 39.3053
-6.06041 8.4608 39.2833
-6.06 6.06 41.3252
-8.08 6.06 41.3252
-8.08 8.08 41.3252
-6.06 8.5 41.3252
-4.04 6.06 39.3053
-4.04 6.06 41.3252
-4.04 8.5 41.3252
-4.04041 8.46294 39.2832
-6.06 6.06 43.3453
-8.08 6.06 43.3453
-8.08 8.08 43.3453
-6.06 8.5 43.3453
-6.06 5.22141 44.6513
-8.08 6.06 45.3653
-8.08 8.08 45.3653
-6.06 8.5 45.3653
-4.04 6.06 43.3453
-4.04 5.22141 44.6513
-4.04 8.5 45.3653
-4.04 8.5 43.3453
-2.02 6.06 41.3252
-2.02 6.06 43.3453
-2.02 8.5 43.3453
-2.02 8.5 41.3252
-2.02 5.22141 44.6513
-2.02 8.5 45.3653
0 6.06 43.3453
-1.32589e-06 5.22139 44.6513
0 8.5 45.3653
0 8.5 43.3453
0 6.06 41.3252
0 8.5 41.3252
-2.02 6.06 39.3053
-2.02041 8.46508 39.2831
0 6.06 39.3053
-0.000412155 8.46723 39.283
2.02 6.06 37.2852
2.02 6.06 39.3053
2.02 8.08 37.2852
2.02 8.08 39.3053
2.02 6.06 41.3252
2.02 8.08 41.3252
2.02 6.06 43.3453
2.02 8.08 43.3453
2.02 6.06 45.3653
2.02 8.08 45.3653
2.02 2.02 31.2252
2.02 2.02 33.2452
2.02 4.04 31.2252
2.02 4.04 33.2452
2.02 6.06 31.2252
2.02 6.06 33.2452
2.02 8.08 31.2252
2.02 4.04 35.2653
2.02 6.06 35.2653
2.02 8.08 35.2653
-8.08 10.1 31.2252
-6.06 10.1 32
-4.04 10.1 32
-8.08 12.12 31.2252
-6.06 12.12 32
-4.04 12.12 32
-2.02 10.1 32
0 10.1 32
-2.02 12.12 32
0 12.12 32
-8.08 14.14 31.2252
-6.0602 14.1807 31.9909
-4.0402 14.1807 31.9914
-8.08 16.16 31.2252
-6.06011 16.2974 31.4946
-4.04011 16.2978 31.4952
-2.0202 14.1807 31.9919
-0.000197649 14.1808 31.9925
-2.01988 16.2763 31.5057
0.000118838 16.276 31.5049
2.02 10.1 31.2252
2.01933 11.9556 31.5986
4.04 10.1 31.2252
4.03932 11.9542 31.6017
6.06 10.1 31.2252
6.06052 11.9758 31.6088
8.08 10.1 31.2252
8.08 12.12 31.2252
2.0198 14.1808 31.993
4.0398 14.1808 31.9935
2.02012 16.2757 31.5042
4.04012 16.2754 31.5035
6.06022 14.1946 31.9925
8.08 14.14 31.2252
6.06012 16.2751 31.5028
8.08 16.16 31.2252
-8.08 18.18 31.2252
-6.06 18.18 31.2252
-4.04 18.18 31.2252
-2.02 18.18 31.2252
0 18.18 31.2252
2.02 18.18 31.2252
4.04 18.18 31.2252
6.06 18.18 31.2252
8.08 18.18 31.2252
-6.06 -8.5 47.3852
-8.08 -8.08 47.3852
-8.08 -6.06 47.3852
-5.68338 -8.07978 49.336
-8.08 -8.08 49.4053
-8.08 -6.06 49.4053
-5.50804 -6.05996 47.6341
-5.68454 -6.05978 49.3362
-4.04 -8.08 47.3852
-4.04 -6.06 47.3852
-8.08 -4.04 47.3852
-8.08 -4.04 45.3653
-8.08 -4.04 49.4053
-5.50814 -4.03995 47.634
-5.6857 -4.03978 49.3364
-4.04 -4.04 47.3852
-6.06 -8.5 51.4252
-8.08 -8.08 51.4252
-8.08 -6.06 51.4252
-6.78341 -6.06 52.0116
-3.99024 -8.07994 51.3145
-4.08889 -8.08 53.6276
-6.06 -8.08 53.4453
-6.06 -6.06 53.4453
-4.08889 -6.06 53.6276
-4.04 -8.08 49.4053
-4.04 -6.06 49.4053
-3.99263 -6.06004 51.3128
-8.08 -4.04 51.4252
-6.78341 -4.04 52.0116
-6.06 -4.04 53.4453
-4.08889 -4.04 53.6276
-4.04 -4.04 49.4053
-3.99237 -4.04004 51.3122
-2.05003 -8.07996 51.3291
-1.98827 -8.08 53.6452
-1.98827 -6.06 53.6452
-2.04981 -6.05996 51.3298
0 -8.5 51.4252
0 -8.08 53.4453
0 -6.06 53.4453
0.759617 -6.06 52.041
-2.02 -8.08 49.4053
-0.318575 -8.07981 49.3467
-2.02 -6.06 49.4053
-0.317413 -6.05981 49.3469
-1.98827 -4.04 53.6452
-2.05514 -4.04001 51.3323
0 -4.04 53.4453
0.759617 -4.04 52.041
-2.02 -4.04 49.4053
-0.31625 -4.03981 49.3471
0 -8.5 47.3852
-2.02 -8.08 47.3852
-2.02 -6.06 47.3852
-0.502083 -6.05996 47.6116
-2.02 -4.04 47.3852
-0.501966 -4.03996 47.6115
-8.08 -2.02 47.3852
-8.08 -2.02 45.3653
-6.06 -2.02 45.3653
-5.50828 -2.01995 47.6339
-8.08 -2.02 49.4053
-5.68977 -2.02 49.3208
-4.04 -2.02 47.3852
-4.04 -2.02 45.3653
-8.08 0 49.4053
-8.08 0 47.3852
-6.06 0 47.3852
-6.06 0 49.4053
-8.08 -2.02 51.4252
-6.78341 -2.02 52.0116
-6.06 -2.02 53.4453
-4.08889 -2.02 53.6276
-4.04 -2.02 49.4053
-3.99212 -2.02004 51.3116
-8.08 0 51.4252
-6.06 0 51.4252
-6.06 0 53.4453
-4.04 0 53.4453
-4.04 0 49.4053
-4.04 0 51.4252
-1.98827 -2.02 53.6452
-2.05883 -2.02003 51.3331
0 -2.02 53.4453
0.759617 -2.02 52.041
-2.02 -2.02 49.4053
-0.310665 -2.02016 49.3225
-2.02 0 53.4453
-2.02 0 51.4252
0 0 53.4453
0 0 51.4252
-2.02 0 49.4053
0 0 49.4053
-2.02 -2.02 47.3852
-2.02 -2.02 45.3653
-0.501834 -2.01996 47.6114
0 -2.02 45.3653
2.02 -8.08 47.3852
2.02 -6.06 47.3852
2.02 -8.08 49.4053
2.02 -6.06 49.4053
2.02 -4.04 45.3653
2.02 -4.04 47.3852
2.02 -4.04 49.4053
2.02 -8.08 51.4252
2.02 -6.06 51.4252
2.02 -4.04 51.4252
2.02 -2.02 45.3653
2.02 -2.02 47.3852
2.02 -2.02 49.4053
0 0 47.3852
2.02 0 47.3852
2.02 0 49.4053
2.02 -2.02 51.4252
2.02 0 51.4252
-8.08 2.02 49.4053
-8.08 2.02 47.3852
-5.50763 2.0192 47.6302
-5.68522 2.01921 49.3351
-8.08 2.02 45.3653
-6.06 2.02 45.3653
-8.08 4.04 47.3852
-8.08 4.04 45.3653
-6.06 4.04 45.3653
-8.08 4.04 49.4053
-5.50644 3 47.6307
-5.0492 4.04042 49.1854
-4.04 2.02 45.3653
-4.80905 2.09363 46.6792
-4.04 4.04 47.3852
-4.04 4.04 45.3653
-8.08 2.02 51.4252
-6.78341 2.02 52.0116
-6.06 2.02 53.4453
-4.08889 2.02 53.6276
-4.04 2.02 49.4053
-3.99308 2.01994 51.3142
-8.08 4.04 51.4252
-6.78341 4.04 52.0116
-6.06 4.04 53.4453
-4.08889 4.04 53.6276
-4.04 4.04 49.4053
-3.76922 4.04056 50.6992
-1.98827 2.02 53.6452
-2.05165 2.02013 51.3289
0 2.02 53.4453
0.759617 2.02 52.041
-2.02 2.02 49.4053
-0.315448 2.01995 49.3387
-1.98827 4.04 53.6452
-2.28345 4.04055 50.7188
0 4.04 53.4453
0.759617 4.04 52.041
-2.02 4.04 49.4053
-0.953499 4.0404 49.1978
-2.02 2.02 45.3653
0 2.02 45.3653
-0.502221 2.01927 47.6079
-1.19825 2.11128 46.6732
-2.02 4.04 47.3852
-2.02 4.04 45.3653
-0.540488 3.02359 47.6249
0 4.04 45.3653
-8.08 6.06 47.3852
-8.08 6.06 49.4053
-4.90182 6.05864 47.865
-5.05001 6.06042 49.1855
-4.04 6.06 47.3852
-8.08 8.08 47.3852
-6.06 8.5 47.3852
-8.08 8.08 49.4053
-6.06 8.5 49.4053
-4.04 8.08 47.3852
-8.08 6.06 51.4252
-6.78341 6.06 52.0116
-6.06 6.06 53.4453
-4.08889 6.06 53.6276
-4.04 6.06 49.4053
-3.74544 6.05925 50.7096
-8.08 8.08 51.4252
-6.06 8.5 51.4252
-6.06 8.08 53.4453
-4.08889 8.08 53.6276
-4.04 8.5 51.4252
-4.04 8.08 49.4053
-1.98827 6.06 53.6452
-2.28294 6.06055 50.7202
0 6.06 53.4453
0.759617 6.06 52.041
-2.02 6.06 49.4053
-0.951414 6.06005 49.1921
-1.98827 8.08 53.6452
-2.02 8.5 51.4252
0 8.08 53.4453
0 8.5 51.4252
-2.02 8.08 49.4053
0 8.5 49.4053
-2.02 6.06 47.3852
-1.10696 6.0587 47.8437
-2.02 8.08 47.3852
0 8.5 47.3852
2.02 2.02 47.3852
2.02 2.02 49.4053
2.02 2.02 45.3653
2.02 4.04 45.3653
2.02 4.04 47.3852
2.02 4.04 49.4053
2.02 2.02 51.4252
2.02 4.04 51.4252
2.02 6.06 47.3852
2.02 6.06 49.4053
2.02 8.08 47.3852
2.02 8.08 49.4053
2.02 6.06 51.4252
2.02 8.08 51.4252
-2.02 -8.08 21
-2.02 -10.1 21
-2.02 -4.04 21
-2.02 -6.06 21
-2.02 0 21
-2.02 -2.02 21
-2.02 4.04 21
-2.02 2.02 21
-2.02 8.08 21
-2.02 6.06 21
-2.02 10.1 21

4 0 1 2 3  0.217 0.92 0.92 
4 0 3 4 5  0.217 0.92 0.92 
4 1 0 5 6  0.217 0.92 0.92 
4 1 7 8 2  0.217 0.92 0.92 
4 7 1 6 9  0.217 0.92 0.92 
4 7 10 11 8  0.217 0.92 0.92 
4 10 7 9 12  0.217 0.92 0.92 
4 10 13 14 11  0.217 0.92 0.92 
4 14 13 15 16  0.217 0.92 0.92 
4 13 10 12 15  0.217 0.92 0.92 
4 17 18 19 20  0.217 0.92 0.92 
4 17 20 21 22  0.217 0.92 0.92 
4 18 17 22 23  0.217 0.92 0.92 
4 22 21 24 23  0.217 0.92 0.92 
4 18 25 26 19  0.217 0.92 0.92 
4 25 18 23 27  0.217 0.92 0.92 
4 23 24 28 27  0.217 0.92 0.92 
4 29 30 6 5  0.217 0.92 0.92 
4 29 5 31 20  0.217 0.92 0.92 
4 30 29 20 19  0.217 0.92 0.92 
4 5 4 32 31  0.217 0.92 0.92 
4 30 33 9 6  0.217 0.92 0.92 
4 33 30 19 26  0.217 0.92 0.92 
4 20 31 34 21  0.217 0.92 0.92 
4 21 34 35 24  0.217 0.92 0.92 
4 31 32 36 34  0.217 0.92 0.92 
4 34 36 37 35  0.217 0.92 0.92 
4 35 37 38 39  0.217 0.92 0.92 
4 24 35 39 28  0.217 0.92 0.92 
4 33 40 12 9  0.217 0.92 0.92 
4 40 33 26 41  0.217 0.92 0.92 
4 16 15 42 43  0.217 0.92 0.92 
4 40 44 15 12  0.217 0.92 0.92 
4 15 44 45 42  0.217 0.92 0.92 
4 44 40 41 45  0.217 0.92 0.92 
4 28 39 46 47  0.217 0.92 0.92 
4 39 38 48 46  0.217 0.92 0.92 
4 43 42 49 50  0.217 0.92 0.92 
4 46 48 50 49  0.217 0.92 0.92 
4 42 45 51 49  0.217 0.92 0.92 
4 47 46 49 51  0.217 0.92 0.92 
4 25 52 41 26  0.217 0.92 0.92 
4 52 25 27 53  0.217 0.92 0.92 
4 27 28 47 53  0.217 0.92 0.92 
4 52 54 45 41  0.217 0.92 0.92 
4 45 54 55 51  0.217 0.92 0.92 
4 54 52 53 55  0.217 0.92 0.92 
4 53 47 51 55  0.217 0.92 0.92 
4 56 57 23 22  0.217 0.92 0.92 
4 56 22 58 59  0.217 0.92 0.92 
4 22 23 60 58  0.217 0.92 0.92 
4 57 56 59 61  0.217 0.92 0.92 
4 57 62 27 23  0.217 0.92 0.92 
4 23 27 63 60  0.217 0.92 0.92 
4 62 57 61 64  0.217 0.92 0.92 
4 59 58 65 66  0.217 0.92 0.92 
4 58 60 67 65  0.217 0.92 0.92 
4 61 59 66 68  0.217 0.92 0.92 
4 60 63 69 67  0.217 0.92 0.92 
4 64 61 68 70  0.217 0.92 0.92 
4 62 71 53 27  0.217 0.92 0.92 
4 27 53 72 63  0.217 0.92 0.92 
4 71 62 64 73  0.217 0.92 0.92 
4 71 74 55 53  0.217 0.92 0.92 
4 53 55 75 72  0.217 0.92 0.92 
4 55 74 76 75  0.217 0.92 0.92 
4 74 71 73 76  0.217 0.92 0.92 
4 63 72 77 69  0.217 0.92 0.92 
4 73 64 70 78  0.217 0.92 0.92 
4 72 75 79 77  0.217 0.92 0.92 
4 75 76 80 79  0.217 0.92 0.92 
4 76 73 78 80  0.217 0.92 0.92 
4 66 65 81 82  0.217 0.92 0.92 
4 65 67 83 81  0.217 0.92 0.92 
4 68 66 82 84  0.217 0.92 0.92 
4 82 81 83 84  0.217 0.92 0.92 
4 67 69 85 83  0.217 0.92 0.92 
4 70 68 84 86  0.217 0.92 0.92 
4 84 83 85 86  0.217 0.92 0.92 
4 81 83 87 88  0.217 0.92 0.92 
4 81 88 89 90  0.217 0.92 0.92 
4 83 81 90 91  0.217 0.92 0.92 
4 90 89 92 91  0.217 0.92 0.92 
4 83 85 93 87  0.217 0.92 0.92 
4 85 83 91 94  0.217 0.92 0.92 
4 91 92 95 94  0.217 0.92 0.92 
4 88 87 96 97  0.217 0.92 0.92 
4 88 97 98 89  0.217 0.92 0.92 
4 89 98 99 92  0.217 0.92 0.92 
4 97 96 100 101  0.217 0.92 0.92 
4 97 101 102 98  0.217 0.92 0.92 
4 98 102 103 99  0.217 0.92 0.92 
4 96 104 105 100  0.217 0.92 0.92 
4 99 103 106 107  0.217 0.92 0.92 
4 87 93 104 96  0.217 0.92 0.92 
4 92 99 107 95  0.217 0.92 0.92 
4 93 108 109 104  0.217 0.92 0.92 
4 95 107 110 111  0.217 0.92 0.92 
4 104 109 112 105  0.217 0.92 0.92 
4 107 106 113 110  0.217 0.92 0.92 
4 109 114 115 112  0.217 0.92 0.92 
4 115 114 116 117  0.217 0.92 0.92 
4 110 113 117 116  0.217 0.92 0.92 
4 108 118 114 109  0.217 0.92 0.92 
4 114 118 119 116  0.217 0.92 0.92 
4 111 110 116 119  0.217 0.92 0.92 
4 69 77 120 85  0.217 0.92 0.92 
4 78 70 86 121  0.217 0.92 0.92 
4 86 85 120 121  0.217 0.92 0.92 
4 77 79 122 120  0.217 0.92 0.92 
4 79 80 123 122  0.217 0.92 0.92 
4 80 78 121 123  0.217 0.92 0.92 
4 121 120 122 123  0.217 0.92 0.92 
4 85 120 108 93  0.217 0.92 0.92 
4 120 85 94 124  0.217 0.92 0.92 
4 94 95 111 124  0.217 0.92 0.92 
4 120 122 118 108  0.217 0.92 0.92 
4 118 122 125 119  0.217 0.92 0.92 
4 122 120 124 125  0.217 0.92 0.92 
4 124 111 119 125  0.217 0.92 0.92 
4 126 127 128 129  0.217 0.92 0.92 
4 126 129 130 131  0.217 0.92 0.92 
4 127 126 131 132  0.217 0.92 0.92 
4 131 130 133 132  0.217 0.92 0.92 
4 127 134 135 128  0.217 0.92 0.92 
4 134 127 132 136  0.217 0.92 0.92 
4 132 133 137 136  0.217 0.92 0.92 
4 138 139 132 131  0.217 0.92 0.92 
4 138 131 140 141  0.217 0.92 0.92 
4 131 132 142 140  0.217 0.92 0.92 
4 139 138 141 143  0.217 0.92 0.92 
4 139 144 136 132  0.217 0.92 0.92 
4 132 136 145 142  0.217 0.92 0.92 
4 144 139 143 146  0.217 0.92 0.92 
4 129 128 147 148  0.217 0.92 0.92 
4 129 148 149 130  0.217 0.92 0.92 
4 130 149 150 133  0.217 0.92 0.92 
4 148 147 151 152  0.217 0.92 0.92 
4 148 152 153 149  0.217 0.92 0.92 
4 149 153 154 150  0.217 0.92 0.92 
4 147 155 156 151  0.217 0.92 0.92 
4 150 154 157 158  0.217 0.92 0.92 
4 128 135 155 147  0.217 0.92 0.92 
4 133 150 158 137  0.217 0.92 0.92 
4 135 159 160 155  0.217 0.92 0.92 
4 137 158 161 162  0.217 0.92 0.92 
4 155 160 163 156  0.217 0.92 0.92 
4 158 157 164 161  0.217 0.92 0.92 
4 160 165 166 163  0.217 0.92 0.92 
4 166 165 167 168  0.217 0.92 0.92 
4 161 164 168 167  0.217 0.92 0.92 
4 159 169 165 160  0.217 0.92 0.92 
4 165 169 170 167  0.217 0.92 0.92 
4 162 161 167 170  0.217 0.92 0.92 
4 134 171 159 135  0.217 0.92 0.92 
4 171 134 136 172  0.217 0.92 0.92 
4 136 137 162 172  0.217 0.92 0.92 
4 171 173 169 159  0.217 0.92 0.92 
4 169 173 174 170  0.217 0.92 0.92 
4 173 171 172 174  0.217 0.92 0.92 
4 172 162 170 174  0.217 0.92 0.92 
4 144 175 172 136  0.217 0.92 0.92 
4 136 172 176 145  0.217 0.92 0.92 
4 175 144 146 177  0.217 0.92 0.92 
4 175 178 174 172  0.217 0.92 0.92 
4 172 174 179 176  0.217 0.92 0.92 
4 174 178 180 179  0.217 0.92 0.92 
4 178 175 177 180  0.217 0.92 0.92 
4 141 140 181 182  0.217 0.92 0.92 
4 140 142 183 181  0.217 0.92 0.92 
4 143 141 182 184  0.217 0.92 0.92 
4 142 145 185 183  0.217 0.92 0.92 
4 146 143 184 186  0.217 0.92 0.92 
4 182 181 187 188  0.217 0.92 0.92 
4 181 183 189 187  0.217 0.92 0.92 
4 184 182 188 190  0.217 0.92 0.92 
4 188 187 189 190  0.217 0.92 0.92 
4 183 185 191 189  0.217 0.92 0.92 
4 186 184 190 192  0.217 0.92 0.92 
4 190 189 191 192  0.217 0.92 0.92 
4 145 176 193 185  0.217 0.92 0.92 
4 177 146 186 194  0.217 0.92 0.92 
4 176 179 195 193  0.217 0.92 0.92 
4 179 180 196 195  0.217 0.92 0.92 
4 180 177 194 196  0.217 0.92 0.92 
4 185 193 197 191  0.217 0.92 0.92 
4 194 186 192 198  0.217 0.92 0.92 
4 192 191 197 198  0.217 0.92 0.92 
4 193 195 199 197  0.217 0.92 0.92 
4 195 196 200 199  0.217 0.92 0.92 
4 196 194 198 200  0.217 0.92 0.92 
4 198 197 199 200  0.217 0.92 0.92 
4 187 189 201 202  0.217 0.92 0.92 
4 187 202 203 204  0.217 0.92 0.92 
4 189 187 204 205  0.217 0.92 0.92 
4 204 203 206 205  0.217 0.92 0.92 
4 189 191 207 201  0.217 0.92 0.92 
4 191 189 205 208  0.217 0.92 0.92 
4 205 206 209 208  0.217 0.92 0.92 
4 202 201 210 211  0.217 0.92 0.92 
4 202 211 212 203  0.217 0.92 0.92 
4 211 210 213 214  0.217 0.92 0.92 
4 211 214 215 212  0.217 0.92 0.92 
4 210 216 217 213  0.217 0.92 0.92 
4 201 207 216 210  0.217 0.92 0.92 
4 203 212 218 219  0.217 0.92 0.92 
4 206 203 219 220  0.217 0.92 0.92 
4 219 218 221 220  0.217 0.92 0.92 
4 212 215 222 218  0.217 0.92 0.92 
4 209 206 220 223  0.217 0.92 0.92 
4 220 221 224 223  0.217 0.92 0.92 
4 207 225 226 216  0.217 0.92 0.92 
4 216 226 227 217  0.217 0.92 0.92 
4 226 228 229 227  0.217 0.92 0.92 
4 229 228 230 231  0.217 0.92 0.92 
4 225 232 228 226  0.217 0.92 0.92 
4 228 232 233 230  0.217 0.92 0.92 
4 234 209 223 235  0.217 0.92 0.92 
4 223 224 236 235  0.217 0.92 0.92 
4 231 230 237 238  0.217 0.92 0.92 
4 230 233 239 237  0.217 0.92 0.92 
4 233 234 235 239  0.217 0.92 0.92 
4 235 236 237 239  0.217 0.92 0.92 
4 191 197 225 207  0.217 0.92 0.92 
4 197 191 208 240  0.217 0.92 0.92 
4 208 209 234 240  0.217 0.92 0.92 
4 197 199 232 225  0.217 0.92 0.92 
4 232 199 241 233  0.217 0.92 0.92 
4 199 197 240 241  0.217 0.92 0.92 
4 240 234 233 241  0.217 0.92 0.92 
4 218 222 242 243  0.217 0.92 0.92 
4 221 218 243 244  0.217 0.92 0.92 
4 243 242 245 244  0.217 0.92 0.92 
4 224 221 244 246  0.217 0.92 0.92 
4 244 245 247 246  0.217 0.92 0.92 
4 236 224 246 248  0.217 0.92 0.92 
4 246 247 249 248  0.217 0.92 0.92 
4 238 237 250 251  0.217 0.92 0.92 
4 237 236 248 250  0.217 0.92 0.92 
4 248 249 251 250  0.217 0.92 0.92 
4 252 253 254 255  0.217 0.92 0.92 
4 252 255 256 257  0.217 0.92 0.92 
4 255 254 258 256  0.217 0.92 0.92 
4 253 259 260 254  0.217 0.92 0.92 
4 254 260 261 258  0.217 0.92 0.92 
4 257 256 262 263  0.217 0.92 0.92 
4 256 258 264 265  0.217 0.92 0.92 
4 256 265 266 262  0.217 0.92 0.92 
4 265 264 267 266  0.217 0.92 0.92 
4 258 261 268 264  0.217 0.92 0.92 
4 264 268 269 267  0.217 0.92 0.92 
4 259 270 271 260  0.217 0.92 0.92 
4 260 271 272 261  0.217 0.92 0.92 
4 270 273 274 271  0.217 0.92 0.92 
4 271 274 275 272  0.217 0.92 0.92 
4 274 273 276 275  0.217 0.92 0.92 
4 261 272 277 268  0.217 0.92 0.92 
4 268 277 278 269  0.217 0.92 0.92 
4 272 275 279 277  0.217 0.92 0.92 
4 277 279 280 278  0.217 0.92 0.92 
4 279 275 281 280  0.217 0.92 0.92 
4 275 276 282 281  0.217 0.92 0.92 
4 283 284 285 286  0.217 0.92 0.92 
4 283 286 287 3  0.217 0.92 0.92 
4 284 283 3 2  0.217 0.92 0.92 
4 286 285 288 289  0.217 0.92 0.92 
4 286 289 290 287  0.217 0.92 0.92 
4 285 291 292 288  0.217 0.92 0.92 
4 284 293 291 285  0.217 0.92 0.92 
4 293 284 2 8  0.217 0.92 0.92 
4 3 287 294 4  0.217 0.92 0.92 
4 287 290 295 294  0.217 0.92 0.92 
4 289 288 296 297  0.217 0.92 0.92 
4 289 297 298 290  0.217 0.92 0.92 
4 297 296 299 298  0.217 0.92 0.92 
4 288 292 300 296  0.217 0.92 0.92 
4 296 300 301 299  0.217 0.92 0.92 
4 290 298 302 295  0.217 0.92 0.92 
4 298 299 303 302  0.217 0.92 0.92 
4 299 301 304 303  0.217 0.92 0.92 
4 292 305 306 300  0.217 0.92 0.92 
4 300 306 307 301  0.217 0.92 0.92 
4 305 308 309 306  0.217 0.92 0.92 
4 306 309 310 307  0.217 0.92 0.92 
4 309 308 311 310  0.217 0.92 0.92 
4 301 307 312 304  0.217 0.92 0.92 
4 307 310 313 312  0.217 0.92 0.92 
4 310 311 314 313  0.217 0.92 0.92 
4 293 315 316 291  0.217 0.92 0.92 
4 315 293 8 11  0.217 0.92 0.92 
4 291 316 305 292  0.217 0.92 0.92 
4 316 317 308 305  0.217 0.92 0.92 
4 308 317 318 311  0.217 0.92 0.92 
4 315 319 317 316  0.217 0.92 0.92 
4 317 319 14 318  0.217 0.92 0.92 
4 319 315 11 14  0.217 0.92 0.92 
4 311 318 320 314  0.217 0.92 0.92 
4 318 14 16 320  0.217 0.92 0.92 
4 4 294 321 32  0.217 0.92 0.92 
4 294 295 322 321  0.217 0.92 0.92 
4 32 321 323 36  0.217 0.92 0.92 
4 321 322 324 323  0.217 0.92 0.92 
4 295 302 325 322  0.217 0.92 0.92 
4 302 303 253 252  0.217 0.92 0.92 
4 302 252 257 325  0.217 0.92 0.92 
4 303 304 259 253  0.217 0.92 0.92 
4 322 325 326 324  0.217 0.92 0.92 
4 325 257 263 326  0.217 0.92 0.92 
4 304 312 270 259  0.217 0.92 0.92 
4 312 313 273 270  0.217 0.92 0.92 
4 273 313 327 276  0.217 0.92 0.92 
4 313 314 328 327  0.217 0.92 0.92 
4 276 327 329 282  0.217 0.92 0.92 
4 327 328 330 329  0.217 0.92 0.92 
4 314 320 331 328  0.217 0.92 0.92 
4 320 16 43 331  0.217 0.92 0.92 
4 328 331 332 330  0.217 0.92 0.92 
4 331 43 50 332  0.217 0.92 0.92 
4 263 262 333 334  0.217 0.92 0.92 
4 262 266 335 333  0.217 0.92 0.92 
4 334 333 336 337  0.217 0.92 0.92 
4 333 335 338 336  0.217 0.92 0.92 
4 266 267 339 340  0.217 0.92 0.92 
4 266 340 341 335  0.217 0.92 0.92 
4 340 339 342 343  0.217 0.92 0.92 
4 340 343 344 341  0.217 0.92 0.92 
4 343 342 345 344  0.217 0.92 0.92 
4 339 346 347 342  0.217 0.92 0.92 
4 342 347 348 345  0.217 0.92 0.92 
4 267 269 346 339  0.217 0.92 0.92 
4 335 341 349 338  0.217 0.92 0.92 
4 341 344 350 349  0.217 0.92 0.92 
4 269 278 351 346  0.217 0.92 0.92 
4 346 351 352 347  0.217 0.92 0.92 
4 347 352 353 348  0.217 0.92 0.92 
4 351 354 355 352  0.217 0.92 0.92 
4 352 355 356 353  0.217 0.92 0.92 
4 355 354 357 356  0.217 0.92 0.92 
4 278 280 354 351  0.217 0.92 0.92 
4 354 280 358 357  0.217 0.92 0.92 
4 356 357 359 360  0.217 0.92 0.92 
4 357 358 361 359  0.217 0.92 0.92 
4 280 281 362 358  0.217 0.92 0.92 
4 281 282 363 362  0.217 0.92 0.92 
4 358 362 364 361  0.217 0.92 0.92 
4 362 363 365 364  0.217 0.92 0.92 
4 337 336 366 367  0.217 0.92 0.92 
4 336 338 368 366  0.217 0.92 0.92 
4 367 366 369 370  0.217 0.92 0.92 
4 370 369 371 372  0.217 0.92 0.92 
4 366 368 373 369  0.217 0.92 0.92 
4 369 373 374 371  0.217 0.92 0.92 
4 371 374 375 376  0.217 0.92 0.92 
4 372 371 376 377  0.217 0.92 0.92 
4 338 349 378 368  0.217 0.92 0.92 
4 349 350 379 378  0.217 0.92 0.92 
4 368 378 380 373  0.217 0.92 0.92 
4 378 379 381 380  0.217 0.92 0.92 
4 360 359 382 383  0.217 0.92 0.92 
4 359 361 384 382  0.217 0.92 0.92 
4 383 382 385 386  0.217 0.92 0.92 
4 382 384 387 385  0.217 0.92 0.92 
4 361 364 388 384  0.217 0.92 0.92 
4 364 365 389 388  0.217 0.92 0.92 
4 377 376 390 391  0.217 0.92 0.92 
4 376 375 392 390  0.217 0.92 0.92 
4 384 388 393 387  0.217 0.92 0.92 
4 390 392 387 393  0.217 0.92 0.92 
4 388 389 394 393  0.217 0.92 0.92 
4 391 390 393 394  0.217 0.92 0.92 
4 36 323 395 396  0.217 0.92 0.92 
4 37 36 396 397  0.217 0.92 0.92 
4 323 324 398 395  0.217 0.92 0.92 
4 38 37 397 399  0.217 0.92 0.92 
4 396 395 400 401  0.217 0.92 0.92 
4 397 396 401 402  0.217 0.92 0.92 
4 395 398 403 400  0.217 0.92 0.92 
4 399 397 402 404  0.217 0.92 0.92 
4 324 326 405 398  0.217 0.92 0.92 
4 326 263 334 405  0.217 0.92 0.92 
4 398 405 406 403  0.217 0.92 0.92 
4 405 334 337 406  0.217 0.92 0.92 
4 282 329 407 363  0.217 0.92 0.92 
4 329 330 408 407  0.217 0.92 0.92 
4 363 407 409 365  0.217 0.92 0.92 
4 407 408 410 409  0.217 0.92 0.92 
4 48 38 399 411  0.217 0.92 0.92 
4 330 332 412 408  0.217 0.92 0.92 
4 332 50 413 412  0.217 0.92 0.92 
4 50 48 411 413  0.217 0.92 0.92 
4 411 399 404 414  0.217 0.92 0.92 
4 408 412 415 410  0.217 0.92 0.92 
4 412 413 416 415  0.217 0.92 0.92 
4 413 411 414 416  0.217 0.92 0.92 
4 401 400 417 101  0.217 0.92 0.92 
4 402 401 101 100  0.217 0.92 0.92 
4 400 403 418 417  0.217 0.92 0.92 
4 404 402 100 105  0.217 0.92 0.92 
4 101 417 419 102  0.217 0.92 0.92 
4 102 419 420 103  0.217 0.92 0.92 
4 417 418 421 419  0.217 0.92 0.92 
4 419 421 422 420  0.217 0.92 0.92 
4 420 422 423 424  0.217 0.92 0.92 
4 103 420 424 106  0.217 0.92 0.92 
4 403 406 425 418  0.217 0.92 0.92 
4 406 337 367 425  0.217 0.92 0.92 
4 418 425 426 421  0.217 0.92 0.92 
4 421 426 427 422  0.217 0.92 0.92 
4 425 367 370 426  0.217 0.92 0.92 
4 426 370 372 427  0.217 0.92 0.92 
4 427 372 377 428  0.217 0.92 0.92 
4 422 427 428 423  0.217 0.92 0.92 
4 365 409 429 389  0.217 0.92 0.92 
4 409 410 430 429  0.217 0.92 0.92 
4 423 428 431 432  0.217 0.92 0.92 
4 428 377 391 431  0.217 0.92 0.92 
4 389 429 433 394  0.217 0.92 0.92 
4 431 391 394 433  0.217 0.92 0.92 
4 429 430 434 433  0.217 0.92 0.92 
4 432 431 433 434  0.217 0.92 0.92 
4 414 404 105 112  0.217 0.92 0.92 
4 410 415 435 430  0.217 0.92 0.92 
4 415 416 115 435  0.217 0.92 0.92 
4 416 414 112 115  0.217 0.92 0.92 
4 106 424 436 113  0.217 0.92 0.92 
4 424 423 432 436  0.217 0.92 0.92 
4 430 435 437 434  0.217 0.92 0.92 
4 436 432 434 437  0.217 0.92 0.92 
4 435 115 117 437  0.217 0.92 0.92 
4 113 436 437 117  0.217 0.92 0.92 
4 373 380 438 439  0.217 0.92 0.92 
4 374 373 439 440  0.217 0.92 0.92 
4 439 438 441 440  0.217 0.92 0.92 
4 380 381 442 438  0.217 0.92 0.92 
4 438 442 443 441  0.217 0.92 0.92 
4 441 443 444 445  0.217 0.92 0.92 
4 375 374 440 446  0.217 0.92 0.92 
4 440 441 445 446  0.217 0.92 0.92 
4 392 375 446 447  0.217 0.92 0.92 
4 446 445 448 447  0.217 0.92 0.92 
4 445 444 449 448  0.217 0.92 0.92 
4 386 385 450 451  0.217 0.92 0.92 
4 448 449 451 450  0.217 0.92 0.92 
4 385 387 452 450  0.217 0.92 0.92 
4 387 392 447 452  0.217 0.92 0.92 
4 447 448 450 452  0.217 0.92 0.92 
4 453 454 455 456  0.217 0.92 0.92 
4 453 456 457 458  0.217 0.92 0.92 
4 454 453 458 459  0.217 0.92 0.92 
4 456 455 460 461  0.217 0.92 0.92 
4 456 461 462 457  0.217 0.92 0.92 
4 455 463 464 460  0.217 0.92 0.92 
4 454 465 463 455  0.217 0.92 0.92 
4 465 454 459 466  0.217 0.92 0.92 
4 465 467 468 463  0.217 0.92 0.92 
4 467 465 466 469  0.217 0.92 0.92 
4 463 468 470 464  0.217 0.92 0.92 
4 468 471 472 470  0.217 0.92 0.92 
4 472 471 473 474  0.217 0.92 0.92 
4 467 475 471 468  0.217 0.92 0.92 
4 471 475 476 473  0.217 0.92 0.92 
4 475 467 469 476  0.217 0.92 0.92 
4 477 478 479 480  0.217 0.92 0.92 
4 477 480 481 482  0.217 0.92 0.92 
4 480 479 459 458  0.217 0.92 0.92 
4 480 458 483 481  0.217 0.92 0.92 
4 479 484 466 459  0.217 0.92 0.92 
4 478 485 484 479  0.217 0.92 0.92 
4 482 481 486 487  0.217 0.92 0.92 
4 481 483 488 486  0.217 0.92 0.92 
4 458 457 489 483  0.217 0.92 0.92 
4 457 462 490 489  0.217 0.92 0.92 
4 483 489 491 488  0.217 0.92 0.92 
4 489 490 492 491  0.217 0.92 0.92 
4 474 473 493 494  0.217 0.92 0.92 
4 473 476 495 493  0.217 0.92 0.92 
4 494 493 496 497  0.217 0.92 0.92 
4 493 495 498 496  0.217 0.92 0.92 
4 485 499 500 484  0.217 0.92 0.92 
4 484 500 469 466  0.217 0.92 0.92 
4 500 501 476 469  0.217 0.92 0.92 
4 476 501 502 495  0.217 0.92 0.92 
4 499 503 501 500  0.217 0.92 0.92 
4 501 503 504 502  0.217 0.92 0.92 
4 495 502 505 498  0.217 0.92 0.92 
4 502 504 506 505  0.217 0.92 0.92 
4 487 486 507 508  0.217 0.92 0.92 
4 486 488 509 507  0.217 0.92 0.92 
4 508 507 510 511  0.217 0.92 0.92 
4 507 509 512 510  0.217 0.92 0.92 
4 488 491 513 509  0.217 0.92 0.92 
4 491 492 514 513  0.217 0.92 0.92 
4 509 513 515 512  0.217 0.92 0.92 
4 512 515 516 517  0.217 0.92 0.92 
4 513 514 518 515  0.217 0.92 0.92 
4 514 519 520 518  0.217 0.92 0.92 
4 515 518 520 516  0.217 0.92 0.92 
4 519 521 522 520  0.217 0.92 0.92 
4 516 520 522 523  0.217 0.92 0.92 
4 517 516 523 524  0.217 0.92 0.92 
4 497 496 525 526  0.217 0.92 0.92 
4 496 498 527 525  0.217 0.92 0.92 
4 524 523 528 529  0.217 0.92 0.92 
4 521 530 531 522  0.217 0.92 0.92 
4 523 522 531 528  0.217 0.92 0.92 
4 530 526 532 531  0.217 0.92 0.92 
4 526 525 533 532  0.217 0.92 0.92 
4 528 531 532 533  0.217 0.92 0.92 
4 525 527 534 533  0.217 0.92 0.92 
4 529 528 533 534  0.217 0.92 0.92 
4 498 505 535 527  0.217 0.92 0.92 
4 505 506 536 535  0.217 0.92 0.92 
4 527 535 537 534  0.217 0.92 0.92 
4 535 536 538 537  0.217 0.92 0.92 
4 152 151 539 540  0.217 0.92 0.92 
4 152 540 541 153  0.217 0.92 0.92 
4 540 539 542 543  0.217 0.92 0.92 
4 540 543 544 541  0.217 0.92 0.92 
4 539 545 546 542  0.217 0.92 0.92 
4 151 156 545 539  0.217 0.92 0.92 
4 153 541 547 548  0.217 0.92 0.92 
4 154 153 548 549  0.217 0.92 0.92 
4 541 544 550 547  0.217 0.92 0.92 
4 157 154 549 551  0.217 0.92 0.92 
4 543 542 552 553  0.217 0.92 0.92 
4 543 553 554 544  0.217 0.92 0.92 
4 553 552 478 477  0.217 0.92 0.92 
4 553 477 482 554  0.217 0.92 0.92 
4 552 555 485 478  0.217 0.92 0.92 
4 542 546 555 552  0.217 0.92 0.92 
4 544 554 556 550  0.217 0.92 0.92 
4 554 482 487 556  0.217 0.92 0.92 
4 546 557 558 555  0.217 0.92 0.92 
4 555 558 499 485  0.217 0.92 0.92 
4 558 559 503 499  0.217 0.92 0.92 
4 503 559 560 504  0.217 0.92 0.92 
4 557 561 559 558  0.217 0.92 0.92 
4 559 561 562 560  0.217 0.92 0.92 
4 504 560 563 506  0.217 0.92 0.92 
4 560 562 564 563  0.217 0.92 0.92 
4 156 163 565 545  0.217 0.92 0.92 
4 545 565 557 546  0.217 0.92 0.92 
4 565 566 561 557  0.217 0.92 0.92 
4 561 566 567 562  0.217 0.92 0.92 
4 163 166 566 565  0.217 0.92 0.92 
4 566 166 168 567  0.217 0.92 0.92 
4 164 157 551 568  0.217 0.92 0.92 
4 562 567 569 564  0.217 0.92 0.92 
4 567 168 570 569  0.217 0.92 0.92 
4 168 164 568 570  0.217 0.92 0.92 
4 548 547 571 572  0.217 0.92 0.92 
4 549 548 572 573  0.217 0.92 0.92 
4 547 550 574 571  0.217 0.92 0.92 
4 551 549 573 575  0.217 0.92 0.92 
4 572 571 576 214  0.217 0.92 0.92 
4 573 572 214 213  0.217 0.92 0.92 
4 571 574 577 576  0.217 0.92 0.92 
4 575 573 213 217  0.217 0.92 0.92 
4 550 556 578 574  0.217 0.92 0.92 
4 556 487 508 578  0.217 0.92 0.92 
4 574 578 579 577  0.217 0.92 0.92 
4 578 508 511 579  0.217 0.92 0.92 
4 506 563 580 536  0.217 0.92 0.92 
4 563 564 581 580  0.217 0.92 0.92 
4 536 580 582 538  0.217 0.92 0.92 
4 580 581 583 582  0.217 0.92 0.92 
4 568 551 575 584  0.217 0.92 0.92 
4 564 569 585 581  0.217 0.92 0.92 
4 569 570 586 585  0.217 0.92 0.92 
4 570 568 584 586  0.217 0.92 0.92 
4 584 575 217 227  0.217 0.92 0.92 
4 581 585 587 583  0.217 0.92 0.92 
4 585 586 229 587  0.217 0.92 0.92 
4 586 584 227 229  0.217 0.92 0.92 
4 511 510 588 589  0.217 0.92 0.92 
4 510 512 590 588  0.217 0.92 0.92 
4 512 517 591 590  0.217 0.92 0.92 
4 588 590 591 592  0.217 0.92 0.92 
4 517 524 593 591  0.217 0.92 0.92 
4 592 591 593 594  0.217 0.92 0.92 
4 589 588 595 596  0.217 0.92 0.92 
4 588 592 597 595  0.217 0.92 0.92 
4 596 595 597 598  0.217 0.92 0.92 
4 592 594 599 597  0.217 0.92 0.92 
4 598 597 599 600  0.217 0.92 0.92 
4 524 529 601 593  0.217 0.92 0.92 
4 594 593 601 602  0.217 0.92 0.92 
4 529 534 603 601  0.217 0.92 0.92 
4 534 537 604 603  0.217 0.92 0.92 
4 602 601 603 604  0.217 0.92 0.92 
4 537 538 605 604  0.217 0.92 0.92 
4 594 602 606 599  0.217 0.92 0.92 
4 600 599 606 607  0.217 0.92 0.92 
4 602 604 608 606  0.217 0.92 0.92 
4 604 605 609 608  0.217 0.92 0.92 
4 607 606 608 609  0.217 0.92 0.92 
4 214 576 610 215  0.217 0.92 0.92 
4 576 577 611 610  0.217 0.92 0.92 
4 215 610 612 222  0.217 0.92 0.92 
4 610 611 613 612  0.217 0.92 0.92 
4 577 579 614 611  0.217 0.92 0.92 
4 579 511 589 614  0.217 0.92 0.92 
4 611 614 615 613  0.217 0.92 0.92 
4 614 589 596 615  0.217 0.92 0.92 
4 615 596 598 616  0.217 0.92 0.92 
4 616 598 600 617  0.217 0.92 0.92 
4 538 582 618 605  0.217 0.92 0.92 
4 582 583 619 618  0.217 0.92 0.92 
4 617 600 607 620  0.217 0.92 0.92 
4 605 618 621 609  0.217 0.92 0.92 
4 620 607 609 621  0.217 0.92 0.92 
4 618 619 622 621  0.217 0.92 0.92 
4 583 587 623 619  0.217 0.92 0.92 
4 587 229 231 623  0.217 0.92 0.92 
4 619 623 624 622  0.217 0.92 0.92 
4 623 231 238 624  0.217 0.92 0.92 
4 222 612 625 242  0.217 0.92 0.92 
4 612 613 626 625  0.217 0.92 0.92 
4 242 625 627 628  0.217 0.92 0.92 
4 245 242 628 629  0.217 0.92 0.92 
4 628 627 630 629  0.217 0.92 0.92 
4 625 626 631 627  0.217 0.92 0.92 
4 627 631 632 630  0.217 0.92 0.92 
4 630 632 633 634  0.217 0.92 0.92 
4 247 245 629 635  0.217 0.92 0.92 
4 629 630 634 635  0.217 0.92 0.92 
4 613 615 636 626  0.217 0.92 0.92 
4 615 616 637 636  0.217 0.92 0.92 
4 616 617 638 637  0.217 0.92 0.92 
4 626 636 639 631  0.217 0.92 0.92 
4 636 637 640 639  0.217 0.92 0.92 
4 631 639 640 632  0.217 0.92 0.92 
4 637 638 641 640  0.217 0.92 0.92 
4 632 640 641 633  0.217 0.92 0.92 
4 617 620 642 638  0.217 0.92 0.92 
4 620 621 643 642  0.217 0.92 0.92 
4 621 622 644 643  0.217 0.92 0.92 
4 638 642 645 641  0.217 0.92 0.92 
4 633 641 645 646  0.217 0.92 0.92 
4 642 643 647 645  0.217 0.92 0.92 
4 643 644 648 647  0.217 0.92 0.92 
4 646 645 647 648  0.217 0.92 0.92 
4 622 624 649 644  0.217 0.92 0.92 
4 624 238 251 649  0.217 0.92 0.92 
4 249 247 635 650  0.217 0.92 0.92 
4 635 634 651 650  0.217 0.92 0.92 
4 634 633 646 651  0.217 0.92 0.92 
4 644 649 652 648  0.217 0.92 0.92 
4 651 646 648 652  0.217 0.92 0.92 
4 649 251 653 652  0.217 0.92 0.92 
4 251 249 650 653  0.217 0.92 0.92 
4 650 651 652 653  0.217 0.92 0.92 
4 654 655 656 657  0.217 0.92 0.92 
4 654 657 658 659  0.217 0.92 0.92 
4 655 654 659 660  0.217 0.92 0.92 
4 655 661 662 656  0.217 0.92 0.92 
4 661 655 660 663  0.217 0.92 0.92 
4 657 656 664 665  0.217 0.92 0.92 
4 657 665 666 658  0.217 0.92 0.92 
4 665 664 667 668  0.217 0.92 0.92 
4 665 668 669 666  0.217 0.92 0.92 
4 664 670 671 667  0.217 0.92 0.92 
4 656 662 670 664  0.217 0.92 0.92 
4 662 672 673 670  0.217 0.92 0.92 
4 670 673 674 671  0.217 0.92 0.92 
4 673 675 676 674  0.217 0.92 0.92 
4 672 677 675 673  0.217 0.92 0.92 
4 661 678 672 662  0.217 0.92 0.92 
4 678 661 663 679  0.217 0.92 0.92 
4 678 680 677 672  0.217 0.92 0.92 
4 680 678 679 681  0.217 0.92 0.92 
4 682 683 684 685  0.217 0.92 0.92 
4 682 685 680 686  0.217 0.92 0.92 
4 685 684 687 688  0.217 0.92 0.92 
4 685 688 677 680  0.217 0.92 0.92 
4 684 689 690 687  0.217 0.92 0.92 
4 683 691 689 684  0.217 0.92 0.92 
4 686 680 681 692  0.217 0.92 0.92 
4 688 687 693 694  0.217 0.92 0.92 
4 688 694 675 677  0.217 0.92 0.92 
4 694 693 695 675  0.217 0.92 0.92 
4 687 690 696 693  0.217 0.92 0.92 
4 693 696 697 695  0.217 0.92 0.92 
4 675 695 698 676  0.217 0.92 0.92 
4 695 697 699 698  0.217 0.92 0.92 
4 690 700 701 696  0.217 0.92 0.92 
4 696 701 702 697  0.217 0.92 0.92 
4 700 703 704 701  0.217 0.92 0.92 
4 701 704 705 702  0.217 0.92 0.92 
4 704 703 706 705  0.217 0.92 0.92 
4 697 702 707 699  0.217 0.92 0.92 
4 702 705 708 707  0.217 0.92 0.92 
4 708 705 709 710  0.217 0.92 0.92 
4 705 706 711 709  0.217 0.92 0.92 
4 691 712 713 689  0.217 0.92 0.92 
4 689 713 700 690  0.217 0.92 0.92 
4 713 714 703 700  0.217 0.92 0.92 
4 703 714 715 706  0.217 0.92 0.92 
4 712 716 714 713  0.217 0.92 0.92 
4 714 716 717 715  0.217 0.92 0.92 
4 706 715 718 711  0.217 0.92 0.92 
4 715 717 719 718  0.217 0.92 0.92 
4 344 345 720 721  0.217 0.92 0.92 
4 344 721 722 350  0.217 0.92 0.92 
4 721 720 723 724  0.217 0.92 0.92 
4 721 724 725 722  0.217 0.92 0.92 
4 720 726 727 723  0.217 0.92 0.92 
4 345 348 726 720  0.217 0.92 0.92 
4 724 723 728 729  0.217 0.92 0.92 
4 724 729 730 725  0.217 0.92 0.92 
4 729 728 731 730  0.217 0.92 0.92 
4 723 727 732 728  0.217 0.92 0.92 
4 728 732 733 731  0.217 0.92 0.92 
4 727 734 735 732  0.217 0.92 0.92 
4 732 735 736 733  0.217 0.92 0.92 
4 734 737 738 735  0.217 0.92 0.92 
4 735 738 739 736  0.217 0.92 0.92 
4 738 737 740 739  0.217 0.92 0.92 
4 348 353 741 726  0.217 0.92 0.92 
4 726 741 734 727  0.217 0.92 0.92 
4 741 742 737 734  0.217 0.92 0.92 
4 737 742 743 740  0.217 0.92 0.92 
4 353 356 742 741  0.217 0.92 0.92 
4 742 356 360 743  0.217 0.92 0.92 
4 350 722 744 379  0.217 0.92 0.92 
4 722 725 745 744  0.217 0.92 0.92 
4 379 744 746 381  0.217 0.92 0.92 
4 744 745 747 746  0.217 0.92 0.92 
4 725 730 748 745  0.217 0.92 0.92 
4 730 731 683 682  0.217 0.92 0.92 
4 730 682 686 748  0.217 0.92 0.92 
4 731 733 691 683  0.217 0.92 0.92 
4 745 748 749 747  0.217 0.92 0.92 
4 748 686 692 749  0.217 0.92 0.92 
4 733 736 712 691  0.217 0.92 0.92 
4 736 739 716 712  0.217 0.92 0.92 
4 716 739 750 717  0.217 0.92 0.92 
4 739 740 751 750  0.217 0.92 0.92 
4 717 750 752 719  0.217 0.92 0.92 
4 750 751 753 752  0.217 0.92 0.92 
4 740 743 754 751  0.217 0.92 0.92 
4 743 360 383 754  0.217 0.92 0.92 
4 751 754 755 753  0.217 0.92 0.92 
4 754 383 386 755  0.217 0.92 0.92 
4 756 757 660 659  0.217 0.92 0.92 
4 756 659 758 759  0.217 0.92 0.92 
4 757 756 759 760  0.217 0.92 0.92 
4 659 658 761 758  0.217 0.92 0.92 
4 757 762 663 660  0.217 0.92 0.92 
4 762 757 760 763  0.217 0.92 0.92 
4 759 758 764 765  0.217 0.92 0.92 
4 760 759 765 766  0.217 0.92 0.92 
4 758 761 767 764  0.217 0.92 0.92 
4 763 760 766 768  0.217 0.92 0.92 
4 658 666 769 761  0.217 0.92 0.92 
4 666 669 770 769  0.217 0.92 0.92 
4 761 769 771 767  0.217 0.92 0.92 
4 769 770 772 771  0.217 0.92 0.92 
4 762 773 679 663  0.217 0.92 0.92 
4 773 762 763 774  0.217 0.92 0.92 
4 773 692 681 679  0.217 0.92 0.92 
4 692 773 774 775  0.217 0.92 0.92 
4 774 763 768 776  0.217 0.92 0.92 
4 775 774 776 777  0.217 0.92 0.92 
4 765 764 778 779  0.217 0.92 0.92 
4 766 765 779 780  0.217 0.92 0.92 
4 764 767 781 778  0.217 0.92 0.92 
4 768 766 780 782  0.217 0.92 0.92 
4 779 778 783 784  0.217 0.92 0.92 
4 780 779 784 785  0.217 0.92 0.92 
4 778 781 786 783  0.217 0.92 0.92 
4 782 780 785 787  0.217 0.92 0.92 
4 767 771 788 781  0.217 0.92 0.92 
4 771 772 789 788  0.217 0.92 0.92 
4 781 788 790 786  0.217 0.92 0.92 
4 788 789 791 790  0.217 0.92 0.92 
4 710 709 792 793  0.217 0.92 0.92 
4 709 711 794 792  0.217 0.92 0.92 
4 793 792 795 796  0.217 0.92 0.92 
4 792 794 797 795  0.217 0.92 0.92 
4 711 718 798 794  0.217 0.92 0.92 
4 718 719 799 798  0.217 0.92 0.92 
4 794 798 800 797  0.217 0.92 0.92 
4 798 799 801 800  0.217 0.92 0.92 
4 802 777 803 804  0.217 0.92 0.92 
4 805 806 807 808  0.217 0.92 0.92 
4 809 802 804 810  0.217 0.92 0.92 
4 804 805 808 810  0.217 0.92 0.92 
4 805 804 811 812  0.217 0.92 0.92 
4 804 803 813 811  0.217 0.92 0.92 
4 806 805 812 814  0.217 0.92 0.92 
4 815 816 817 818  0.217 0.92 0.92 
4 806 815 818 807  0.217 0.92 0.92 
4 815 806 814 819  0.217 0.92 0.92 
4 816 815 819 820  0.217 0.92 0.92 
4 807 818 821 822  0.217 0.92 0.92 
4 818 817 823 821  0.217 0.92 0.92 
4 796 795 824 825  0.217 0.92 0.92 
4 795 797 826 824  0.217 0.92 0.92 
4 821 823 827 828  0.217 0.92 0.92 
4 823 825 829 827  0.217 0.92 0.92 
4 825 824 830 829  0.217 0.92 0.92 
4 828 827 829 830  0.217 0.92 0.92 
4 822 821 828 831  0.217 0.92 0.92 
4 824 826 832 830  0.217 0.92 0.92 
4 826 822 831 832  0.217 0.92 0.92 
4 831 828 830 832  0.217 0.92 0.92 
4 833 809 810 834  0.217 0.92 0.92 
4 810 808 835 834  0.217 0.92 0.92 
4 808 807 822 835  0.217 0.92 0.92 
4 797 800 836 826  0.217 0.92 0.92 
4 835 822 826 836  0.217 0.92 0.92 
4 800 801 837 836  0.217 0.92 0.92 
4 801 833 834 837  0.217 0.92 0.92 
4 834 835 836 837  0.217 0.92 0.92 
4 381 746 838 442  0.217 0.92 0.92 
4 442 838 839 443  0.217 0.92 0.92 
4 746 747 840 838  0.217 0.92 0.92 
4 838 840 841 839  0.217 0.92 0.92 
4 839 841 842 843  0.217 0.92 0.92 
4 443 839 843 444  0.217 0.92 0.92 
4 747 749 844 840  0.217 0.92 0.92 
4 749 692 775 844  0.217 0.92 0.92 
4 840 844 845 846  0.217 0.92 0.92 
4 841 840 846 847  0.217 0.92 0.92 
4 846 845 848 847  0.217 0.92 0.92 
4 844 775 777 845  0.217 0.92 0.92 
4 845 777 802 848  0.217 0.92 0.92 
4 848 802 809 849  0.217 0.92 0.92 
4 842 841 847 850  0.217 0.92 0.92 
4 847 848 849 850  0.217 0.92 0.92 
4 719 752 851 799  0.217 0.92 0.92 
4 752 753 852 851  0.217 0.92 0.92 
4 853 842 850 854  0.217 0.92 0.92 
4 850 849 855 854  0.217 0.92 0.92 
4 849 809 833 855  0.217 0.92 0.92 
4 799 851 856 801  0.217 0.92 0.92 
4 855 833 801 856  0.217 0.92 0.92 
4 851 852 857 856  0.217 0.92 0.92 
4 852 853 854 857  0.217 0.92 0.92 
4 854 855 856 857  0.217 0.92 0.92 
4 444 843 858 449  0.217 0.92 0.92 
4 843 842 853 858  0.217 0.92 0.92 
4 753 755 859 852  0.217 0.92 0.92 
4 858 853 852 859  0.217 0.92 0.92 
4 755 386 451 859  0.217 0.92 0.92 
4 449 858 859 451  0.217 0.92 0.92 
4 784 783 860 861  0.217 0.92 0.92 
4 785 784 861 862  0.217 0.92 0.92 
4 783 786 863 860  0.217 0.92 0.92 
4 787 785 862 864  0.217 0.92 0.92 
4 861 860 865 866  0.217 0.92 0.92 
4 862 861 866 867  0.217 0.92 0.92 
4 860 863 868 865  0.217 0.92 0.92 
4 864 862 867 869  0.217 0.92 0.92 
4 786 790 870 863  0.217 0.92 0.92 
4 790 791 871 870  0.217 0.92 0.92 
4 863 870 872 868  0.217 0.92 0.92 
4 870 871 873 872  0.217 0.92 0.92 
4 866 865 874 875  0.217 0.92 0.92 
4 867 866 875 876  0.217 0.92 0.92 
4 865 868 877 874  0.217 0.92 0.92 
4 869 867 876 878  0.217 0.92 0.92 
4 875 874 879 880  0.217 0.92 0.92 
4 876 875 880 881  0.217 0.92 0.92 
4 874 877 882 879  0.217 0.92 0.92 
4 878 876 881 883  0.217 0.92 0.92 
4 868 872 884 877  0.217 0.92 0.92 
4 872 873 885 884  0.217 0.92 0.92 
4 877 884 886 882  0.217 0.92 0.92 
4 884 885 887 886  0.217 0.92 0.92 
4 812 811 888 889  0.217 0.92 0.92 
4 811 813 890 888  0.217 0.92 0.92 
4 814 812 889 891  0.217 0.92 0.92 
4 889 888 892 893  0.217 0.92 0.92 
4 888 890 894 892  0.217 0.92 0.92 
4 891 889 893 895  0.217 0.92 0.92 
4 819 814 891 896  0.217 0.92 0.92 
4 820 819 896 897  0.217 0.92 0.92 
4 896 891 895 898  0.217 0.92 0.92 
4 897 896 898 899  0.217 0.92 0.92 
4 893 892 900 901  0.217 0.92 0.92 
4 892 894 902 900  0.217 0.92 0.92 
4 895 893 901 903  0.217 0.92 0.92 
4 901 900 904 905  0.217 0.92 0.92 
4 900 902 906 904  0.217 0.92 0.92 
4 903 901 905 907  0.217 0.92 0.92 
4 898 895 903 908  0.217 0.92 0.92 
4 899 898 908 909  0.217 0.92 0.92 
4 908 903 907 910  0.217 0.92 0.92 
4 909 908 910 911  0.217 0.92 0.92 
4 880 879 912 913  0.217 0.92 0.92 
4 881 880 913 914  0.217 0.92 0.92 
4 879 882 915 912  0.217 0.92 0.92 
4 883 881 914 916  0.217 0.92 0.92 
4 913 912 917 918  0.217 0.92 0.92 
4 914 913 918 919  0.217 0.92 0.92 
4 912 915 920 917  0.217 0.92 0.92 
4 916 914 919 921  0.217 0.92 0.92 
4 882 886 922 915  0.217 0.92 0.92 
4 886 887 923 922  0.217 0.92 0.92 
4 915 922 924 920  0.217 0.92 0.92 
4 922 923 925 924  0.217 0.92 0.92 
4 918 917 926 927  0.217 0.92 0.92 
4 919 918 927 928  0.217 0.92 0.92 
4 917 920 929 926  0.217 0.92 0.92 
4 921 919 928 930  0.217 0.92 0.92 
4 927 926 931 932  0.217 0.92 0.92 
4 928 927 932 933  0.217 0.92 0.92 
4 926 929 934 931  0.217 0.92 0.92 
4 930 928 933 935  0.217 0.92 0.92 
4 920 924 936 929  0.217 0.92 0.92 
4 924 925 937 936  0.217 0.92 0.92 
4 929 936 938 934  0.217 0.92 0.92 
4 936 937 939 938  0.217 0.92 0.92 
4 905 904 940 941  0.217 0.92 0.92 
4 904 906 942 940  0.217 0.92 0.92 
4 907 905 941 943  0.217 0.92 0.92 
4 941 940 944 945  0.217 0.92 0.92 
4 940 942 946 944  0.217 0.92 0.92 
4 943 941 945 947  0.217 0.92 0.92 
4 910 907 943 948  0.217 0.92 0.92 
4 911 910 948 949  0.217 0.92 0.92 
4 948 943 947 950  0.217 0.92 0.92 
4 949 948 950 951  0.217 0.92 0.92 
4 945 944 952 953  0.217 0.92 0.92 
4 944 946 954 952  0.217 0.92 0.92 
4 947 945 953 955  0.217 0.92 0.92 
4 953 952 956 957  0.217 0.92 0.92 
4 952 954 958 956  0.217 0.92 0.92 
4 955 953 957 959  0.217 0.92 0.92 
4 950 947 955 960  0.217 0.92 0.92 
4 951 950 960 961  0.217 0.92 0.92 
4 960 955 959 962  0.217 0.92 0.92 
4 961 960 962 963  0.217 0.92 0.92 
4 932 931 964 965  0.217 0.92 0.92 
4 933 932 965 966  0.217 0.92 0.92 
4 931 934 967 964  0.217 0.92 0.92 
4 935 933 966 968  0.217 0.92 0.92 
4 965 964 969 970  0.217 0.92 0.92 
4 966 965 970 971  0.217 0.92 0.92 
4 964 967 972 969  0.217 0.92 0.92 
4 968 966 971 973  0.217 0.92 0.92 
4 934 938 974 967  0.217 0.92 0.92 
4 938 939 975 974  0.217 0.92 0.92 
4 967 974 976 972  0.217 0.92 0.92 
4 974 975 977 976  0.217 0.92 0.92 
4 970 969 978 979  0.217 0.92 0.92 
4 971 970 979 980  0.217 0.92 0.92 
4 969 972 981 978  0.217 0.92 0.92 
4 973 971 980 982  0.217 0.92 0.92 
4 979 978 983 984  0.217 0.92 0.92 
4 980 979 984 985  0.217 0.92 0.92 
4 984 983 986 985  0.217 0.92 0.92 
4 978 981 987 983  0.217 0.92 0.92 
4 982 980 985 988  0.217 0.92 0.92 
4 985 986 989 988  0.217 0.92 0.92 
4 972 976 990 981  0.217 0.92 0.92 
4 976 977 991 990  0.217 0.92 0.92 
4 981 990 992 987  0.217 0.92 0.92 
4 990 991 993 992  0.217 0.92 0.92 
4 994 973 982 995  0.217 0.92 0.92 
4 996 994 995 997  0.217 0.92 0.92 
4 995 982 988 998  0.217 0.92 0.92 
4 988 989 999 998  0.217 0.92 0.92 
4 997 995 998 1000  0.217 0.92 0.92 
4 998 999 1001 1000  0.217 0.92 0.92 
4 957 956 1002 1003  0.217 0.92 0.92 
4 956 958 1004 1002  0.217 0.92 0.92 
4 959 957 1003 1005  0.217 0.92 0.92 
4 1002 1004 996 1006  0.217 0.92 0.92 
4 1003 1007 1008 1005  0.217 0.92 0.92 
4 1002 1009 1007 1003  0.217 0.92 0.92 
4 1009 1002 1006 1010  0.217 0.92 0.92 
4 962 959 1005 1011  0.217 0.92 0.92 
4 963 962 1011 1012  0.217 0.92 0.92 
4 1011 1013 1014 1012  0.217 0.92 0.92 
4 1005 1008 1013 1011  0.217 0.92 0.92 
4 1015 1016 1017 1018  0.217 0.92 0.92 
4 1015 1018 1019 1020  0.217 0.92 0.92 
4 1018 1017 1021 1019  0.217 0.92 0.92 
4 1017 1016 1022 1021  0.217 0.92 0.92 
4 1023 1024 1016 1015  0.217 0.92 0.92 
4 1023 1015 1020 1025  0.217 0.92 0.92 
4 1016 1024 1026 1022  0.217 0.92 0.92 
4 1024 1023 1025 1026  0.217 0.92 0.92 
4 1008 1025 1020 1013  0.217 0.92 0.92 
4 1013 1020 1019 1014  0.217 0.92 0.92 
4 1021 1022 1027 1028  0.217 0.92 0.92 
4 1022 1026 1029 1027  0.217 0.92 0.92 
4 1009 1030 1031 1007  0.217 0.92 0.92 
4 1030 1009 1010 1032  0.217 0.92 0.92 
4 1007 1031 1025 1008  0.217 0.92 0.92 
4 1031 1033 1026 1025  0.217 0.92 0.92 
4 1026 1033 1034 1029  0.217 0.92 0.92 
4 1030 1035 1033 1031  0.217 0.92 0.92 
4 1033 1035 1036 1034  0.217 0.92 0.92 
4 1035 1030 1032 1036  0.217 0.92 0.92 
4 1028 1027 1037 1038  0.217 0.92 0.92 
4 1027 1029 1039 1037  0.217 0.92 0.92 
4 1038 1037 1040 1041  0.217 0.92 0.92 
4 1037 1039 1042 1040  0.217 0.92 0.92 
4 1029 1034 1043 1039  0.217 0.92 0.92 
4 1034 1036 1044 1043  0.217 0.92 0.92 
4 1039 1043 1045 1042  0.217 0.92 0.92 
4 1043 1044 1046 1045  0.217 0.92 0.92 
4 461 460 1047 1048  0.217 0.92 0.92 
4 461 1048 1049 462  0.217 0.92 0.92 
4 1048 1047 1050 1051  0.217 0.92 0.92 
4 1048 1051 1052 1049  0.217 0.92 0.92 
4 1047 1053 1054 1050  0.217 0.92 0.92 
4 460 464 1053 1047  0.217 0.92 0.92 
4 1055 1056 1057 1058  0.217 0.92 0.92 
4 1055 1058 1059 1051  0.217 0.92 0.92 
4 1056 1055 1051 1050  0.217 0.92 0.92 
4 1058 1057 1006 996  0.217 0.92 0.92 
4 1058 996 997 1059  0.217 0.92 0.92 
4 1057 1060 1010 1006  0.217 0.92 0.92 
4 1056 1061 1060 1057  0.217 0.92 0.92 
4 1061 1056 1050 1054  0.217 0.92 0.92 
4 1051 1059 1062 1052  0.217 0.92 0.92 
4 1059 997 1000 1062  0.217 0.92 0.92 
4 1061 1063 1064 1060  0.217 0.92 0.92 
4 1063 1061 1054 1065  0.217 0.92 0.92 
4 1060 1064 1032 1010  0.217 0.92 0.92 
4 1064 1066 1036 1032  0.217 0.92 0.92 
4 1036 1066 1067 1044  0.217 0.92 0.92 
4 1063 1068 1066 1064  0.217 0.92 0.92 
4 1066 1068 1069 1067  0.217 0.92 0.92 
4 1068 1063 1065 1069  0.217 0.92 0.92 
4 1044 1067 1070 1046  0.217 0.92 0.92 
4 1067 1069 1071 1070  0.217 0.92 0.92 
4 464 470 1072 1053  0.217 0.92 0.92 
4 1053 1072 1065 1054  0.217 0.92 0.92 
4 1072 1073 1069 1065  0.217 0.92 0.92 
4 1069 1073 1074 1071  0.217 0.92 0.92 
4 470 472 1073 1072  0.217 0.92 0.92 
4 1073 472 474 1074  0.217 0.92 0.92 
4 983 987 1075 1076  0.217 0.92 0.92 
4 986 983 1076 1077  0.217 0.92 0.92 
4 1076 1075 1078 1077  0.217 0.92 0.92 
4 989 986 1077 1079  0.217 0.92 0.92 
4 1077 1078 1080 1079  0.217 0.92 0.92 
4 987 992 1081 1075  0.217 0.92 0.92 
4 1075 1081 1082 1078  0.217 0.92 0.92 
4 992 993 1083 1081  0.217 0.92 0.92 
4 1081 1083 1084 1082  0.217 0.92 0.92 
4 1082 1084 1085 1086  0.217 0.92 0.92 
4 1078 1082 1086 1080  0.217 0.92 0.92 
4 1080 1086 1087 1088  0.217 0.92 0.92 
4 1086 1085 1089 1087  0.217 0.92 0.92 
4 1087 1089 1090 1091  0.217 0.92 0.92 
4 1088 1087 1091 1092  0.217 0.92 0.92 
4 999 989 1079 1093  0.217 0.92 0.92 
4 1079 1080 1088 1093  0.217 0.92 0.92 
4 1001 999 1093 1094  0.217 0.92 0.92 
4 1093 1088 1092 1094  0.217 0.92 0.92 
4 1000 1001 1094 1095  0.217 0.92 0.92 
4 1095 1094 1096 1097  0.217 0.92 0.92 
4 1097 1096 1098 1099  0.217 0.92 0.92 
4 1094 1092 1100 1096  0.217 0.92 0.92 
4 1096 1100 1101 1098  0.217 0.92 0.92 
4 1098 1101 1102 1103  0.217 0.92 0.92 
4 1099 1098 1103 1104  0.217 0.92 0.92 
4 1091 1090 1105 1106  0.217 0.92 0.92 
4 1106 1105 1107 1108  0.217 0.92 0.92 
4 1092 1091 1109 1100  0.217 0.92 0.92 
4 1091 1106 1110 1109  0.217 0.92 0.92 
4 1100 1109 1110 1101  0.217 0.92 0.92 
4 1106 1108 1111 1110  0.217 0.92 0.92 
4 1101 1110 1111 1102  0.217 0.92 0.92 
4 1108 1107 1112 1113  0.217 0.92 0.92 
4 1041 1040 1114 1115  0.217 0.92 0.92 
4 1113 1112 1115 1114  0.217 0.92 0.92 
4 1040 1042 1116 1114  0.217 0.92 0.92 
4 1108 1113 1117 1111  0.217 0.92 0.92 
4 1102 1111 1117 1118  0.217 0.92 0.92 
4 1113 1114 1119 1117  0.217 0.92 0.92 
4 1114 1116 1120 1119  0.217 0.92 0.92 
4 1118 1117 1119 1120  0.217 0.92 0.92 
4 1042 1045 1121 1116  0.217 0.92 0.92 
4 1045 1046 1122 1121  0.217 0.92 0.92 
4 1104 1103 1123 1124  0.217 0.92 0.92 
4 1103 1102 1118 1123  0.217 0.92 0.92 
4 1116 1121 1125 1120  0.217 0.92 0.92 
4 1123 1118 1120 1125  0.217 0.92 0.92 
4 1121 1122 1126 1125  0.217 0.92 0.92 
4 1124 1123 1125 1126  0.217 0.92 0.92 
4 462 1049 1127 490  0.217 0.92 0.92 
4 1049 1052 1128 1127  0.217 0.92 0.92 
4 490 1127 1129 492  0.217 0.92 0.92 
4 1127 1128 1130 1129  0.217 0.92 0.92 
4 1052 1062 1131 1128  0.217 0.92 0.92 
4 1062 1000 1095 1131  0.217 0.92 0.92 
4 1128 1131 1132 1130  0.217 0.92 0.92 
4 1131 1095 1097 1132  0.217 0.92 0.92 
4 1132 1097 1099 1133  0.217 0.92 0.92 
4 1133 1099 1104 1134  0.217 0.92 0.92 
4 1046 1070 1135 1122  0.217 0.92 0.92 
4 1070 1071 1136 1135  0.217 0.92 0.92 
4 1134 1104 1124 1137  0.217 0.92 0.92 
4 1122 1135 1138 1126  0.217 0.92 0.92 
4 1137 1124 1126 1138  0.217 0.92 0.92 
4 1135 1136 1139 1138  0.217 0.92 0.92 
4 1071 1074 1140 1136  0.217 0.92 0.92 
4 1074 474 494 1140  0.217 0.92 0.92 
4 1136 1140 1141 1139  0.217 0.92 0.92 
4 1140 494 497 1141  0.217 0.92 0.92 
4 492 1129 1142 514  0.217 0.92 0.92 
4 514 1142 1143 519  0.217 0.92 0.92 
4 1129 1130 1144 1142  0.217 0.92 0.92 
4 1142 1144 1145 1143  0.217 0.92 0.92 
4 1143 1145 1146 1147  0.217 0.92 0.92 
4 519 1143 1147 521  0.217 0.92 0.92 
4 1130 1132 1148 1144  0.217 0.92 0.92 
4 1132 1133 1149 1148  0.217 0.92 0.92 
4 1144 1148 1149 1145  0.217 0.92 0.92 
4 1133 1134 1150 1149  0.217 0.92 0.92 
4 1145 1149 1150 1146  0.217 0.92 0.92 
4 1134 1137 1151 1150  0.217 0.92 0.92 
4 1146 1150 1151 1152  0.217 0.92 0.92 
4 1137 1138 1153 1151  0.217 0.92 0.92 
4 1138 1139 1154 1153  0.217 0.92 0.92 
4 1152 1151 1153 1154  0.217 0.92 0.92 
4 521 1147 1155 530  0.217 0.92 0.92 
4 1147 1146 1152 1155  0.217 0.92 0.92 
4 1139 1141 1156 1154  0.217 0.92 0.92 
4 1155 1152 1154 1156  0.217 0.92 0.92 
4 1141 497 526 1156  0.217 0.92 0.92 
4 530 1155 1156 526  0.217 0.92 0.92 
4 668 667 1157 1158  0.217 0.92 0.92 
4 668 1158 1159 669  0.217 0.92 0.92 
4 1158 1157 1160 1159  0.217 0.92 0.92 
4 667 671 1161 1157  0.217 0.92 0.92 
4 1157 1161 1162 1160  0.217 0.92 0.92 
4 671 674 1163 1161  0.217 0.92 0.92 
4 1161 1163 1164 1162  0.217 0.92 0.92 
4 674 676 1165 1163  0.217 0.92 0.92 
4 1163 1165 1166 1164  0.217 0.92 0.92 
4 676 698 1167 1165  0.217 0.92 0.92 
4 1165 1167 1168 1166  0.217 0.92 0.92 
4 698 699 1169 1167  0.217 0.92 0.92 
4 1167 1169 1170 1168  0.217 0.92 0.92 
4 699 707 1171 1169  0.217 0.92 0.92 
4 1169 1171 1172 1170  0.217 0.92 0.92 
4 707 708 1173 1171  0.217 0.92 0.92 
4 1171 1173 1174 1172  0.217 0.92 0.92 
4 1173 708 710 1174  0.217 0.92 0.92 
4 669 1159 1175 770  0.217 0.92 0.92 
4 1159 1160 1176 1175  0.217 0.92 0.92 
4 1160 1162 1177 1176  0.217 0.92 0.92 
4 770 1175 1178 772  0.217 0.92 0.92 
4 1175 1176 1179 1178  0.217 0.92 0.92 
4 1176 1177 1180 1179  0.217 0.92 0.92 
4 1162 1164 1181 1177  0.217 0.92 0.92 
4 1164 1166 1182 1181  0.217 0.92 0.92 
4 1177 1181 1183 1180  0.217 0.92 0.92 
4 1181 1182 1184 1183  0.217 0.92 0.92 
4 772 1178 1185 789  0.217 0.92 0.92 
4 1178 1179 1186 1185  0.217 0.92 0.92 
4 1179 1180 1187 1186  0.217 0.92 0.92 
4 789 1185 1188 791  0.217 0.92 0.92 
4 1185 1186 1189 1188  0.217 0.92 0.92 
4 1186 1187 1190 1189  0.217 0.92 0.92 
4 1180 1183 1191 1187  0.217 0.92 0.92 
4 1183 1184 1192 1191  0.217 0.92 0.92 
4 1187 1191 1193 1190  0.217 0.92 0.92 
4 1191 1192 1194 1193  0.217 0.92 0.92 
4 1166 1168 1195 1182  0.217 0.92 0.92 
4 1168 1170 1196 1195  0.217 0.92 0.92 
4 1182 1195 1197 1184  0.217 0.92 0.92 
4 1195 1196 1198 1197  0.217 0.92 0.92 
4 1170 1172 1199 1196  0.217 0.92 0.92 
4 1172 1174 1200 1199  0.217 0.92 0.92 
4 1174 710 793 1200  0.217 0.92 0.92 
4 1196 1199 1201 1198  0.217 0.92 0.92 
4 1199 1200 1202 1201  0.217 0.92 0.92 
4 1200 793 796 1202  0.217 0.92 0.92 
4 1184 1197 1203 1192  0.217 0.92 0.92 
4 1197 1198 1204 1203  0.217 0.92 0.92 
4 816 1203 1204 817  0.217 0.92 0.92 
4 1192 1203 1205 1194  0.217 0.92 0.92 
4 1203 816 820 1205  0.217 0.92 0.92 
4 1198 1201 1206 1204  0.217 0.92 0.92 
4 817 1204 1206 823  0.217 0.92 0.92 
4 1201 1202 1207 1206  0.217 0.92 0.92 
4 1202 796 825 1207  0.217 0.92 0.92 
4 823 1206 1207 825  0.217 0.92 0.92 
4 791 1188 1208 871  0.217 0.92 0.92 
4 1188 1189 1209 1208  0.217 0.92 0.92 
4 1189 1190 1210 1209  0.217 0.92 0.92 
4 871 1208 1211 873  0.217 0.92 0.92 
4 1208 1209 1212 1213  0.217 0.92 0.92 
4 1208 1213 1214 1211  0.217 0.92 0.92 
4 1209 1210 1215 1212  0.217 0.92 0.92 
4 1216 1217 1218 1219  0.217 0.92 0.92 
4 1216 1219 1220 1221  0.217 0.92 0.92 
4 1217 1216 1221 1222  0.217 0.92 0.92 
4 1221 1220 1223 1222  0.217 0.92 0.92 
4 1217 1224 1225 1218  0.217 0.92 0.92 
4 1224 1217 1222 1226  0.217 0.92 0.92 
4 1222 1223 1227 1226  0.217 0.92 0.92 
4 1213 1212 1222 1221  0.217 0.92 0.92 
4 1213 1221 1228 1214  0.217 0.92 0.92 
4 1221 1222 1229 1228  0.217 0.92 0.92 
4 1214 1228 1229 1230  0.217 0.92 0.92 
4 1212 1215 1226 1222  0.217 0.92 0.92 
4 1222 1226 1231 1229  0.217 0.92 0.92 
4 1230 1229 1231 1232  0.217 0.92 0.92 
4 1224 1233 1234 1225  0.217 0.92 0.92 
4 1233 1224 1226 1235  0.217 0.92 0.92 
4 1226 1227 1236 1235  0.217 0.92 0.92 
4 1233 1237 1238 1234  0.217 0.92 0.92 
4 1237 1233 1235 1239  0.217 0.92 0.92 
4 1235 1236 1240 1239  0.217 0.92 0.92 
4 1215 1241 1235 1226  0.217 0.92 0.92 
4 1226 1235 1242 1231  0.217 0.92 0.92 
4 1232 1231 1242 1243  0.217 0.92 0.92 
4 1241 1244 1239 1235  0.217 0.92 0.92 
4 1235 1239 1245 1242  0.217 0.92 0.92 
4 1243 1242 1245 1246  0.217 0.92 0.92 
4 1190 1193 1247 1210  0.217 0.92 0.92 
4 1193 1194 1248 1247  0.217 0.92 0.92 
4 1210 1247 1241 1215  0.217 0.92 0.92 
4 1247 1248 1244 1241  0.217 0.92 0.92 
4 873 1211 1249 885  0.217 0.92 0.92 
4 1211 1214 1250 1249  0.217 0.92 0.92 
4 1214 1230 1251 1250  0.217 0.92 0.92 
4 1230 1232 1252 1251  0.217 0.92 0.92 
4 885 1249 1253 887  0.217 0.92 0.92 
4 1249 1250 1254 1253  0.217 0.92 0.92 
4 1250 1251 1255 1254  0.217 0.92 0.92 
4 1251 1252 1256 1255  0.217 0.92 0.92 
4 1232 1243 1257 1252  0.217 0.92 0.92 
4 1243 1246 1258 1257  0.217 0.92 0.92 
4 1252 1257 1259 1256  0.217 0.92 0.92 
4 1257 1258 1260 1259  0.217 0.92 0.92 
4 1219 1218 1261 1262  0.217 0.92 0.92 
4 1219 1262 1263 1220  0.217 0.92 0.92 
4 1220 1263 1264 1223  0.217 0.92 0.92 
4 1262 1261 1265 1266  0.217 0.92 0.92 
4 1262 1266 1267 1263  0.217 0.92 0.92 
4 1263 1267 1268 1264  0.217 0.92 0.92 
4 1261 1269 1270 1265  0.217 0.92 0.92 
4 1264 1268 1271 1272  0.217 0.92 0.92 
4 1218 1225 1269 1261  0.217 0.92 0.92 
4 1223 1264 1272 1227  0.217 0.92 0.92 
4 1266 1265 1273 1274  0.217 0.92 0.92 
4 1266 1274 1275 1267  0.217 0.92 0.92 
4 1267 1275 1276 1268  0.217 0.92 0.92 
4 1274 1273 1277 1278  0.217 0.92 0.92 
4 1274 1278 1279 1275  0.217 0.92 0.92 
4 1275 1279 1280 1276  0.217 0.92 0.92 
4 1273 1281 1282 1277  0.217 0.92 0.92 
4 1265 1270 1281 1273  0.217 0.92 0.92 
4 1268 1276 1283 1271  0.217 0.92 0.92 
4 1276 1280 1284 1285  0.217 0.92 0.92 
4 1286 1283 1287 1288  0.217 0.92 0.92 
4 1283 1276 1285 1287  0.217 0.92 0.92 
4 1285 1284 1288 1287  0.217 0.92 0.92 
4 1270 1289 1290 1281  0.217 0.92 0.92 
4 1271 1283 1291 1292  0.217 0.92 0.92 
4 1281 1290 1293 1282  0.217 0.92 0.92 
4 1282 1293 1294 1286  0.217 0.92 0.92 
4 1283 1286 1294 1291  0.217 0.92 0.92 
4 1290 1295 1296 1293  0.217 0.92 0.92 
4 1289 1297 1295 1290  0.217 0.92 0.92 
4 1292 1291 1298 1299  0.217 0.92 0.92 
4 1291 1294 1300 1301  0.217 0.92 0.92 
4 1302 1298 1303 1304  0.217 0.92 0.92 
4 1298 1291 1301 1303  0.217 0.92 0.92 
4 1301 1300 1304 1303  0.217 0.92 0.92 
4 1225 1234 1305 1269  0.217 0.92 0.92 
4 1227 1272 1306 1236  0.217 0.92 0.92 
4 1269 1305 1289 1270  0.217 0.92 0.92 
4 1272 1271 1292 1306  0.217 0.92 0.92 
4 1305 1307 1297 1289  0.217 0.92 0.92 
4 1306 1292 1299 1308  0.217 0.92 0.92 
4 1234 1238 1307 1305  0.217 0.92 0.92 
4 1236 1306 1308 1240  0.217 0.92 0.92 
4 1238 1309 1310 1307  0.217 0.92 0.92 
4 1310 1309 1311 1312  0.217 0.92 0.92 
4 1240 1308 1312 1311  0.217 0.92 0.92 
4 1307 1310 1313 1297  0.217 0.92 0.92 
4 1313 1310 1312 1314  0.217 0.92 0.92 
4 1308 1299 1314 1312  0.217 0.92 0.92 
4 1297 1313 1315 1295  0.217 0.92 0.92 
4 1315 1313 1314 1316  0.217 0.92 0.92 
4 1299 1298 1316 1314  0.217 0.92 0.92 
4 1295 1315 1317 1296  0.217 0.92 0.92 
4 1317 1315 1316 1318  0.217 0.92 0.92 
4 1298 1302 1318 1316  0.217 0.92 0.92 
4 1194 1205 1319 1248  0.217 0.92 0.92 
4 1205 820 897 1319  0.217 0.92 0.92 
4 1319 897 899 1320  0.217 0.92 0.92 
4 1248 1319 1321 1244  0.217 0.92 0.92 
4 1321 1319 1320 1322  0.217 0.92 0.92 
4 1237 1323 1309 1238  0.217 0.92 0.92 
4 1309 1323 1324 1311  0.217 0.92 0.92 
4 1323 1237 1239 1324  0.217 0.92 0.92 
4 1239 1240 1311 1324  0.217 0.92 0.92 
4 1244 1321 1324 1239  0.217 0.92 0.92 
4 1239 1324 1325 1245  0.217 0.92 0.92 
4 1324 1321 1322 1325  0.217 0.92 0.92 
4 1246 1245 1325 1322  0.217 0.92 0.92 
4 1320 899 909 1326  0.217 0.92 0.92 
4 1246 1322 1327 1258  0.217 0.92 0.92 
4 1322 1320 1326 1327  0.217 0.92 0.92 
4 1326 909 911 1328  0.217 0.92 0.92 
4 1258 1327 1329 1260  0.217 0.92 0.92 
4 1327 1326 1328 1329  0.217 0.92 0.92 
4 887 1253 1330 923  0.217 0.92 0.92 
4 1253 1254 1331 1330  0.217 0.92 0.92 
4 1254 1255 1332 1331  0.217 0.92 0.92 
4 1255 1256 1333 1332  0.217 0.92 0.92 
4 923 1330 1334 925  0.217 0.92 0.92 
4 1330 1331 1335 1334  0.217 0.92 0.92 
4 1331 1332 1336 1335  0.217 0.92 0.92 
4 1332 1333 1337 1336  0.217 0.92 0.92 
4 1256 1259 1338 1333  0.217 0.92 0.92 
4 1259 1260 1339 1338  0.217 0.92 0.92 
4 1333 1338 1340 1337  0.217 0.92 0.92 
4 1338 1339 1341 1340  0.217 0.92 0.92 
4 925 1334 1342 937  0.217 0.92 0.92 
4 1334 1335 1343 1342  0.217 0.92 0.92 
4 1342 1343 1344 1345  0.217 0.92 0.92 
4 1345 1344 1346 1347  0.217 0.92 0.92 
4 937 1342 1348 939  0.217 0.92 0.92 
4 1342 1345 1349 1348  0.217 0.92 0.92 
4 1345 1347 1350 1349  0.217 0.92 0.92 
4 1335 1336 1351 1352  0.217 0.92 0.92 
4 1335 1352 1353 1343  0.217 0.92 0.92 
4 1352 1351 1354 1353  0.217 0.92 0.92 
4 1343 1353 1354 1344  0.217 0.92 0.92 
4 1336 1337 1355 1351  0.217 0.92 0.92 
4 1351 1355 1356 1354  0.217 0.92 0.92 
4 1344 1354 1356 1346  0.217 0.92 0.92 
4 1353 1354 1357 1358  0.217 0.92 0.92 
4 1353 1358 1359 1360  0.217 0.92 0.92 
4 1354 1353 1360 1361  0.217 0.92 0.92 
4 1360 1359 1362 1361  0.217 0.92 0.92 
4 1354 1356 1363 1357  0.217 0.92 0.92 
4 1356 1354 1361 1364  0.217 0.92 0.92 
4 1361 1362 1365 1364  0.217 0.92 0.92 
4 1337 1340 1366 1355  0.217 0.92 0.92 
4 1355 1366 1367 1356  0.217 0.92 0.92 
4 1346 1356 1367 1368  0.217 0.92 0.92 
4 1340 1341 1369 1366  0.217 0.92 0.92 
4 1366 1369 1370 1367  0.217 0.92 0.92 
4 1368 1367 1370 1371  0.217 0.92 0.92 
4 1356 1367 1372 1363  0.217 0.92 0.92 
4 1367 1356 1364 1373  0.217 0.92 0.92 
4 1364 1365 1374 1373  0.217 0.92 0.92 
4 1367 1370 1375 1372  0.217 0.92 0.92 
4 1370 1367 1373 1376  0.217 0.92 0.92 
4 1373 1374 1377 1376  0.217 0.92 0.92 
4 1347 1346 1368 1378  0.217 0.92 0.92 
4 1378 1368 1371 1379  0.217 0.92 0.92 
4 1347 1378 1380 1350  0.217 0.92 0.92 
4 1378 1379 1381 1380  0.217 0.92 0.92 
4 1358 1357 1382 1383  0.217 0.92 0.92 
4 1358 1383 1384 1359  0.217 0.92 0.92 
4 1359 1384 1385 1362  0.217 0.92 0.92 
4 1383 1382 1386 1387  0.217 0.92 0.92 
4 1383 1387 1388 1384  0.217 0.92 0.92 
4 1384 1388 1389 1385  0.217 0.92 0.92 
4 1382 1390 1391 1386  0.217 0.92 0.92 
4 1385 1389 1392 1393  0.217 0.92 0.92 
4 1357 1363 1390 1382  0.217 0.92 0.92 
4 1362 1385 1393 1365  0.217 0.92 0.92 
4 1387 1386 1394 1395  0.217 0.92 0.92 
4 1387 1395 1396 1388  0.217 0.92 0.92 
4 1388 1396 1397 1389  0.217 0.92 0.92 
4 1395 1394 1398 1399  0.217 0.92 0.92 
4 1395 1399 1400 1396  0.217 0.92 0.92 
4 1396 1400 1401 1397  0.217 0.92 0.92 
4 1394 1402 1403 1398  0.217 0.92 0.92 
4 1397 1401 1404 1405  0.217 0.92 0.92 
4 1386 1391 1402 1394  0.217 0.92 0.92 
4 1389 1397 1405 1392  0.217 0.92 0.92 
4 1391 1406 1407 1402  0.217 0.92 0.92 
4 1392 1405 1408 1409  0.217 0.92 0.92 
4 1402 1407 1410 1403  0.217 0.92 0.92 
4 1405 1404 1411 1408  0.217 0.92 0.92 
4 1407 1412 1413 1410  0.217 0.92 0.92 
4 1408 1411 1414 1415  0.217 0.92 0.92 
4 1406 1416 1412 1407  0.217 0.92 0.92 
4 1409 1408 1415 1417  0.217 0.92 0.92 
4 1363 1372 1418 1390  0.217 0.92 0.92 
4 1365 1393 1419 1374  0.217 0.92 0.92 
4 1390 1418 1406 1391  0.217 0.92 0.92 
4 1393 1392 1409 1419  0.217 0.92 0.92 
4 1418 1420 1416 1406  0.217 0.92 0.92 
4 1419 1409 1417 1421  0.217 0.92 0.92 
4 1372 1375 1420 1418  0.217 0.92 0.92 
4 1374 1419 1421 1377  0.217 0.92 0.92 
4 1375 1422 1423 1420  0.217 0.92 0.92 
4 1423 1422 1424 1425  0.217 0.92 0.92 
4 1377 1421 1425 1424  0.217 0.92 0.92 
4 1420 1423 1426 1416  0.217 0.92 0.92 
4 1426 1423 1425 1427  0.217 0.92 0.92 
4 1421 1417 1427 1425  0.217 0.92 0.92 
4 1416 1426 1428 1412  0.217 0.92 0.92 
4 1428 1426 1427 1429  0.217 0.92 0.92 
4 1417 1415 1429 1427  0.217 0.92 0.92 
4 1412 1428 1430 1413  0.217 0.92 0.92 
4 1430 1428 1429 1431  0.217 0.92 0.92 
4 1415 1414 1431 1429  0.217 0.92 0.92 
4 1328 911 949 1432  0.217 0.92 0.92 
4 1260 1329 1433 1339  0.217 0.92 0.92 
4 1329 1328 1432 1433  0.217 0.92 0.92 
4 1432 949 951 1434  0.217 0.92 0.92 
4 1339 1433 1435 1341  0.217 0.92 0.92 
4 1433 1432 1434 1435  0.217 0.92 0.92 
4 1434 951 961 1436  0.217 0.92 0.92 
4 1435 1434 1436 1437  0.217 0.92 0.92 
4 1379 1371 1437 1436  0.217 0.92 0.92 
4 1379 1436 1438 1381  0.217 0.92 0.92 
4 1436 961 963 1438  0.217 0.92 0.92 
4 1341 1435 1439 1369  0.217 0.92 0.92 
4 1369 1439 1440 1370  0.217 0.92 0.92 
4 1439 1435 1437 1440  0.217 0.92 0.92 
4 1371 1370 1440 1437  0.217 0.92 0.92 
4 1370 1440 1422 1375  0.217 0.92 0.92 
4 1422 1440 1441 1424  0.217 0.92 0.92 
4 1440 1370 1376 1441  0.217 0.92 0.92 
4 1376 1377 1424 1441  0.217 0.92 0.92 
4 939 1348 1442 975  0.217 0.92 0.92 
4 1348 1349 1443 1442  0.217 0.92 0.92 
4 1349 1350 1444 1443  0.217 0.92 0.92 
4 975 1442 1445 977  0.217 0.92 0.92 
4 1442 1443 1446 1445  0.217 0.92 0.92 
4 1443 1444 1447 1446  0.217 0.92 0.92 
4 1350 1380 1448 1444  0.217 0.92 0.92 
4 1380 1381 1449 1448  0.217 0.92 0.92 
4 1444 1448 1450 1447  0.217 0.92 0.92 
4 1448 1449 1451 1450  0.217 0.92 0.92 
4 977 1445 1452 991  0.217 0.92 0.92 
4 1445 1446 1453 1452  0.217 0.92 0.92 
4 1446 1447 1454 1453  0.217 0.92 0.92 
4 991 1452 1455 993  0.217 0.92 0.92 
4 1452 1453 1456 1455  0.217 0.92 0.92 
4 1453 1454 1457 1456  0.217 0.92 0.92 
4 1447 1450 1458 1454  0.217 0.92 0.92 
4 1450 1451 1459 1458  0.217 0.92 0.92 
4 1454 1458 1460 1457  0.217 0.92 0.92 
4 1458 1459 1461 1460  0.217 0.92 0.92 
4 1381 1438 1462 1449  0.217 0.92 0.92 
4 1438 963 1012 1462  0.217 0.92 0.92 
4 1449 1462 1463 1451  0.217 0.92 0.92 
4 1012 1014 1464 1462  0.217 0.92 0.92 
4 1462 1464 1465 1463  0.217 0.92 0.92 
4 1014 1019 1466 1464  0.217 0.92 0.92 
4 1464 1466 1467 1465  0.217 0.92 0.92 
4 1019 1021 1468 1466  0.217 0.92 0.92 
4 1466 1468 1469 1467  0.217 0.92 0.92 
4 1468 1021 1028 1469  0.217 0.92 0.92 
4 1451 1463 1470 1459  0.217 0.92 0.92 
4 1463 1465 1471 1470  0.217 0.92 0.92 
4 1459 1470 1472 1461  0.217 0.92 0.92 
4 1470 1471 1473 1472  0.217 0.92 0.92 
4 1465 1467 1474 1471  0.217 0.92 0.92 
4 1467 1469 1475 1474  0.217 0.92 0.92 
4 1469 1028 1038 1475  0.217 0.92 0.92 
4 1471 1474 1476 1473  0.217 0.92 0.92 
4 1474 1475 1477 1476  0.217 0.92 0.92 
4 1475 1038 1041 1477  0.217 0.92 0.92 
4 993 1455 1478 1083  0.217 0.92 0.92 
4 1455 1456 1479 1478  0.217 0.92 0.92 
4 1083 1478 1479 1084  0.217 0.92 0.92 
4 1456 1457 1480 1479  0.217 0.92 0.92 
4 1084 1479 1480 1085  0.217 0.92 0.92 
4 1457 1460 1481 1480  0.217 0.92 0.92 
4 1085 1480 1481 1089  0.217 0.92 0.92 
4 1460 1461 1482 1481  0.217 0.92 0.92 
4 1089 1481 1482 1090  0.217 0.92 0.92 
4 1461 1472 1483 1482  0.217 0.92 0.92 
4 1090 1482 1483 1105  0.217 0.92 0.92 
4 1472 1473 1484 1483  0.217 0.92 0.92 
4 1105 1483 1484 1107  0.217 0.92 0.92 
4 1473 1476 1485 1484  0.217 0.92 0.92 
4 1107 1484 1485 1112  0.217 0.92 0.92 
4 1476 1477 1486 1485  0.217 0.92 0.92 
4 1477 1041 1115 1486  0.217 0.92 0.92 
4 1112 1485 1486 1115  0.217 0.92 0.92 
4 1278 1277 1487 1488  0.217 0.92 0.92 
4 1278 1488 1489 1279  0.217 0.92 0.92 
4 1488 1487 1490 1491  0.217 0.92 0.92 
4 1488 1491 1492 1489  0.217 0.92 0.92 
4 1490 1487 1493 1494  0.217 0.92 0.92 
4 1277 1282 1495 1487  0.217 0.92 0.92 
4 1487 1495 1496 1493  0.217 0.92 0.92 
4 1495 1282 1286 1496  0.217 0.92 0.92 
4 1279 1489 1497 1498  0.217 0.92 0.92 
4 1280 1279 1498 1284  0.217 0.92 0.92 
4 1489 1492 1499 1497  0.217 0.92 0.92 
4 1494 1493 1500 1501  0.217 0.92 0.92 
4 1493 1496 1502 1500  0.217 0.92 0.92 
4 1496 1286 1288 1502  0.217 0.92 0.92 
4 1491 1490 1503 1504  0.217 0.92 0.92 
4 1491 1504 1505 1492  0.217 0.92 0.92 
4 1504 1503 1506 1505  0.217 0.92 0.92 
4 1503 1507 1508 1509  0.217 0.92 0.92 
4 1503 1509 1510 1506  0.217 0.92 0.92 
4 1509 1508 1511 1510  0.217 0.92 0.92 
4 1490 1512 1507 1503  0.217 0.92 0.92 
4 1507 1512 1513 1514  0.217 0.92 0.92 
4 1512 1490 1494 1513  0.217 0.92 0.92 
4 1492 1505 1515 1499  0.217 0.92 0.92 
4 1505 1506 1516 1515  0.217 0.92 0.92 
4 1506 1510 1517 1516  0.217 0.92 0.92 
4 1510 1511 1518 1517  0.217 0.92 0.92 
4 1514 1513 1519 1520  0.217 0.92 0.92 
4 1513 1494 1501 1519  0.217 0.92 0.92 
4 1507 1521 1522 1508  0.217 0.92 0.92 
4 1508 1522 1523 1511  0.217 0.92 0.92 
4 1521 1507 1514 1524  0.217 0.92 0.92 
4 1521 1525 1526 1522  0.217 0.92 0.92 
4 1522 1526 1527 1523  0.217 0.92 0.92 
4 1526 1525 1528 1527  0.217 0.92 0.92 
4 1529 1530 1525 1521  0.217 0.92 0.92 
4 1529 1521 1524 1531  0.217 0.92 0.92 
4 1530 1529 1531 1532  0.217 0.92 0.92 
4 1511 1523 1533 1518  0.217 0.92 0.92 
4 1524 1514 1520 1534  0.217 0.92 0.92 
4 1523 1527 1535 1533  0.217 0.92 0.92 
4 1527 1528 1536 1535  0.217 0.92 0.92 
4 1531 1524 1534 1537  0.217 0.92 0.92 
4 1532 1531 1537 1538  0.217 0.92 0.92 
4 1293 1296 1539 1540  0.217 0.92 0.92 
4 1293 1540 1541 1294  0.217 0.92 0.92 
4 1540 1539 1542 1541  0.217 0.92 0.92 
4 1294 1541 1543 1300  0.217 0.92 0.92 
4 1541 1542 1544 1543  0.217 0.92 0.92 
4 1498 1497 1545 1546  0.217 0.92 0.92 
4 1284 1498 1546 1547  0.217 0.92 0.92 
4 1546 1545 1548 1547  0.217 0.92 0.92 
4 1497 1499 1549 1545  0.217 0.92 0.92 
4 1501 1500 1548 1550  0.217 0.92 0.92 
4 1500 1502 1551 1548  0.217 0.92 0.92 
4 1502 1288 1552 1551  0.217 0.92 0.92 
4 1288 1284 1547 1552  0.217 0.92 0.92 
4 1547 1548 1551 1552  0.217 0.92 0.92 
4 1545 1549 1553 1554  0.217 0.92 0.92 
4 1550 1548 1555 1556  0.217 0.92 0.92 
4 1548 1545 1554 1555  0.217 0.92 0.92 
4 1499 1515 1557 1549  0.217 0.92 0.92 
4 1515 1516 1558 1557  0.217 0.92 0.92 
4 1516 1517 1559 1558  0.217 0.92 0.92 
4 1517 1518 1560 1559  0.217 0.92 0.92 
4 1520 1519 1561 1562  0.217 0.92 0.92 
4 1519 1501 1550 1561  0.217 0.92 0.92 
4 1549 1557 1563 1553  0.217 0.92 0.92 
4 1557 1558 1564 1563  0.217 0.92 0.92 
4 1558 1559 1565 1564  0.217 0.92 0.92 
4 1559 1560 1566 1565  0.217 0.92 0.92 
4 1562 1561 1567 1568  0.217 0.92 0.92 
4 1561 1550 1556 1567  0.217 0.92 0.92 
4 1518 1533 1569 1560  0.217 0.92 0.92 
4 1534 1520 1562 1570  0.217 0.92 0.92 
4 1533 1535 1571 1569  0.217 0.92 0.92 
4 1535 1536 1572 1571  0.217 0.92 0.92 
4 1537 1534 1570 1573  0.217 0.92 0.92 
4 1538 1537 1573 1574  0.217 0.92 0.92 
4 1560 1569 1575 1566  0.217 0.92 0.92 
4 1570 1562 1568 1576  0.217 0.92 0.92 
4 1569 1571 1577 1575  0.217 0.92 0.92 
4 1571 1572 1578 1577  0.217 0.92 0.92 
4 1573 1570 1576 1579  0.217 0.92 0.92 
4 1574 1573 1579 1580  0.217 0.92 0.92 
4 1300 1543 1581 1582  0.217 0.92 0.92 
4 1543 1544 1583 1581  0.217 0.92 0.92 
4 1304 1300 1582 1584  0.217 0.92 0.92 
4 1582 1581 1583 1584  0.217 0.92 0.92 
4 1296 1317 1585 1539  0.217 0.92 0.92 
4 1585 1317 1318 1586  0.217 0.92 0.92 
4 1539 1585 1587 1530  0.217 0.92 0.92 
4 1539 1530 1532 1542  0.217 0.92 0.92 
4 1587 1585 1586 1588  0.217 0.92 0.92 
4 1586 1318 1589 1590  0.217 0.92 0.92 
4 1318 1302 1304 1589  0.217 0.92 0.92 
4 1542 1532 1538 1544  0.217 0.92 0.92 
4 1588 1586 1590 1591  0.217 0.92 0.92 
4 1530 1587 1592 1525  0.217 0.92 0.92 
4 1525 1592 1593 1528  0.217 0.92 0.92 
4 1592 1587 1588 1593  0.217 0.92 0.92 
4 1528 1593 1594 1536  0.217 0.92 0.92 
4 1593 1588 1591 1594  0.217 0.92 0.92 
4 1590 1589 1595 1596  0.217 0.92 0.92 
4 1589 1304 1584 1595  0.217 0.92 0.92 
4 1584 1583 1596 1595  0.217 0.92 0.92 
4 1544 1538 1574 1583  0.217 0.92 0.92 
4 1591 1590 1596 1597  0.217 0.92 0.92 
4 1583 1574 1580 1598  0.217 0.92 0.92 
4 1597 1596 1599 1600  0.217 0.92 0.92 
4 1596 1583 1598 1599  0.217 0.92 0.92 
4 1536 1594 1601 1572  0.217 0.92 0.92 
4 1594 1591 1597 1601  0.217 0.92 0.92 
4 1572 1601 1602 1578  0.217 0.92 0.92 
4 1601 1597 1600 1602  0.217 0.92 0.92 
4 1554 1553 1603 1604  0.217 0.92 0.92 
4 1556 1555 1605 1606  0.217 0.92 0.92 
4 1555 1554 1604 1605  0.217 0.92 0.92 
4 1607 1608 1605 1604  0.217 0.92 0.92 
4 1607 1604 1609 1610  0.217 0.92 0.92 
4 1608 1607 1610 1611  0.217 0.92 0.92 
4 1604 1603 1612 1609  0.217 0.92 0.92 
4 1606 1605 1613 1614  0.217 0.92 0.92 
4 1608 1615 1616 1605  0.217 0.92 0.92 
4 1605 1616 1617 1613  0.217 0.92 0.92 
4 1616 1615 1618 1617  0.217 0.92 0.92 
4 1615 1608 1611 1618  0.217 0.92 0.92 
4 1553 1563 1619 1603  0.217 0.92 0.92 
4 1563 1564 1620 1619  0.217 0.92 0.92 
4 1564 1565 1621 1620  0.217 0.92 0.92 
4 1565 1566 1622 1621  0.217 0.92 0.92 
4 1568 1567 1623 1624  0.217 0.92 0.92 
4 1567 1556 1606 1623  0.217 0.92 0.92 
4 1603 1619 1625 1612  0.217 0.92 0.92 
4 1619 1620 1626 1625  0.217 0.92 0.92 
4 1620 1621 1627 1626  0.217 0.92 0.92 
4 1621 1622 1628 1627  0.217 0.92 0.92 
4 1624 1623 1629 1630  0.217 0.92 0.92 
4 1623 1606 1614 1629  0.217 0.92 0.92 
4 1566 1575 1631 1622  0.217 0.92 0.92 
4 1576 1568 1624 1632  0.217 0.92 0.92 
4 1575 1577 1633 1631  0.217 0.92 0.92 
4 1577 1578 1634 1633  0.217 0.92 0.92 
4 1579 1576 1632 1635  0.217 0.92 0.92 
4 1580 1579 1635 1636  0.217 0.92 0.92 
4 1622 1631 1637 1628  0.217 0.92 0.92 
4 1632 1624 1630 1638  0.217 0.92 0.92 
4 1631 1633 1639 1637  0.217 0.92 0.92 
4 1633 1634 1640 1639  0.217 0.92 0.92 
4 1635 1632 1638 1641  0.217 0.92 0.92 
4 1636 1635 1641 1642  0.217 0.92 0.92 
4 1643 1644 1645 1646  0.217 0.92 0.92 
4 1643 1646 1647 1648  0.217 0.92 0.92 
4 1646 1645 1649 1647  0.217 0.92 0.92 
4 1644 1643 1648 1650  0.217 0.92 0.92 
4 1610 1609 1651 1399  0.217 0.92 0.92 
4 1611 1610 1399 1398  0.217 0.92 0.92 
4 1609 1612 1652 1651  0.217 0.92 0.92 
4 1614 1613 1653 1654  0.217 0.92 0.92 
4 1613 1617 1655 1653  0.217 0.92 0.92 
4 1618 1611 1398 1403  0.217 0.92 0.92 
4 1399 1651 1656 1400  0.217 0.92 0.92 
4 1400 1656 1657 1401  0.217 0.92 0.92 
4 1651 1652 1658 1656  0.217 0.92 0.92 
4 1654 1653 1657 1659  0.217 0.92 0.92 
4 1656 1658 1659 1657  0.217 0.92 0.92 
4 1653 1655 1660 1657  0.217 0.92 0.92 
4 1401 1657 1660 1404  0.217 0.92 0.92 
4 1612 1625 1661 1652  0.217 0.92 0.92 
4 1625 1626 1662 1661  0.217 0.92 0.92 
4 1626 1627 1663 1662  0.217 0.92 0.92 
4 1627 1628 1664 1663  0.217 0.92 0.92 
4 1630 1629 1665 1666  0.217 0.92 0.92 
4 1629 1614 1654 1665  0.217 0.92 0.92 
4 1652 1661 1667 1658  0.217 0.92 0.92 
4 1661 1662 1668 1667  0.217 0.92 0.92 
4 1658 1667 1668 1659  0.217 0.92 0.92 
4 1662 1663 1669 1668  0.217 0.92 0.92 
4 1663 1664 1670 1669  0.217 0.92 0.92 
4 1668 1669 1670 1671  0.217 0.92 0.92 
4 1666 1665 1672 1671  0.217 0.92 0.92 
4 1665 1654 1659 1672  0.217 0.92 0.92 
4 1659 1668 1671 1672  0.217 0.92 0.92 
4 1628 1637 1673 1664  0.217 0.92 0.92 
4 1638 1630 1666 1674  0.217 0.92 0.92 
4 1637 1639 1675 1673  0.217 0.92 0.92 
4 1639 1640 1676 1675  0.217 0.92 0.92 
4 1641 1638 1674 1677  0.217 0.92 0.92 
4 1642 1641 1677 1678  0.217 0.92 0.92 
4 1664 1673 1679 1670  0.217 0.92 0.92 
4 1674 1666 1671 1680  0.217 0.92 0.92 
4 1671 1670 1679 1680  0.217 0.92 0.92 
4 1673 1675 1681 1679  0.217 0.92 0.92 
4 1675 1676 1682 1681  0.217 0.92 0.92 
4 1680 1679 1681 1682  0.217 0.92 0.92 
4 1677 1674 1680 1683  0.217 0.92 0.92 
4 1678 1677 1683 1684  0.217 0.92 0.92 
4 1683 1680 1682 1684  0.217 0.92 0.92 
4 1618 1648 1647 1617  0.217 0.92 0.92 
4 1617 1647 1685 1655  0.217 0.92 0.92 
4 1648 1618 1403 1410  0.217 0.92 0.92 
4 1647 1649 1686 1685  0.217 0.92 0.92 
4 1650 1648 1410 1413  0.217 0.92 0.92 
4 1655 1685 1687 1660  0.217 0.92 0.92 
4 1404 1660 1687 1411  0.217 0.92 0.92 
4 1685 1686 1688 1687  0.217 0.92 0.92 
4 1411 1687 1688 1414  0.217 0.92 0.92 
4 1598 1580 1636 1645  0.217 0.92 0.92 
4 1600 1599 1689 1690  0.217 0.92 0.92 
4 1599 1598 1645 1689  0.217 0.92 0.92 
4 1644 1691 1689 1645  0.217 0.92 0.92 
4 1689 1691 1692 1693  0.217 0.92 0.92 
4 1691 1644 1650 1692  0.217 0.92 0.92 
4 1645 1636 1642 1649  0.217 0.92 0.92 
4 1690 1689 1693 1694  0.217 0.92 0.92 
4 1578 1602 1695 1634  0.217 0.92 0.92 
4 1602 1600 1690 1695  0.217 0.92 0.92 
4 1634 1695 1696 1640  0.217 0.92 0.92 
4 1695 1690 1694 1696  0.217 0.92 0.92 
4 1693 1692 1430 1697  0.217 0.92 0.92 
4 1692 1650 1413 1430  0.217 0.92 0.92 
4 1649 1642 1678 1686  0.217 0.92 0.92 
4 1694 1693 1697 1698  0.217 0.92 0.92 
4 1697 1430 1431 1699  0.217 0.92 0.92 
4 1414 1688 1699 1431  0.217 0.92 0.92 
4 1686 1678 1684 1688  0.217 0.92 0.92 
4 1698 1697 1699 1700  0.217 0.92 0.92 
4 1688 1684 1700 1699  0.217 0.92 0.92 
4 1640 1696 1701 1676  0.217 0.92 0.92 
4 1696 1694 1698 1701  0.217 0.92 0.92 
4 1676 1701 1702 1682  0.217 0.92 0.92 
4 1701 1698 1700 1702  0.217 0.92 0.92 
4 1684 1682 1702 1700  0.217 0.92 0.92 
4 1703 1704 782 787  0.217 0.92 0.92 
4 768 782 1704 776  0.217 0.92 0.92 
4 1704 1703 813 803  0.217 0.92 0.92 
4 776 1704 803 777  0.217 0.92 0.92 
4 864 869 1705 1706  0.217 0.92 0.92 
4 787 864 1706 1703  0.217 0.92 0.92 
4 894 890 1706 1705  0.217 0.92 0.92 
4 890 813 1703 1706  0.217 0.92 0.92 
4 878 883 1707 1708  0.217 0.92 0.92 
4 869 878 1708 1705  0.217 0.92 0.92 
4 906 902 1708 1707  0.217 0.92 0.92 
4 902 894 1705 1708  0.217 0.92 0.92 
4 916 921 1709 1710  0.217 0.92 0.92 
4 883 916 1710 1707  0.217 0.92 0.92 
4 946 942 1710 1709  0.217 0.92 0.92 
4 942 906 1707 1710  0.217 0.92 0.92 
4 930 935 1711 1712  0.217 0.92 0.92 
4 921 930 1712 1709  0.217 0.92 0.92 
4 958 954 1712 1711  0.217 0.92 0.92 
4 954 946 1709 1712  0.217 0.92 0.92 
4 1711 935 968 1713  0.217 0.92 0.92 
4 1004 958 1711 1713  0.217 0.92 0.92 
4 994 1713 968 973  0.217 0.92 0.92 
4 1004 1713 994 996  0.217 0.92 0.92 
