OFF
76 64 0

0 -32.32 -11.1948
8.08 -32.32 -11.1948
8.08 -32.32 -3.11475
0 -32.32 -3.11475
0 -24.24 -3.11475
0 -24.24 -11.1948
8.08 -24.24 -3.11475
8.08 -24.24 -11.1948
0 24.24 -11.1948
8.08 24.24 -11.1948
8.08 24.24 -3.11475
0 24.24 -3.11475
0 32.32 -3.11475
0 32.32 -11.1948
8.08 32.32 -3.11475
8.08 32.32 -11.1948
-8.08 -24.24 21.1253
0 -24.24 21.1253
0 -24.24 29.2052
-8.08 -24.24 29.2052
-8.08 -16.16 29.2052
-8.08 -16.16 21.1253
-0.000853033 -17.4409 30.7853
0 -16.16 21.1253
8.08 -24.24 21.1253
8.08 -24.24 29.2052
8.08 -16.16 29.2052
8.08 -16.16 21.1253
0 -16.16 13.0452
8.08 -16.16 13.0452
0 -8.08 21
0 -8.08 13.0452
8.08 -8.08 21.1253
8.08 -8.08 13.0452
0 8.08 13.0452
8.08 8.08 13.0452
8.08 8.08 21.1253
0 8.08 21
0 16.16 21.1253
0 16.16 13.0452
8.08 16.16 21.1253
8.08 16.16 13.0452
-8.08 16.16 21.1253
-0.000853033 17.4409 30.7853
-8.08 16.16 29.2052
-8.08 24.24 29.2052
-8.08 24.24 21.1253
0 24.24 29.2052
0 24.24 21.1253
8.08 16.16 29.2052
8.08 24.24 29.2052
8.08 24.24 21.1253
-8.08 -8.08 29.2052
2 -8.08 29.2052
0 -8.08 37.2852
-8.08 -8.08 37.2852
-8.08 0 37.2852
-8.08 0 29.2052
0 0 37.2852
2 0 29.2052
-8.08 8.08 37.2852
-8.08 8.08 29.2052
0 8.08 37.2852
2 8.08 29.2052
-8.08 -8.08 45.3653
0 -8.5 45.3653
0 -8.08 53.4453
-8.08 -8.08 53.4453
-8.08 0 53.4453
-8.08 0 45.3653
0 0 53.4453
0 0 45.3653
-8.08 8.08 53.4453
-8.08 8.08 45.3653
0 8.08 53.4453
0 8.5 45.3653

4 0 1 2 3  0.217 0.92 0.92 
4 0 3 4 5  0.217 0.92 0.92 
4 3 2 6 4  0.217 0.92 0.92 
4 2 1 7 6  0.217 0.92 0.92 
4 1 0 5 7  0.217 0.92 0.92 
4 5 4 6 7  0.217 0.92 0.92 
4 8 9 10 11  0.217 0.92 0.92 
4 8 11 12 13  0.217 0.92 0.92 
4 11 10 14 12  0.217 0.92 0.92 
4 10 9 15 14  0.217 0.92 0.92 
4 9 8 13 15  0.217 0.92 0.92 
4 13 12 14 15  0.217 0.92 0.92 
4 16 17 18 19  0.217 0.92 0.92 
4 16 19 20 21  0.217 0.92 0.92 
4 19 18 22 20  0.217 0.92 0.92 
4 17 16 21 23  0.217 0.92 0.92 
4 21 20 22 23  0.217 0.92 0.92 
4 17 24 25 18  0.217 0.92 0.92 
4 18 25 26 22  0.217 0.92 0.92 
4 25 24 27 26  0.217 0.92 0.92 
4 24 17 23 27  0.217 0.92 0.92 
4 23 22 26 27  0.217 0.92 0.92 
4 28 29 27 23  0.217 0.92 0.92 
4 28 23 30 31  0.217 0.92 0.92 
4 23 27 32 30  0.217 0.92 0.92 
4 27 29 33 32  0.217 0.92 0.92 
4 29 28 31 33  0.217 0.92 0.92 
4 31 30 32 33  0.217 0.92 0.92 
4 34 35 36 37  0.217 0.92 0.92 
4 34 37 38 39  0.217 0.92 0.92 
4 37 36 40 38  0.217 0.92 0.92 
4 36 35 41 40  0.217 0.92 0.92 
4 35 34 39 41  0.217 0.92 0.92 
4 39 38 40 41  0.217 0.92 0.92 
4 42 38 43 44  0.217 0.92 0.92 
4 42 44 45 46  0.217 0.92 0.92 
4 44 43 47 45  0.217 0.92 0.92 
4 38 42 46 48  0.217 0.92 0.92 
4 46 45 47 48  0.217 0.92 0.92 
4 38 40 49 43  0.217 0.92 0.92 
4 43 49 50 47  0.217 0.92 0.92 
4 49 40 51 50  0.217 0.92 0.92 
4 40 38 48 51  0.217 0.92 0.92 
4 48 47 50 51  0.217 0.92 0.92 
4 52 53 54 55  0.217 0.92 0.92 
4 52 55 56 57  0.217 0.92 0.92 
4 55 54 58 56  0.217 0.92 0.92 
4 54 53 59 58  0.217 0.92 0.92 
4 53 52 57 59  0.217 0.92 0.92 
4 57 56 60 61  0.217 0.92 0.92 
4 56 58 62 60  0.217 0.92 0.92 
4 58 59 63 62  0.217 0.92 0.92 
4 59 57 61 63  0.217 0.92 0.92 
4 61 60 62 63  0.217 0.92 0.92 
4 64 65 66 67  0.217 0.92 0.92 
4 64 67 68 69  0.217 0.92 0.92 
4 67 66 70 68  0.217 0.92 0.92 
4 66 65 71 70  0.217 0.92 0.92 
4 65 64 69 71  0.217 0.92 0.92 
4 69 68 72 73  0.217 0.92 0.92 
4 68 70 74 72  0.217 0.92 0.92 
4 70 71 75 74  0.217 0.92 0.92 
4 71 69 73 75  0.217 0.92 0.92 
4 73 72 74 75  0.217 0.92 0.92 
