OFF
1684 1680 0

0 -30.3 -5.13475
2.02 -30.3 -5.13475
2.02 -30.5425 -3.33997
0 -30.3 -3.11475
0 -28.28 -3.11475
0 -28.28 -5.13475
2.02 -28.6 -5.43191
4.04 -30.3 -5.13475
4.04 -30.5425 -3.33997
4.04 -28.6 -5.43191
6.06 -30.3 -5.13475
6.06 -30.5425 -3.33997
6.06 -28.6 -5.43191
8.08 -30.3 -5.13475
8.08 -30.3 -3.11475
8.08 -28.28 -5.13475
8.08 -28.28 -3.11475
0 -28.28 -7.15475
2.02 -28.28 -7.15475
0 -26.26 -5.13475
0 -26.26 -7.15475
2.02 -26.6575 -7.52385
0 -26.26 -3.11475
4.04 -28.28 -7.15475
4.04 -26.6575 -7.52385
0 -24.24 -5.13475
0 -24.24 -7.15475
2.02 -24.2166 -7.1501
2.01999 -24.0336 -5.205
0 -24.24 -3.11475
2.02 -23.2599 -4.0251
4.04 -23.2599 -4.0251
4.03999 -24.0335 -5.20504
4.04 -24.2166 -7.1501
6.06 -28.28 -7.15475
6.06 -26.6575 -7.52385
8.08 -26.26 -5.13475
8.08 -26.26 -3.11475
8.08 -28.28 -7.15475
8.08 -26.26 -7.15475
6.06 -24.2166 -7.1501
6.05999 -24.0334 -5.20508
6.06 -23.2599 -4.0251
8.08 -24.24 -5.13475
8.08 -24.24 -3.11475
8.08 -24.24 -7.15475
2.02 -24.715 -9.61579
4.04 -24.715 -9.61579
2.02 -22.22 -7.15475
2.02 -22.22 -9.17475
4.04 -22.22 -7.15475
4.04 -22.22 -9.17475
0 -22.22 -11.1948
2.01992 -22.2488 -11.2782
0 -22.22 -9.17475
0 -20.2 -9.17475
0 -20.2 -11.1948
2.02 -20.2 -9.17475
2.01984 -20.1729 -11.4571
4.0401 -22.2442 -11.2778
4.04 -20.2 -9.17475
4.03984 -20.1728 -11.4583
0 -22.22 -3.11475
0 -22.22 -5.13475
2.02 -22.22 -5.13475
2.01999 -22.1413 -3.2748
6.05999 -22.1412 -3.27501
6.06 -22.22 -5.13475
8.08 -22.22 -5.13475
8.08 -22.22 -3.11475
6.06 -24.715 -9.61579
6.06 -22.22 -7.15475
6.06 -22.22 -9.17475
8.08 -24.24 -9.17475
8.08 -22.22 -7.15475
8.08 -22.22 -9.17475
6.06009 -22.2436 -11.2756
6.06 -20.2 -9.17475
6.05983 -20.1727 -11.4596
8.08 -22.22 -11.1948
8.08 -20.2 -9.17475
8.08 -20.2 -11.1948
0 -18.18 -11.1948
2.02 -18.18 -11.1948
2.02 -18.3356 -8.99727
0 -18.18 -9.17475
0 -16.16 -9.17475
0 -16.16 -11.1948
2.02 -16.16 -9.17475
2.02 -16.16 -11.1948
4.04 -18.18 -11.1948
4.04 -18.3356 -8.99727
4.04 -16.16 -9.17475
4.04 -16.16 -11.1948
0 -18.18 -7.15475
2.02 -18.18 -7.15475
2.02 -18.18 -5.13475
0 -18.18 -5.13475
0 -16.16 -5.13475
0 -16.16 -7.15475
2.02 -15.785 -5.13475
2.01989 -15.841 -7.2072
4.04 -18.18 -7.15475
4.04 -18.18 -5.13475
4.04 -15.785 -5.13475
4.03989 -15.8404 -7.20731
6.06 -18.18 -7.15475
6.06 -18.18 -5.13475
6.06 -15.785 -5.13475
6.05989 -15.8397 -7.20742
8.08 -18.18 -7.15475
8.08 -18.18 -5.13475
8.08 -16.16 -5.13475
8.08 -16.16 -7.15475
6.06 -18.18 -11.1948
6.06 -18.3356 -8.99727
6.06 -16.16 -9.17475
6.06 -16.16 -11.1948
8.08 -18.18 -11.1948
8.08 -18.18 -9.17475
8.08 -16.16 -9.17475
8.08 -16.16 -11.1948
0 16.16 -11.1948
2.02 16.16 -11.1948
2.02 16.16 -9.17475
0 16.16 -9.17475
0 18.18 -9.17475
0 18.18 -11.1948
2.02 18.3355 -8.9971
2.02 18.18 -11.1948
4.04 16.16 -11.1948
4.04 16.16 -9.17475
4.04 18.3355 -8.9971
4.04 18.18 -11.1948
0 16.16 -7.15475
2.01989 15.841 -7.2072
2.02 15.785 -5.13475
0 16.16 -5.13475
0 18.18 -5.13475
0 18.18 -7.15475
2.02 18.18 -5.13475
2.02 18.18 -7.15475
4.03989 15.8404 -7.20731
4.04 15.785 -5.13475
4.04 18.18 -5.13475
4.04 18.18 -7.15475
6.05989 15.8397 -7.20742
6.06 15.785 -5.13475
6.06 18.18 -5.13475
6.06 18.18 -7.15475
8.08 16.16 -7.15475
8.08 16.16 -5.13475
8.08 18.18 -5.13475
8.08 18.18 -7.15475
6.06 16.16 -11.1948
6.06 16.16 -9.17475
6.06 18.3355 -8.9971
6.06 18.18 -11.1948
8.08 16.16 -11.1948
8.08 16.16 -9.17475
8.08 18.18 -9.17475
8.08 18.18 -11.1948
0 20.2 -11.1948
2.01984 20.1729 -11.4571
2.02 20.2 -9.17475
0 20.2 -9.17475
0 22.22 -9.17475
0 22.22 -11.1948
2.02 22.22 -9.17475
2.01992 22.2488 -11.2782
4.03984 20.1728 -11.4583
4.04 20.2 -9.17475
4.04 22.22 -9.17475
4.0401 22.2442 -11.2778
2.02 24.715 -9.61579
2.02 24.24 -11.1948
4.04 24.715 -9.61579
4.04 24.24 -11.1948
6.06 22.22 -5.13475
8.08 22.22 -5.13475
8.08 22.22 -3.11475
6.05999 22.141 -3.27495
6.06 23.2599 -4.0251
6.05999 24.0333 -5.2049
8.08 24.24 -5.13475
8.08 24.24 -3.11475
6.05983 20.1727 -11.4596
6.06 20.2 -9.17475
6.06 22.22 -9.17475
6.06009 22.2436 -11.2756
8.08 20.2 -11.1948
8.08 20.2 -9.17475
8.08 22.22 -9.17475
8.08 22.22 -11.1948
6.06 24.715 -9.61579
6.06 24.24 -11.1948
0 24.24 -9.17475
2.02 24.2166 -7.15009
0 24.24 -7.15475
0 26.26 -7.15475
0 26.26 -9.17475
2.02 26.26 -9.17475
2.02 26.6575 -7.52385
4.04 24.2166 -7.15008
4.04 26.26 -9.17475
4.04 26.6575 -7.52385
2.01999 24.0335 -5.20482
0 24.24 -5.13475
0 26.26 -5.13475
2.02 23.2599 -4.0251
0 24.24 -3.11475
0 26.26 -3.11475
4.03999 24.0334 -5.20486
4.04 23.2599 -4.0251
0 28.28 -5.13475
0 28.28 -7.15475
2.02 28.28 -7.15475
2.02 28.6 -5.43191
0 28.28 -3.11475
4.04 28.28 -7.15475
4.04 28.6 -5.43191
6.06 24.2166 -7.15009
8.08 26.26 -5.13475
8.08 26.26 -3.11475
8.08 24.24 -7.15475
8.08 26.26 -7.15475
6.06 26.6575 -7.52385
6.06 28.28 -7.15475
6.06 28.6 -5.43191
8.08 28.28 -5.13475
8.08 28.28 -3.11475
8.08 28.28 -7.15475
6.06 26.26 -9.17475
8.08 24.24 -9.17475
8.08 26.26 -9.17475
0 30.3 -3.11475
0 30.3 -5.13475
2.02 30.3 -5.13475
2.02 30.5425 -3.33997
4.04 30.3 -5.13475
4.04 30.5425 -3.33997
6.06 30.3 -5.13475
6.06 30.5425 -3.33997
8.08 30.3 -5.13475
8.08 30.3 -3.11475
0 -28.28 4.96525
2.02024 -28.3867 5.06349
2.02 -28.28 6.98525
0 -28.28 6.98525
0 -26.26 6.98525
0 -26.26 4.96525
2.02001 -26.6087 7.2319
4.04023 -28.3843 5.06126
4.04 -28.28 6.98525
4.03929 -26.6092 7.23661
0 -24.24 6.98525
0 -24.24 4.96525
2.02 -26.26 9.00525
0 -26.26 9.00525
0 -24.24 9.00525
2.01789 -25.1062 9.53805
4.04 -26.26 9.00525
4.03788 -25.1098 9.54025
6.06022 -28.3818 5.05904
6.06 -28.28 6.98525
6.05929 -26.6119 7.23856
8.08 -28.28 4.96525
8.08 -28.28 6.98525
8.08 -26.26 6.98525
8.08 -26.26 4.96525
6.06 -26.26 9.00525
6.05787 -25.1134 9.54245
8.08 -26.26 9.00525
8.08 -24.24 9.00525
8.08 -24.24 6.98525
8.08 -24.24 4.96525
0 -32.32 -3.11475
2.02 -32.32 -3.11475
2.02 -32.32 -1.09475
0 -32.32 -1.09475
0 -30.3 -1.09475
1.14954 -30.0745 -0.253742
4.04 -32.32 -1.09475
4.04001 -32.3335 0.929203
2.01999 -32.3321 0.929991
1.23086 -30.0516 0.175721
4.04 -32.32 -3.11475
0 -28.28 -1.09475
0 -30.3 0.92525
0 -28.28 0.92525
0 -32.32 0.92525
2.02 -32.32 2.94525
0 -32.32 2.94525
0 -30.3 2.94525
2.01961 -30.4225 3.0913
4.04 -32.32 2.94525
4.0396 -30.4252 3.09449
0 -28.28 2.94525
2.02 -30.3 4.96525
0 -30.3 4.96525
4.04 -30.3 4.96525
6.06001 -32.3321 0.928797
6.06 -32.32 2.94525
6.06 -30.4274 3.09469
8.08 -32.32 0.92525
8.08 -32.32 2.94525
8.08 -30.3 2.94525
8.08 -30.3 0.92525
6.06 -30.3 4.96525
8.08 -30.3 4.96525
8.08 -28.28 2.94525
8.08 -28.28 0.92525
6.06 -32.32 -3.11475
6.06 -32.32 -1.09475
8.08 -32.32 -1.09475
8.08 -30.3 -1.09475
8.08 -32.32 -3.11475
8.08 -28.28 -1.09475
0 -26.26 -1.09475
0 -26.26 0.92525
0 -24.24 -1.09475
0 -24.24 0.92525
0 -26.26 2.94525
0 -24.24 2.94525
8.08 -26.26 2.94525
8.08 -26.26 0.92525
8.08 -24.24 2.94525
8.08 -24.24 0.92525
8.08 -26.26 -1.09475
8.08 -24.24 -1.09475
0 -22.22 6.98525
0 -22.22 4.96525
0 -22.22 9.00525
0 -20.2 6.98525
0 -20.2 4.96525
0 -20.2 9.00525
2.01983 -24.3025 11.0565
0 -24.24 11.0252
0 -22.22 11.0252
2.02 -24.24 13.0452
0 -24.24 13.0452
0 -22.22 13.0452
2.02136 -23.2968 13.4484
4.03982 -24.3069 11.0587
4.04 -24.24 13.0452
4.04136 -23.2945 13.4476
0 -20.2 11.0252
0 -20.2 13.0452
6.05981 -24.3113 11.0609
6.06 -24.24 13.0452
6.06136 -23.2923 13.4467
8.08 -24.24 11.0252
8.08 -24.24 13.0452
8.08 -22.22 11.0252
8.08 -22.22 13.0452
8.08 -22.22 9.00525
8.08 -20.2 11.0252
8.08 -20.2 13.0452
8.08 -20.2 9.00525
8.08 -22.22 6.98525
8.08 -22.22 4.96525
8.08 -20.2 6.98525
8.08 -20.2 4.96525
0 -18.18 6.98525
0 -18.18 4.96525
0 -18.18 9.00525
0 -16.16 6.98525
0 -16.16 4.96525
2.02 -15.6347 6.85687
2.02 -15.785 4.96525
0 -16.16 9.00525
2.02 -15.1377 8.73131
4.04 -15.1377 8.73131
4.04 -15.6347 6.85687
4.04 -15.785 4.96525
0 -18.18 11.0252
0 -18.18 13.0452
0 -16.16 11.0252
0 -16.16 13.0452
8.08 -18.18 11.0252
8.08 -18.18 13.0452
8.08 -18.18 9.00525
8.08 -16.16 11.0252
8.08 -16.16 13.0452
8.08 -16.16 9.00525
8.08 -18.18 6.98525
8.08 -18.18 4.96525
6.06 -15.6347 6.85687
6.06 -15.785 4.96525
6.06 -15.1377 8.73131
8.08 -16.16 6.98525
8.08 -16.16 4.96525
0 -22.22 -1.09475
0 -22.22 0.92525
4.03999 -22.1412 -3.2749
0 -20.2 -1.09475
0 -20.2 -3.11475
2.02 -20.2 -3.11475
0 -20.2 0.92525
4.04 -20.2 -3.11475
0 -22.22 2.94525
0 -20.2 2.94525
8.08 -22.22 2.94525
8.08 -22.22 0.92525
8.08 -20.2 2.94525
8.08 -20.2 0.92525
8.08 -22.22 -1.09475
6.06 -20.2 -3.11475
8.08 -20.2 -1.09475
8.08 -20.2 -3.11475
0 -18.18 -1.09475
0 -18.18 -3.11475
2.01996 -18.6544 -3.72336
0 -18.18 0.92525
4.03996 -18.6544 -3.72344
0 -16.16 -1.09475
0 -16.16 -3.11475
2.02 -15.785 -3.11475
2.02 -15.785 -1.09475
0 -16.16 0.92525
2.02 -15.785 0.92525
4.04 -15.785 0.92525
4.04 -15.785 -1.09475
4.04 -15.785 -3.11475
0 -18.18 2.94525
0 -16.16 2.94525
2.02 -15.785 2.94525
4.04 -15.785 2.94525
8.08 -18.18 2.94525
8.08 -18.18 0.92525
6.06 -15.785 2.94525
6.06 -15.785 0.92525
8.08 -16.16 2.94525
8.08 -16.16 0.92525
6.05996 -18.6545 -3.72352
8.08 -18.18 -1.09475
8.08 -18.18 -3.11475
6.06 -15.785 -3.11475
6.06 -15.785 -1.09475
8.08 -16.16 -1.09475
8.08 -16.16 -3.11475
0 -14.14 9.00525
0 -14.14 6.98525
2.02 -14.14 6.98525
2.02 -14.14 9.00525
0 -14.14 11.0252
2.02 -14.14 11.0252
0 -14.14 13.0452
2.02 -13.9923 13.0057
4.04 -13.9923 13.0057
4.04 -14.14 11.0252
4.04 -14.14 9.00525
6.06 -14.14 9.00525
6.06 -14.14 11.0252
6.06 -13.9923 13.0057
8.08 -14.14 11.0252
8.08 -14.14 13.0452
8.08 -14.14 9.00525
0 14.14 9.00525
2.02 14.14 9.00525
2.02 14.14 11.0252
0 14.14 11.0252
0 16.16 11.0252
0 16.16 9.00525
2.02 15.1377 8.73131
2.02 13.9923 13.0057
0 14.14 13.0452
0 16.16 13.0452
4.04 14.14 11.0252
4.04 13.9923 13.0057
4.04 14.14 9.00525
4.04 15.1377 8.73131
6.06 14.14 9.00525
6.06 14.14 11.0252
6.06 15.1377 8.73131
6.06 13.9923 13.0057
8.08 14.14 11.0252
8.08 14.14 13.0452
8.08 16.16 11.0252
8.08 16.16 13.0452
8.08 14.14 9.00525
8.08 16.16 9.00525
6.06 14.14 6.98525
8.08 14.14 6.98525
6.06 15.6347 6.85687
8.08 16.16 6.98525
0 16.16 4.96525
2.02 15.785 4.96525
2.02 15.6347 6.85687
0 16.16 6.98525
0 18.18 6.98525
0 18.18 4.96525
0 18.18 9.00525
4.04 15.6347 6.85687
4.04 15.785 4.96525
0 20.2 6.98525
0 20.2 4.96525
0 20.2 9.00525
0 18.18 11.0252
0 18.18 13.0452
0 20.2 11.0252
0 20.2 13.0452
8.08 18.18 11.0252
8.08 18.18 13.0452
8.08 18.18 9.00525
8.08 20.2 11.0252
8.08 20.2 13.0452
8.08 20.2 9.00525
6.06 15.785 4.96525
8.08 18.18 6.98525
8.08 16.16 4.96525
8.08 18.18 4.96525
8.08 20.2 6.98525
8.08 20.2 4.96525
0 22.22 6.98525
0 22.22 4.96525
0 22.22 9.00525
0 24.24 6.98525
0 24.24 4.96525
0 24.24 9.00525
0 22.22 11.0252
0 22.22 13.0452
0 24.24 11.0252
2.01983 24.3025 11.0565
2.01832 25.1096 9.53021
0 24.24 13.0452
2.02 24.24 13.0452
2.02136 23.2968 13.4484
4.04136 23.2945 13.4476
4.04 24.24 13.0452
4.03982 24.3069 11.0587
4.03831 25.1125 9.53194
8.08 22.22 11.0252
8.08 22.22 13.0452
8.08 22.22 9.00525
6.05981 24.3113 11.0609
6.05831 25.1154 9.53367
6.06136 23.2923 13.4467
6.06 24.24 13.0452
8.08 24.24 13.0452
8.08 24.24 11.0252
8.08 24.24 9.00525
8.08 22.22 6.98525
8.08 22.22 4.96525
8.08 24.24 6.98525
8.08 24.24 4.96525
0 16.16 -3.11475
2.02 15.785 -3.11475
2.02 15.785 -1.09475
0 16.16 -1.09475
0 18.18 -1.09475
0 18.18 -3.11475
2.01996 18.6544 -3.72336
2.02 15.785 0.92525
0 16.16 0.92525
0 18.18 0.92525
4.04 15.785 -1.09475
4.04 15.785 0.92525
4.04 15.785 -3.11475
4.03996 18.6544 -3.72344
0 20.2 -1.09475
0 20.2 -3.11475
2.02 20.2 -3.11475
0 20.2 0.92525
4.04 20.2 -3.11475
2.02 15.785 2.94525
0 16.16 2.94525
0 18.18 2.94525
4.04 15.785 2.94525
0 20.2 2.94525
6.06 15.785 0.92525
6.06 15.785 2.94525
8.08 16.16 2.94525
8.08 18.18 2.94525
8.08 16.16 0.92525
8.08 18.18 0.92525
8.08 20.2 2.94525
8.08 20.2 0.92525
6.06 15.785 -3.11475
6.06 15.785 -1.09475
6.05996 18.6545 -3.72352
8.08 16.16 -1.09475
8.08 18.18 -1.09475
8.08 16.16 -3.11475
8.08 18.18 -3.11475
6.06 20.2 -3.11475
8.08 20.2 -1.09475
8.08 20.2 -3.11475
0 22.22 -1.09475
0 22.22 -3.11475
2.01999 22.1411 -3.27474
0 22.22 0.92525
4.03999 22.141 -3.27484
0 24.24 -1.09475
0 24.24 0.92525
0 22.22 2.94525
0 24.24 2.94525
8.08 22.22 2.94525
8.08 22.22 0.92525
8.08 24.24 2.94525
8.08 24.24 0.92525
8.08 22.22 -1.09475
8.08 24.24 -1.09475
0 26.26 6.98525
0 26.26 4.96525
0 26.26 9.00525
2.02 26.26 9.00525
2.01911 26.6121 7.23433
4.04 26.26 9.00525
4.0391 26.6155 7.23673
0 28.28 6.98525
0 28.28 4.96525
2.02 28.28 6.98525
2.02024 28.3867 5.06349
4.04 28.28 6.98525
4.04023 28.3843 5.06126
6.06 26.26 9.00525
6.06001 26.6145 7.24044
8.08 26.26 9.00525
8.08 26.26 6.98525
8.08 26.26 4.96525
6.06 28.28 6.98525
6.06022 28.3818 5.05904
8.08 28.28 6.98525
8.08 28.28 4.96525
0 26.26 -1.09475
0 26.26 0.92525
0 28.28 -1.09475
0 28.28 0.92525
0 26.26 2.94525
0 28.28 2.94525
2.02184 29.3521 4.06876
4.03622 29.3779 4.04151
8.08 26.26 2.94525
8.08 26.26 0.92525
6.05621 29.3814 4.04498
8.08 28.28 2.94525
8.08 28.28 0.92525
8.08 26.26 -1.09475
8.08 28.28 -1.09475
0 30.3 -1.09475
0 30.3 0.92525
1.23086 30.0516 0.175721
1.14954 30.0745 -0.253742
0 32.32 -1.09475
0 32.32 -3.11475
2.02 32.32 -1.09475
2.02 32.32 -3.11475
2.01999 32.3321 0.929991
4.04001 32.3335 0.929203
4.04 32.32 -1.09475
4.04 32.32 -3.11475
0 30.3 2.94525
0 30.3 4.96525
2.02 30.3 4.96525
2.01969 30.421 3.0872
4.03969 30.4232 3.08973
0 32.32 2.94525
0 32.32 0.92525
2.02 32.32 2.94525
4.04 32.32 2.94525
6.05968 30.4254 3.09226
8.08 30.3 2.94525
8.08 30.3 0.92525
6.06 32.32 2.94525
6.06001 32.3321 0.928797
8.08 32.32 2.94525
8.08 32.32 0.92525
8.08 30.3 -1.09475
6.06 32.32 -3.11475
6.06 32.32 -1.09475
8.08 32.32 -1.09475
8.08 32.32 -3.11475
-8.08 -18.18 23.1453
-6.0601 -18.2842 23.0609
-6.06009 -19.2518 24.8783
-8.08 -18.18 25.1653
-8.08 -16.16 25.1653
-8.08 -16.16 23.1453
-6.06138 -16.9785 21.8833
-4.0401 -18.2854 23.06
-4.04009 -19.2519 24.8782
-4.04138 -16.9795 21.8817
-8.08 -20.2 25.1653
-6.06 -20.2 25.1653
-6.06 -20.2 27.1852
-8.08 -20.2 27.1852
-8.08 -18.18 27.1852
-6.0611 -19.4227 27.3824
-6.06 -20.2 29.2052
-8.08 -20.2 29.2052
-8.08 -18.18 29.2052
-6.06023 -18.6112 29.4854
-8.08 -16.16 27.1852
-8.08 -16.16 29.2052
-4.0411 -19.4245 27.3827
-4.04023 -18.612 29.4859
-2.02009 -19.2521 24.8782
-2.01859 -19.4147 27.4401
-2.02023 -18.6127 29.4864
0 -19.4125 27.4396
-0.000232277 -18.6135 29.4869
0 -19.2538 24.8863
-2.01986 -18.2834 23.056
-2.02138 -16.9805 21.8802
0 -18.2818 23.0573
0 -16.9036 21.8343
0 -20.2 21.1253
2.02 -21.0716 21.3588
2.02 -20.5666 23.2435
0 -20.2 23.1453
0 -18.18 21.1253
2.02 -20.2 25.1653
0 -20.2 25.1653
4.04 -20.5666 23.2435
4.04 -20.2 25.1653
4.04 -21.0716 21.3588
0 -16.16 21.1253
2.02 -20.2 27.1852
0 -20.2 27.1852
2.02 -19.4213 27.5179
4.04 -20.2 27.1852
4.04 -19.4213 27.5179
2.01977 -18.6142 29.4874
4.03977 -18.615 29.4879
6.06 -20.2 25.1653
6.06 -20.2 27.1852
6.06 -19.4213 27.5179
8.08 -20.2 27.1852
8.08 -20.2 29.2052
6.06 -20.2 29.2052
6.06026 -18.6269 29.468
8.08 -18.18 29.2052
8.08 -18.18 27.1852
8.08 -20.2 25.1653
8.08 -18.18 25.1653
8.08 -16.16 27.1852
8.08 -16.16 29.2052
8.08 -16.16 25.1653
6.06 -21.0716 21.3588
6.06 -20.5666 23.2435
8.08 -20.2 23.1453
8.08 -18.18 23.1453
8.08 -20.2 21.1253
8.08 -18.18 21.1253
8.08 -16.16 23.1453
8.08 -16.16 21.1253
2.02 -22.7267 15.2187
0 -22.22 15.0653
0 -20.2 15.0653
2.02 -22.22 17.0852
0 -22.22 17.0852
0 -20.2 17.0852
4.04 -22.7267 15.2187
4.04 -22.22 17.0852
2.02 -22.22 19.1053
0 -22.22 19.1053
0 -20.2 19.1053
2.02 -22.22 21.1253
0 -22.22 21.1253
2.02 -21.5766 19.4741
4.04 -22.22 19.1053
4.04 -21.5766 19.4741
6.06 -22.22 17.0852
6.06 -22.22 19.1053
6.06 -21.5766 19.4741
8.08 -22.22 19.1053
8.08 -22.22 21.1253
6.06 -22.22 21.1253
8.08 -20.2 19.1053
8.08 -22.22 17.0852
8.08 -20.2 17.0852
8.08 -24.24 15.0653
6.06 -24.24 15.0653
6.06 -22.7267 15.2187
8.08 -22.22 15.0653
8.08 -20.2 15.0653
0 -18.18 15.0653
0 -18.18 17.0852
0 -16.16 15.0653
0 -16.16 17.0852
0 -18.18 19.1053
0 -16.16 19.1053
8.08 -18.18 19.1053
8.08 -18.18 17.0852
8.08 -16.16 19.1053
8.08 -16.16 17.0852
8.08 -18.18 15.0653
8.08 -16.16 15.0653
-8.08 -16.16 21.1253
-6.06 -16.16 21.1253
-8.08 -14.14 23.1453
-8.08 -14.14 21.1253
-6.06 -14.1468 21.0086
-8.08 -14.14 25.1653
-4.04 -16.16 21.1253
-4.04 -14.1468 21.0086
-8.08 -12.12 23.1453
-8.08 -12.12 21.1253
-6.06 -12.12 21
-8.08 -12.12 25.1653
-4.04 -12.12 21
-8.08 -14.14 27.1852
-8.08 -14.14 29.2052
-8.08 -12.12 27.1852
-8.08 -12.12 29.2052
-2.02 -16.16 21.1253
-2.02 -14.1468 21.0086
0 -14.1468 21.0086
-2.02 -12.12 21
0 -12.12 21
-8.08 -10.1 23.1453
-8.08 -10.1 21.1253
-6.06 -10.1 21
-8.08 -10.1 25.1653
-4.04 -10.1 21
-8.08 -8.08 23.1453
-8.08 -8.08 21.1253
-6.06 -8.08 21
-8.08 -8.08 25.1653
-4.04 -8.08 21
-8.08 -10.1 27.1852
-8.08 -10.1 29.2052
-8.08 -8.08 27.1852
-8.08 -8.08 29.2052
8.08 -14.14 27.1852
8.08 -14.14 29.2052
8.08 -14.14 25.1653
8.08 -12.12 27.1852
8.08 -12.12 29.2052
8.08 -12.12 25.1653
8.08 -14.14 23.1453
8.08 -14.14 21.1253
8.08 -12.12 23.1453
8.08 -12.12 21.1253
4.04 -11.2501 20.5725
2.02 -11.2501 20.5725
2.02 -10.1 21.1253
4.04 -10.1 21.1253
2.02 -9.75468 22.9258
4.04 -9.75468 22.9258
2.02 -8.08 21.1253
2.02 -8.08 23.1453
0 -10.1 21
0 -8.08 21
4.04 -8.08 23.1453
2.02 -8.08 25.1653
4.04 -8.08 25.1653
2.01779 -8.60001 27.499
2.01963 -9.46618 29.6036
4.03994 -9.46725 29.6064
4.03778 -8.59715 27.4996
2.02 -8.08 27.1852
2.02 -8.08 29.2052
4.04 -8.08 27.1852
4.04121 -8.78441 24.7635
6.06198 -8.5761 27.3912
6.0612 -8.78611 24.764
6.05994 -9.4671 29.6065
8.08 -10.1 27.1852
8.08 -10.1 29.2052
8.08 -10.1 25.1653
6.06 -8.08 29.2052
6.06 -8.08 27.1852
8.08 -8.08 29.2052
8.08 -8.08 27.1852
6.06 -11.2501 20.5725
6.06 -10.1 21.1253
6.06 -9.75468 22.9258
8.08 -10.1 23.1453
8.08 -10.1 21.1253
6.06 -8.08 25.1653
6.06 -8.08 23.1453
8.08 -8.08 25.1653
8.08 -8.08 23.1453
0 -14.14 15.0653
2.02 -13.4873 14.8904
0 -14.14 17.0852
2.02 -12.9823 16.775
4.04 -12.9823 16.775
4.04 -13.4873 14.8904
0 -12.12 17.0852
0 -12.12 15.0653
2.02 -12.12 15.0653
2.02 -12.12 17.0852
0 -14.14 19.1053
0 -12.12 19.1053
2.02 -12.12 19.1053
4.04 -12.12 19.1053
4.04 -12.12 17.0852
8.08 -14.14 19.1053
8.08 -14.14 17.0852
6.06 -12.9823 16.775
6.06 -12.12 17.0852
6.06 -12.12 19.1053
8.08 -12.12 19.1053
8.08 -12.12 17.0852
6.06 -13.4873 14.8904
8.08 -14.14 15.0653
0 -10.1 19.1053
2.02 -10.1 19.1053
-8.08 -6.06 23.1453
-8.08 -6.06 21.1253
-6.06 -6.06 21
-8.08 -6.06 25.1653
-4.04 -6.06 21
-8.08 -4.04 23.1453
-8.08 -4.04 21.1253
-6.06 -4.04 21
-8.08 -4.04 25.1653
-4.04 -4.04 21
-8.08 -6.06 27.1852
-8.08 -6.06 29.2052
-8.08 -4.04 27.1852
-8.08 -4.04 29.2052
-8.08 -2.02 23.1453
-8.08 -2.02 21.1253
-6.06 -2.02 21
-8.08 -2.02 25.1653
-4.04 -2.02 21
-8.08 0 23.1453
-8.08 0 21.1253
-6.06 0 21
-8.08 0 25.1653
-4.04 0 21
-8.08 -2.02 27.1852
-8.08 -2.02 29.2052
-8.08 0 27.1852
-8.08 0 29.2052
2.02 -6.06 21.1253
2.02 -6.06 23.1453
0 -6.06 21
2.02 -6.06 25.1653
2.02 -4.04 21.1253
2.02 -4.04 23.1453
0 -4.04 21
2.02 -4.04 25.1653
2.02 -6.06 27.1852
2.02 -6.06 29.2052
2.02 -4.04 27.1852
2.02 -4.04 29.2052
2.02 -2.02 21.1253
2.02 -2.02 23.1453
0 -2.02 21
2.02 -2.02 25.1653
2.02 0 21.1253
2.02 0 23.1453
0 0 21
2.02 0 25.1653
2.02 -2.02 27.1852
2.02 -2.02 29.2052
2.02 0 27.1852
2.02 0 29.2052
-8.08 2.02 23.1453
-8.08 2.02 21.1253
-6.06 2.02 21
-8.08 2.02 25.1653
-4.04 2.02 21
-8.08 4.04 23.1453
-8.08 4.04 21.1253
-6.06 4.04 21
-8.08 4.04 25.1653
-4.04 4.04 21
-8.08 2.02 27.1852
-8.08 2.02 29.2052
-8.08 4.04 27.1852
-8.08 4.04 29.2052
-8.08 6.06 23.1453
-8.08 6.06 21.1253
-6.06 6.06 21
-8.08 6.06 25.1653
-4.04 6.06 21
-8.08 8.08 23.1453
-8.08 8.08 21.1253
-6.06 8.08 21
-8.08 8.08 25.1653
-4.04 8.08 21
-8.08 6.06 27.1852
-8.08 6.06 29.2052
-8.08 8.08 27.1852
-8.08 8.08 29.2052
2.02 2.02 21.1253
2.02 2.02 23.1453
0 2.02 21
2.02 2.02 25.1653
2.02 4.04 21.1253
2.02 4.04 23.1453
0 4.04 21
2.02 4.04 25.1653
2.02 2.02 27.1852
2.02 2.02 29.2052
2.02 4.04 27.1852
2.02 4.04 29.2052
2.02 6.06 21.1253
2.02 6.06 23.1453
0 6.06 21
2.02 6.06 25.1653
2.02 8.08 21.1253
2.02 8.08 23.1453
0 8.08 21
2.02 8.08 25.1653
2.02 6.06 27.1852
2.02 6.06 29.2052
2.02 8.08 27.1852
2.02 8.08 29.2052
-8.08 10.1 23.1453
-8.08 10.1 21.1253
-6.06 10.1 21
-8.08 10.1 25.1653
-4.04 10.1 21
-8.08 12.12 23.1453
-8.08 12.12 21.1253
-6.06 12.12 21
-8.08 12.12 25.1653
-4.04 12.12 21
-8.08 10.1 27.1852
-8.08 10.1 29.2052
-8.08 12.12 27.1852
-8.08 12.12 29.2052
-8.08 14.14 23.1453
-8.08 14.14 21.1253
-6.06 14.1462 21.0078
-8.08 14.14 25.1653
-4.04 14.1462 21.0078
-8.08 16.16 23.1453
-8.08 16.16 21.1253
-6.06 16.16 21.1253
-8.08 16.16 25.1653
-4.04 16.16 21.1253
-8.08 14.14 27.1852
-8.08 14.14 29.2052
-8.08 16.16 27.1852
-8.08 16.16 29.2052
-2.02 12.12 21
-2.01996 14.1469 21.0078
0 12.12 21
0 14.1468 21.0086
-2.02 16.16 21.1253
0 16.16 21.1253
2.02 10.1 21.1253
2.02 9.75468 22.9258
0 10.1 21
2.01865 8.82711 24.6447
2.02 11.2501 20.5725
4.04 9.75468 22.9258
4.04121 8.78441 24.7635
4.04 10.1 21.1253
4.04 11.2501 20.5725
2.01779 8.60001 27.499
4.04 8.08 27.1852
4.04 8.08 29.2052
4.03993 9.46603 29.6037
2.01993 9.46619 29.6036
4.03778 8.59715 27.4996
6.06 8.08 27.1852
6.06 8.08 29.2052
6.05993 9.46586 29.6038
6.06198 8.5761 27.3912
8.08 8.08 27.1852
8.08 8.08 29.2052
8.08 10.1 29.2052
8.08 10.1 27.1852
6.0612 8.78611 24.764
8.08 12.12 27.1852
8.08 12.12 29.2052
8.08 10.1 25.1653
8.08 12.12 25.1653
6.06 8.08 23.1453
8.08 8.08 23.1453
8.08 8.08 25.1653
6.06 8.08 25.1653
6.06 9.75468 22.9258
8.08 10.1 23.1453
6.06 10.1 21.1253
6.06 11.2501 20.5725
8.08 12.12 23.1453
8.08 10.1 21.1253
8.08 12.12 21.1253
8.08 14.14 27.1852
8.08 14.14 29.2052
8.08 14.14 25.1653
8.08 16.16 27.1852
8.08 16.16 29.2052
8.08 16.16 25.1653
8.08 14.14 23.1453
8.08 14.14 21.1253
8.08 16.16 23.1453
8.08 16.16 21.1253
2.02 13.4873 14.8904
0 14.14 15.0653
0 16.16 15.0653
2.02 12.9823 16.775
0 14.14 17.0852
0 16.16 17.0852
4.04 13.4873 14.8904
4.04 12.9823 16.775
0 12.12 17.0852
2.02 12.12 17.0852
2.02 12.12 19.1053
0 12.12 19.1053
0 14.14 19.1053
4.04 12.12 19.1053
4.04 12.12 17.0852
0 16.16 19.1053
6.06 12.12 17.0852
6.06 12.12 19.1053
6.06 12.9823 16.775
8.08 12.12 19.1053
8.08 14.14 19.1053
8.08 12.12 17.0852
8.08 14.14 17.0852
8.08 16.16 19.1053
8.08 16.16 17.0852
6.06 12.12 15.0653
8.08 12.12 15.0653
6.06 13.4873 14.8904
8.08 14.14 15.0653
8.08 16.16 15.0653
-8.08 18.18 23.1453
-8.08 18.18 21.1253
-6.06 18.18 21.1253
-6.0601 18.2842 23.0609
-8.08 18.18 25.1653
-6.06009 19.2518 24.8783
-4.04009 19.2519 24.8782
-4.0401 18.2854 23.06
-4.04 18.18 21.1253
-8.08 20.2 25.1653
-8.08 20.2 23.1453
-6.06 20.2 23.1453
-6.06 20.2 25.1653
-8.08 18.18 27.1852
-8.08 18.18 29.2052
-6.0611 19.4227 27.3824
-6.06023 18.6112 29.4854
-4.04023 18.612 29.4859
-4.0411 19.4245 27.3827
-8.08 20.2 27.1852
-6.06 20.2 27.1852
-8.08 20.2 29.2052
-6.06 20.2 29.2052
-2.01859 19.4147 27.4401
-2.02009 19.2521 24.8782
-2.02023 18.6127 29.4864
-0.000232277 18.6135 29.4869
0 19.4125 27.4396
0 19.2538 24.8863
-2.02 18.18 21.1253
-2.01986 18.2834 23.056
0 18.2818 23.0573
0 18.18 21.1253
0 20.2 23.1453
0 20.2 21.1253
2.02 20.5666 23.2435
2.02 21.0716 21.3588
0 20.2 25.1653
2.02 20.2 25.1653
4.04 20.2 25.1653
4.04 20.5666 23.2435
4.04 21.0716 21.3588
2.01977 18.6142 29.4874
2.02 19.4213 27.5179
4.03977 18.615 29.4879
4.04 19.4213 27.5179
0 20.2 27.1852
2.02 20.2 27.1852
4.04 20.2 27.1852
6.06026 18.6269 29.468
6.06 19.4213 27.5179
8.08 18.18 27.1852
8.08 18.18 29.2052
8.08 18.18 25.1653
6.06 20.2 27.1852
6.06 20.2 25.1653
8.08 20.2 27.1852
8.08 20.2 25.1653
8.08 18.18 23.1453
8.08 18.18 21.1253
6.06 20.5666 23.2435
6.06 21.0716 21.3588
8.08 20.2 23.1453
8.08 20.2 21.1253
0 18.18 15.0653
0 18.18 17.0852
0 20.2 15.0653
0 20.2 17.0852
0 18.18 19.1053
0 20.2 19.1053
2.02 21.5766 19.4741
4.04 21.5766 19.4741
8.08 18.18 19.1053
8.08 18.18 17.0852
6.06 21.5766 19.4741
8.08 20.2 19.1053
8.08 20.2 17.0852
8.08 18.18 15.0653
8.08 20.2 15.0653
0 22.22 15.0653
0 22.22 17.0852
2.02 22.22 17.0852
2.02 22.7277 15.2236
4.04 22.22 17.0852
4.04 22.7277 15.2236
0 24.24 15.0653
2.02 24.24 15.0653
0 22.22 19.1053
2.02 22.22 19.1053
0 22.22 21.1253
2.02 22.22 21.1253
4.04 22.22 19.1053
6.06 22.22 19.1053
6.06 22.22 17.0852
8.08 22.22 19.1053
8.08 22.22 17.0852
6.06 22.7277 15.2236
8.08 22.22 15.0653
-6.06 -18.18 31.2252
-8.08 -18.18 31.2252
-8.08 -16.16 31.2252
-6.06011 -16.2974 31.4946
-4.04 -18.18 31.2252
-4.04011 -16.2978 31.4952
-2.02 -18.18 31.2252
-2.01988 -16.2763 31.5057
0 -18.18 31.2252
0.000118838 -16.276 31.5049
2.02 -18.18 31.2252
2.02012 -16.2757 31.5042
4.04 -18.18 31.2252
4.04012 -16.2754 31.5035
6.06 -18.18 31.2252
6.06012 -16.2751 31.5028
8.08 -18.18 31.2252
8.08 -16.16 31.2252
-8.08 -14.14 31.2252
-6.06 -14.1806 31.9904
-4.04 -14.1806 31.9904
-8.08 -12.12 31.2252
-6.06 -12.12 32
-4.04 -12.12 32
-2.02 -14.1806 31.9904
-0.000416054 -14.1735 31.9913
-2.02 -12.12 32
0 -12.12 32
-8.08 -10.1 31.2252
-6.06 -10.1 32
-4.04 -10.1 32
-8.08 -8.08 31.2252
-6.06 -8.08 32
-4.04 -8.08 32
-2.02 -10.1 32
0 -10.1 32
-2.02 -8.08 32
0 -8.08 32
2.01958 -14.1735 31.9924
4.03958 -14.1736 31.9935
2.01933 -11.9556 31.5986
4.03932 -11.9542 31.6017
6.06022 -14.1946 31.9925
8.08 -14.14 31.2252
6.06052 -11.9758 31.6088
8.08 -12.12 31.2252
2.02 -10.1 31.2252
4.04 -10.1 31.2252
2.02 -8.08 31.2252
6.06 -10.1 31.2252
8.08 -10.1 31.2252
-8.08 -6.06 31.2252
-6.06 -8.08 33.2452
-8.08 -8.08 33.2452
-8.08 -6.06 33.2452
-6.06048 -6.88913 32.338
-6.0599 -6.29058 33.2927
-4.04057 -6.88241 32.344
-8.08 -4.04 31.2252
-8.08 -4.04 33.2452
-6.05999 -3.57644 33.9917
-4.0399 -6.28973 33.2925
-4.03999 -3.57644 33.9917
-6.06 -8.08 35.2653
-8.08 -8.08 35.2653
-8.08 -6.06 35.2653
-6.06 -5.52687 35.7047
-4.04 -8.08 33.2452
-4.04 -8.08 35.2653
-4.04 -5.52702 35.7049
-2.02 -8.08 33.2452
-2.02 -8.08 35.2653
-2.02 -5.52717 35.7051
-2.0199 -6.28889 33.2924
0 -8.08 33.2452
0 -8.08 35.2653
-2.19848e-06 -5.52733 35.7053
-5.10533e-05 -6.28741 33.2999
-2.02057 -6.8829 32.3446
-0.000568003 -6.88339 32.3453
-2.01999 -3.57645 33.9917
-5.21133e-06 -3.57632 33.9916
-8.08 -2.02 31.2252
-8.08 -2.02 33.2452
-6.06 -2.00636 33.298
-4.04 -2.00635 33.298
-8.08 0 31.2252
-8.08 0 33.2452
-6.06 0 33.2452
-4.04 0 33.2452
-2.02 -2.00635 33.298
-2.95545e-07 -2.00635 33.298
-2.02 0 33.2452
0 0 33.2452
-8.08 -8.08 37.2852
-6.06 -8.08 37.2852
-6.06 -8.45874 39.2834
-8.08 -8.08 39.3053
-8.08 -6.06 39.3053
-8.08 -6.06 37.2852
-6.06 -6.06 37.2852
-6.06 -6.06 39.3053
-6.06 -8.5 41.3252
-8.08 -8.08 41.3252
-8.08 -6.06 41.3252
-6.06 -6.06 41.3252
-4.04054 -8.46093 39.2889
-4.04 -8.5 41.3252
-4.04 -6.06 41.3252
-4.04 -6.06 39.3053
-4.04 -8.08 37.2852
-4.04 -6.06 37.2852
-6.06 -6.06 43.3453
-4.04 -6.06 43.3453
-3.80342 -6.05921 46.1227
-6.06 -5.22132 44.6514
-6.06 -4.04 45.3653
-6.06 -4.04 43.3453
-4.04 -4.04 43.3453
-4.04 -4.04 45.3653
-2.02 -6.06 43.3453
-2.25127 -6.05924 46.1057
-2.02 -4.04 45.3653
-2.02 -4.04 43.3453
0 -6.06 43.3453
-3.75114e-06 -5.22139 44.6513
0 -4.04 43.3453
0 -4.04 45.3653
-2.02 -8.08 37.2852
-2.02055 -8.46379 39.2888
-2.02 -6.06 37.2852
-2.02 -6.06 39.3053
-2.02 -8.5 41.3252
-2.02 -6.06 41.3252
-0.000549708 -8.46666 39.2887
0 -8.5 41.3252
0 -6.06 41.3252
0 -6.06 39.3053
0 -8.08 37.2852
0 -6.06 37.2852
2.02 -8.08 37.2852
2.02 -8.08 39.3053
2.02 -6.06 37.2852
2.02 -6.06 39.3053
2.02 -8.08 41.3252
2.02 -6.06 41.3252
2.02 -6.06 31.2252
2.02 -4.04 31.2252
2.02 -6.06 33.2452
2.02 -4.04 33.2452
2.02 -2.02 31.2252
2.02 -2.02 33.2452
2.02 0 31.2252
2.02 0 33.2452
-8.08 2.02 31.2252
-8.08 2.02 33.2452
-6.06 2.00633 33.298
-4.04 2.00634 33.298
-8.08 4.04 31.2252
-8.08 4.04 33.2452
-6.06 3.57624 33.9916
-4.04 3.57633 33.9916
-2.02 2.00634 33.298
2.49636e-07 2.00634 33.298
-2.02 3.57632 33.9916
-3.24717e-06 3.57632 33.9916
-8.08 6.06 31.2252
-8.08 6.06 33.2452
-6.0599 6.29058 33.2927
-6.06048 6.88913 32.338
-4.0399 6.28973 33.2925
-4.04057 6.88241 32.344
-8.08 8.08 31.2252
-8.08 8.08 33.2452
-6.06 8.08 33.2452
-6.06 8.08 32
-4.04 8.08 32
-4.04 4.04 35.2653
-6.06 4.04 35.2653
-6.06 5.52783 35.7059
-4.04 5.52775 35.7058
-2.02 4.04 35.2653
-2.02 5.52766 35.7057
-2.0199 6.28889 33.2924
0 4.04 35.2653
1.67146e-06 5.52757 35.7056
-5.10533e-05 6.28741 33.2999
-2.02057 6.8829 32.3446
-0.000568003 6.88339 32.3453
-2.02 8.08 32
0 8.08 32
-8.08 6.06 37.2852
-6.06 6.06 37.2852
-6.06 6.06 39.3053
-8.08 6.06 39.3053
-8.08 8.08 39.3053
-8.08 8.08 37.2852
-6.06 8.08 37.2852
-6.06041 8.4608 39.2833
-6.06 6.06 41.3252
-8.08 6.06 41.3252
-8.08 8.08 41.3252
-6.06 8.5 41.3252
-4.04 6.06 39.3053
-4.04 6.06 41.3252
-4.04 8.5 41.3252
-4.04041 8.46294 39.2832
-4.04 6.06 37.2852
-4.04 8.08 37.2852
-2.02 6.06 37.2852
-2.02 6.06 39.3053
-2.02 8.08 37.2852
-2.02041 8.46508 39.2831
-2.02 6.06 41.3252
-2.02 8.5 41.3252
0 6.06 39.3053
0 6.06 41.3252
0 8.5 41.3252
-0.000412155 8.46723 39.283
0 6.06 37.2852
0 8.08 37.2852
2.02 6.06 37.2852
2.02 6.06 39.3053
2.02 8.08 37.2852
2.02 8.08 39.3053
2.02 6.06 41.3252
2.02 8.08 41.3252
0 4.04 43.3453
2.02 4.04 43.3453
2.02 4.04 45.3653
0 4.04 45.3653
-1.32589e-06 5.22139 44.6513
0 6.06 43.3453
2.02 6.06 45.3653
2.02 6.06 43.3453
2.02 2.02 31.2252
2.02 2.02 33.2452
2.02 4.04 31.2252
2.02 4.04 33.2452
2.02 6.06 31.2252
2.02 6.06 33.2452
2.02 8.08 31.2252
-8.08 10.1 31.2252
-6.06 10.1 32
-4.04 10.1 32
-8.08 12.12 31.2252
-6.06 12.12 32
-4.04 12.12 32
-2.02 10.1 32
0 10.1 32
-2.02 12.12 32
0 12.12 32
-8.08 14.14 31.2252
-6.0602 14.1807 31.9909
-4.0402 14.1807 31.9914
-8.08 16.16 31.2252
-6.06011 16.2974 31.4946
-4.04011 16.2978 31.4952
-2.0202 14.1807 31.9919
-0.000197649 14.1808 31.9925
-2.01988 16.2763 31.5057
0.000118838 16.276 31.5049
2.02 10.1 31.2252
2.01933 11.9556 31.5986
4.04 10.1 31.2252
4.03932 11.9542 31.6017
6.06 10.1 31.2252
6.06052 11.9758 31.6088
8.08 10.1 31.2252
8.08 12.12 31.2252
2.0198 14.1808 31.993
4.0398 14.1808 31.9935
2.02012 16.2757 31.5042
4.04012 16.2754 31.5035
6.06022 14.1946 31.9925
8.08 14.14 31.2252
6.06012 16.2751 31.5028
8.08 16.16 31.2252
-8.08 18.18 31.2252
-6.06 18.18 31.2252
-4.04 18.18 31.2252
-2.02 18.18 31.2252
0 18.18 31.2252
2.02 18.18 31.2252
4.04 18.18 31.2252
6.06 18.18 31.2252
8.08 18.18 31.2252
-6.06 -8.5 45.3653
-4.04 -8.5 45.3653
-4.04 -8.08 47.3852
-6.06 -8.5 47.3852
-5.50804 -6.05996 47.6341
-4.04 -6.06 47.3852
-5.50814 -4.03995 47.634
-4.04 -4.04 47.3852
-5.68338 -8.07978 49.336
-4.04 -8.08 49.4053
-3.99024 -8.07994 51.3145
-6.06 -8.5 51.4252
-6.78341 -6.06 52.0116
-5.68454 -6.05978 49.3362
-3.99263 -6.06004 51.3128
-4.04 -6.06 49.4053
-4.08889 -6.06 53.6276
-6.06 -6.06 53.4453
-6.06 -4.04 53.4453
-6.78341 -4.04 52.0116
-4.08889 -4.04 53.6276
-3.99237 -4.04004 51.3122
-5.6857 -4.03978 49.3364
-4.04 -4.04 49.4053
-2.02 -8.08 49.4053
-0.318575 -8.07981 49.3467
0 -8.5 51.4252
-2.05003 -8.07996 51.3291
-2.04981 -6.05996 51.3298
-2.02 -6.06 49.4053
0.759617 -6.06 52.041
-0.317413 -6.05981 49.3469
-2.05514 -4.04001 51.3323
-2.02 -4.04 49.4053
0.759617 -4.04 52.041
-0.31625 -4.03981 49.3471
-2.02 -8.5 45.3653
0 -8.5 45.3653
0 -8.5 47.3852
-2.02 -8.08 47.3852
-2.02 -6.06 47.3852
-0.502083 -6.05996 47.6116
-2.02 -4.04 47.3852
-0.501966 -4.03996 47.6115
-8.08 -4.04 45.3653
-8.08 -4.04 47.3852
-8.08 -2.02 47.3852
-8.08 -2.02 45.3653
-5.50828 -2.01995 47.6339
-6.06 -2.02 45.3653
-4.04 -2.02 47.3852
-4.04 -2.02 45.3653
-6.06 -2.02 53.4453
-6.78341 -2.02 52.0116
-4.08889 -2.02 53.6276
-3.99212 -2.02004 51.3116
-5.68977 -2.02 49.3208
-4.04 -2.02 49.4053
-8.08 -2.02 49.4053
-8.08 -2.02 51.4252
-8.08 0 51.4252
-8.08 0 49.4053
-6.06 0 51.4252
-6.06 0 49.4053
-6.06 0 53.4453
-4.04 0 53.4453
-4.04 0 49.4053
-4.04 0 51.4252
-2.05883 -2.02003 51.3331
-2.02 -2.02 49.4053
0.759617 -2.02 52.041
-0.310665 -2.02016 49.3225
-1.98827 -2.02 53.6452
-2.02 0 53.4453
-2.02 0 51.4252
-2.02 0 49.4053
0 0 51.4252
0 0 49.4053
-2.02 -2.02 47.3852
-2.02 -2.02 45.3653
-0.501834 -2.01996 47.6114
0 -2.02 45.3653
2.02 -8.08 51.4252
2.02 -8.08 53.4453
0 -8.08 53.4453
0 -6.06 53.4453
2.02 -6.06 53.4453
2.02 -6.06 51.4252
2.02 -4.04 45.3653
2.02 -4.04 47.3852
2.02 -2.02 47.3852
2.02 -2.02 45.3653
2.02 -2.02 49.4053
0 0 47.3852
2.02 0 49.4053
2.02 0 47.3852
-8.08 0 45.3653
-6.06 0 45.3653
-6.06 0 47.3852
-8.08 0 47.3852
-8.08 2.02 47.3852
-8.08 2.02 45.3653
-6.06 2.02 45.3653
-5.50763 2.0192 47.6302
-8.08 2.02 49.4053
-5.68522 2.01921 49.3351
-8.08 4.04 47.3852
-8.08 4.04 45.3653
-5.50644 3 47.6307
-6.06 4.04 45.3653
-4.04 2.02 45.3653
-4.80905 2.09363 46.6792
-4.04 4.04 47.3852
-4.04 4.04 45.3653
-8.08 2.02 51.4252
-6.78341 2.02 52.0116
-6.06 2.02 53.4453
-4.08889 2.02 53.6276
-3.99308 2.01994 51.3142
-4.04 2.02 49.4053
-6.78341 4.04 52.0116
-5.0492 4.04042 49.1854
-3.76922 4.04056 50.6992
-4.04 4.04 49.4053
-1.98827 2.02 53.6452
-2.05165 2.02013 51.3289
0 0 53.4453
0 2.02 53.4453
0.759617 2.02 52.041
-2.02 2.02 49.4053
-0.315448 2.01995 49.3387
-2.28345 4.04055 50.7188
-2.02 4.04 49.4053
0.759617 4.04 52.041
-0.953499 4.0404 49.1978
-2.02 2.02 45.3653
-1.19825 2.11128 46.6732
-2.02 4.04 47.3852
-2.02 4.04 45.3653
0 2.02 45.3653
-0.502221 2.01927 47.6079
-0.540488 3.02359 47.6249
-5.05001 6.06042 49.1855
-4.90182 6.05864 47.865
-4.04 6.06 49.4053
-4.04 6.06 47.3852
-1.98827 4.04 53.6452
-4.08889 4.04 53.6276
-4.08889 6.06 53.6276
-3.74544 6.05925 50.7096
-1.98827 6.06 53.6452
-2.28294 6.06055 50.7202
-4.08889 8.08 53.6276
-4.04 8.5 51.4252
-1.98827 8.08 53.6452
-2.02 8.5 51.4252
-2.02 6.06 47.3852
-1.10696 6.0587 47.8437
-0.951414 6.06005 49.1921
-2.02 6.06 49.4053
-2.02 8.08 49.4053
-2.02 8.08 47.3852
0 8.5 49.4053
0 8.5 47.3852
2.02 2.02 47.3852
2.02 2.02 49.4053
2.02 2.02 45.3653
2.02 4.04 47.3852
2.02 0 51.4252
2.02 2.02 51.4252
-2.02 -8.08 21
-2.02 -10.1 21
-2.02 -4.04 21
-2.02 -6.06 21
-2.02 0 21
-2.02 -2.02 21
-2.02 4.04 21
-2.02 2.02 21
-2.02 8.08 21
-2.02 6.06 21
-2.02 10.1 21

4 0 1 2 3  0.217 0.92 0.92 
4 0 3 4 5  0.217 0.92 0.92 
4 1 0 5 6  0.217 0.92 0.92 
4 1 7 8 2  0.217 0.92 0.92 
4 7 1 6 9  0.217 0.92 0.92 
4 7 10 11 8  0.217 0.92 0.92 
4 10 7 9 12  0.217 0.92 0.92 
4 10 13 14 11  0.217 0.92 0.92 
4 14 13 15 16  0.217 0.92 0.92 
4 13 10 12 15  0.217 0.92 0.92 
4 17 18 6 5  0.217 0.92 0.92 
4 17 5 19 20  0.217 0.92 0.92 
4 18 17 20 21  0.217 0.92 0.92 
4 5 4 22 19  0.217 0.92 0.92 
4 18 23 9 6  0.217 0.92 0.92 
4 23 18 21 24  0.217 0.92 0.92 
4 20 19 25 26  0.217 0.92 0.92 
4 21 20 26 27  0.217 0.92 0.92 
4 26 25 28 27  0.217 0.92 0.92 
4 19 22 29 25  0.217 0.92 0.92 
4 28 30 31 32  0.217 0.92 0.92 
4 24 21 27 33  0.217 0.92 0.92 
4 27 28 32 33  0.217 0.92 0.92 
4 23 34 12 9  0.217 0.92 0.92 
4 34 23 24 35  0.217 0.92 0.92 
4 16 15 36 37  0.217 0.92 0.92 
4 34 38 15 12  0.217 0.92 0.92 
4 15 38 39 36  0.217 0.92 0.92 
4 38 34 35 39  0.217 0.92 0.92 
4 35 24 33 40  0.217 0.92 0.92 
4 33 32 41 40  0.217 0.92 0.92 
4 32 31 42 41  0.217 0.92 0.92 
4 37 36 43 44  0.217 0.92 0.92 
4 36 39 45 43  0.217 0.92 0.92 
4 39 35 40 45  0.217 0.92 0.92 
4 40 41 43 45  0.217 0.92 0.92 
4 46 47 33 27  0.217 0.92 0.92 
4 46 27 48 49  0.217 0.92 0.92 
4 27 33 50 48  0.217 0.92 0.92 
4 47 46 49 51  0.217 0.92 0.92 
4 49 48 50 51  0.217 0.92 0.92 
4 52 53 49 54  0.217 0.92 0.92 
4 52 54 55 56  0.217 0.92 0.92 
4 54 49 57 55  0.217 0.92 0.92 
4 53 52 56 58  0.217 0.92 0.92 
4 56 55 57 58  0.217 0.92 0.92 
4 53 59 51 49  0.217 0.92 0.92 
4 49 51 60 57  0.217 0.92 0.92 
4 59 53 58 61  0.217 0.92 0.92 
4 58 57 60 61  0.217 0.92 0.92 
4 25 29 62 63  0.217 0.92 0.92 
4 30 28 64 65  0.217 0.92 0.92 
4 28 25 63 64  0.217 0.92 0.92 
4 63 62 65 64  0.217 0.92 0.92 
4 41 42 66 67  0.217 0.92 0.92 
4 44 43 68 69  0.217 0.92 0.92 
4 43 41 67 68  0.217 0.92 0.92 
4 67 66 69 68  0.217 0.92 0.92 
4 47 70 40 33  0.217 0.92 0.92 
4 33 40 71 50  0.217 0.92 0.92 
4 70 47 51 72  0.217 0.92 0.92 
4 51 50 71 72  0.217 0.92 0.92 
4 70 73 45 40  0.217 0.92 0.92 
4 40 45 74 71  0.217 0.92 0.92 
4 45 73 75 74  0.217 0.92 0.92 
4 73 70 72 75  0.217 0.92 0.92 
4 72 71 74 75  0.217 0.92 0.92 
4 59 76 72 51  0.217 0.92 0.92 
4 51 72 77 60  0.217 0.92 0.92 
4 76 59 61 78  0.217 0.92 0.92 
4 61 60 77 78  0.217 0.92 0.92 
4 76 79 75 72  0.217 0.92 0.92 
4 72 75 80 77  0.217 0.92 0.92 
4 75 79 81 80  0.217 0.92 0.92 
4 79 76 78 81  0.217 0.92 0.92 
4 78 77 80 81  0.217 0.92 0.92 
4 82 83 84 85  0.217 0.92 0.92 
4 82 85 86 87  0.217 0.92 0.92 
4 85 84 88 86  0.217 0.92 0.92 
4 83 82 87 89  0.217 0.92 0.92 
4 87 86 88 89  0.217 0.92 0.92 
4 83 90 91 84  0.217 0.92 0.92 
4 84 91 92 88  0.217 0.92 0.92 
4 90 83 89 93  0.217 0.92 0.92 
4 89 88 92 93  0.217 0.92 0.92 
4 94 95 96 97  0.217 0.92 0.92 
4 94 97 98 99  0.217 0.92 0.92 
4 97 96 100 98  0.217 0.92 0.92 
4 95 94 99 101  0.217 0.92 0.92 
4 99 98 100 101  0.217 0.92 0.92 
4 95 102 103 96  0.217 0.92 0.92 
4 96 103 104 100  0.217 0.92 0.92 
4 102 95 101 105  0.217 0.92 0.92 
4 101 100 104 105  0.217 0.92 0.92 
4 102 106 107 103  0.217 0.92 0.92 
4 103 107 108 104  0.217 0.92 0.92 
4 106 102 105 109  0.217 0.92 0.92 
4 105 104 108 109  0.217 0.92 0.92 
4 106 110 111 107  0.217 0.92 0.92 
4 107 111 112 108  0.217 0.92 0.92 
4 111 110 113 112  0.217 0.92 0.92 
4 110 106 109 113  0.217 0.92 0.92 
4 109 108 112 113  0.217 0.92 0.92 
4 90 114 115 91  0.217 0.92 0.92 
4 91 115 116 92  0.217 0.92 0.92 
4 114 90 93 117  0.217 0.92 0.92 
4 93 92 116 117  0.217 0.92 0.92 
4 114 118 119 115  0.217 0.92 0.92 
4 115 119 120 116  0.217 0.92 0.92 
4 119 118 121 120  0.217 0.92 0.92 
4 118 114 117 121  0.217 0.92 0.92 
4 117 116 120 121  0.217 0.92 0.92 
4 122 123 124 125  0.217 0.92 0.92 
4 122 125 126 127  0.217 0.92 0.92 
4 125 124 128 126  0.217 0.92 0.92 
4 123 122 127 129  0.217 0.92 0.92 
4 127 126 128 129  0.217 0.92 0.92 
4 123 130 131 124  0.217 0.92 0.92 
4 124 131 132 128  0.217 0.92 0.92 
4 130 123 129 133  0.217 0.92 0.92 
4 129 128 132 133  0.217 0.92 0.92 
4 134 135 136 137  0.217 0.92 0.92 
4 134 137 138 139  0.217 0.92 0.92 
4 137 136 140 138  0.217 0.92 0.92 
4 135 134 139 141  0.217 0.92 0.92 
4 139 138 140 141  0.217 0.92 0.92 
4 135 142 143 136  0.217 0.92 0.92 
4 136 143 144 140  0.217 0.92 0.92 
4 142 135 141 145  0.217 0.92 0.92 
4 141 140 144 145  0.217 0.92 0.92 
4 142 146 147 143  0.217 0.92 0.92 
4 143 147 148 144  0.217 0.92 0.92 
4 146 142 145 149  0.217 0.92 0.92 
4 145 144 148 149  0.217 0.92 0.92 
4 146 150 151 147  0.217 0.92 0.92 
4 147 151 152 148  0.217 0.92 0.92 
4 151 150 153 152  0.217 0.92 0.92 
4 150 146 149 153  0.217 0.92 0.92 
4 149 148 152 153  0.217 0.92 0.92 
4 130 154 155 131  0.217 0.92 0.92 
4 131 155 156 132  0.217 0.92 0.92 
4 154 130 133 157  0.217 0.92 0.92 
4 133 132 156 157  0.217 0.92 0.92 
4 154 158 159 155  0.217 0.92 0.92 
4 155 159 160 156  0.217 0.92 0.92 
4 159 158 161 160  0.217 0.92 0.92 
4 158 154 157 161  0.217 0.92 0.92 
4 157 156 160 161  0.217 0.92 0.92 
4 162 163 164 165  0.217 0.92 0.92 
4 162 165 166 167  0.217 0.92 0.92 
4 165 164 168 166  0.217 0.92 0.92 
4 163 162 167 169  0.217 0.92 0.92 
4 167 166 168 169  0.217 0.92 0.92 
4 163 170 171 164  0.217 0.92 0.92 
4 164 171 172 168  0.217 0.92 0.92 
4 170 163 169 173  0.217 0.92 0.92 
4 169 168 174 175  0.217 0.92 0.92 
4 168 172 176 174  0.217 0.92 0.92 
4 173 169 175 177  0.217 0.92 0.92 
4 175 174 176 177  0.217 0.92 0.92 
4 178 179 180 181  0.217 0.92 0.92 
4 178 181 182 183  0.217 0.92 0.92 
4 180 179 184 185  0.217 0.92 0.92 
4 179 178 183 184  0.217 0.92 0.92 
4 170 186 187 171  0.217 0.92 0.92 
4 171 187 188 172  0.217 0.92 0.92 
4 186 170 173 189  0.217 0.92 0.92 
4 186 190 191 187  0.217 0.92 0.92 
4 187 191 192 188  0.217 0.92 0.92 
4 191 190 193 192  0.217 0.92 0.92 
4 190 186 189 193  0.217 0.92 0.92 
4 189 188 192 193  0.217 0.92 0.92 
4 172 188 194 176  0.217 0.92 0.92 
4 188 189 195 194  0.217 0.92 0.92 
4 189 173 177 195  0.217 0.92 0.92 
4 177 176 194 195  0.217 0.92 0.92 
4 196 174 197 198  0.217 0.92 0.92 
4 196 198 199 200  0.217 0.92 0.92 
4 174 196 200 201  0.217 0.92 0.92 
4 200 199 202 201  0.217 0.92 0.92 
4 174 176 203 197  0.217 0.92 0.92 
4 176 174 201 204  0.217 0.92 0.92 
4 201 202 205 204  0.217 0.92 0.92 
4 198 197 206 207  0.217 0.92 0.92 
4 198 207 208 199  0.217 0.92 0.92 
4 207 206 209 210  0.217 0.92 0.92 
4 207 210 211 208  0.217 0.92 0.92 
4 206 212 213 209  0.217 0.92 0.92 
4 197 203 212 206  0.217 0.92 0.92 
4 199 208 214 215  0.217 0.92 0.92 
4 202 199 215 216  0.217 0.92 0.92 
4 215 214 217 216  0.217 0.92 0.92 
4 208 211 218 214  0.217 0.92 0.92 
4 205 202 216 219  0.217 0.92 0.92 
4 216 217 220 219  0.217 0.92 0.92 
4 203 221 183 212  0.217 0.92 0.92 
4 212 183 182 213  0.217 0.92 0.92 
4 185 184 222 223  0.217 0.92 0.92 
4 221 224 184 183  0.217 0.92 0.92 
4 184 224 225 222  0.217 0.92 0.92 
4 226 205 219 227  0.217 0.92 0.92 
4 219 220 228 227  0.217 0.92 0.92 
4 223 222 229 230  0.217 0.92 0.92 
4 222 225 231 229  0.217 0.92 0.92 
4 225 226 227 231  0.217 0.92 0.92 
4 227 228 229 231  0.217 0.92 0.92 
4 176 194 221 203  0.217 0.92 0.92 
4 194 176 204 232  0.217 0.92 0.92 
4 204 205 226 232  0.217 0.92 0.92 
4 194 233 224 221  0.217 0.92 0.92 
4 224 233 234 225  0.217 0.92 0.92 
4 233 194 232 234  0.217 0.92 0.92 
4 232 226 225 234  0.217 0.92 0.92 
4 214 218 235 236  0.217 0.92 0.92 
4 217 214 236 237  0.217 0.92 0.92 
4 236 235 238 237  0.217 0.92 0.92 
4 220 217 237 239  0.217 0.92 0.92 
4 237 238 240 239  0.217 0.92 0.92 
4 228 220 239 241  0.217 0.92 0.92 
4 239 240 242 241  0.217 0.92 0.92 
4 230 229 243 244  0.217 0.92 0.92 
4 229 228 241 243  0.217 0.92 0.92 
4 241 242 244 243  0.217 0.92 0.92 
4 245 246 247 248  0.217 0.92 0.92 
4 245 248 249 250  0.217 0.92 0.92 
4 248 247 251 249  0.217 0.92 0.92 
4 246 252 253 247  0.217 0.92 0.92 
4 247 253 254 251  0.217 0.92 0.92 
4 250 249 255 256  0.217 0.92 0.92 
4 249 251 257 258  0.217 0.92 0.92 
4 249 258 259 255  0.217 0.92 0.92 
4 258 257 260 259  0.217 0.92 0.92 
4 251 254 261 257  0.217 0.92 0.92 
4 257 261 262 260  0.217 0.92 0.92 
4 252 263 264 253  0.217 0.92 0.92 
4 253 264 265 254  0.217 0.92 0.92 
4 263 266 267 264  0.217 0.92 0.92 
4 264 267 268 265  0.217 0.92 0.92 
4 267 266 269 268  0.217 0.92 0.92 
4 254 265 270 261  0.217 0.92 0.92 
4 261 270 271 262  0.217 0.92 0.92 
4 265 268 272 270  0.217 0.92 0.92 
4 270 272 273 271  0.217 0.92 0.92 
4 272 268 274 273  0.217 0.92 0.92 
4 268 269 275 274  0.217 0.92 0.92 
4 276 277 278 279  0.217 0.92 0.92 
4 276 279 280 3  0.217 0.92 0.92 
4 279 278 281 280  0.217 0.92 0.92 
4 277 276 3 2  0.217 0.92 0.92 
4 278 282 283 284  0.217 0.92 0.92 
4 278 284 285 281  0.217 0.92 0.92 
4 277 286 282 278  0.217 0.92 0.92 
4 286 277 2 8  0.217 0.92 0.92 
4 3 280 287 4  0.217 0.92 0.92 
4 280 281 285 288  0.217 0.92 0.92 
4 280 288 289 287  0.217 0.92 0.92 
4 290 284 291 292  0.217 0.92 0.92 
4 290 292 293 288  0.217 0.92 0.92 
4 292 291 294 293  0.217 0.92 0.92 
4 284 290 288 285  0.217 0.92 0.92 
4 284 283 295 291  0.217 0.92 0.92 
4 291 295 296 294  0.217 0.92 0.92 
4 288 293 297 289  0.217 0.92 0.92 
4 293 294 298 299  0.217 0.92 0.92 
4 293 299 245 297  0.217 0.92 0.92 
4 299 298 246 245  0.217 0.92 0.92 
4 294 296 300 298  0.217 0.92 0.92 
4 298 300 252 246  0.217 0.92 0.92 
4 283 301 302 295  0.217 0.92 0.92 
4 295 302 303 296  0.217 0.92 0.92 
4 301 304 305 302  0.217 0.92 0.92 
4 302 305 306 303  0.217 0.92 0.92 
4 305 304 307 306  0.217 0.92 0.92 
4 296 303 308 300  0.217 0.92 0.92 
4 300 308 263 252  0.217 0.92 0.92 
4 303 306 309 308  0.217 0.92 0.92 
4 308 309 266 263  0.217 0.92 0.92 
4 309 306 310 266  0.217 0.92 0.92 
4 306 307 311 310  0.217 0.92 0.92 
4 286 312 313 282  0.217 0.92 0.92 
4 312 286 8 11  0.217 0.92 0.92 
4 282 313 301 283  0.217 0.92 0.92 
4 313 314 304 301  0.217 0.92 0.92 
4 304 314 315 307  0.217 0.92 0.92 
4 312 316 314 313  0.217 0.92 0.92 
4 314 316 14 315  0.217 0.92 0.92 
4 316 312 11 14  0.217 0.92 0.92 
4 307 315 317 311  0.217 0.92 0.92 
4 315 14 16 317  0.217 0.92 0.92 
4 4 287 318 22  0.217 0.92 0.92 
4 287 289 319 318  0.217 0.92 0.92 
4 22 318 320 29  0.217 0.92 0.92 
4 318 319 321 320  0.217 0.92 0.92 
4 289 297 322 319  0.217 0.92 0.92 
4 297 245 250 322  0.217 0.92 0.92 
4 319 322 323 321  0.217 0.92 0.92 
4 322 250 256 323  0.217 0.92 0.92 
4 266 310 324 269  0.217 0.92 0.92 
4 310 311 325 324  0.217 0.92 0.92 
4 269 324 326 275  0.217 0.92 0.92 
4 324 325 327 326  0.217 0.92 0.92 
4 311 317 328 325  0.217 0.92 0.92 
4 317 16 37 328  0.217 0.92 0.92 
4 325 328 329 327  0.217 0.92 0.92 
4 328 37 44 329  0.217 0.92 0.92 
4 256 255 330 331  0.217 0.92 0.92 
4 255 259 332 330  0.217 0.92 0.92 
4 331 330 333 334  0.217 0.92 0.92 
4 330 332 335 333  0.217 0.92 0.92 
4 259 260 336 337  0.217 0.92 0.92 
4 259 337 338 332  0.217 0.92 0.92 
4 337 336 339 340  0.217 0.92 0.92 
4 337 340 341 338  0.217 0.92 0.92 
4 340 339 342 341  0.217 0.92 0.92 
4 336 343 344 339  0.217 0.92 0.92 
4 339 344 345 342  0.217 0.92 0.92 
4 260 262 343 336  0.217 0.92 0.92 
4 332 338 346 335  0.217 0.92 0.92 
4 338 341 347 346  0.217 0.92 0.92 
4 262 271 348 343  0.217 0.92 0.92 
4 343 348 349 344  0.217 0.92 0.92 
4 344 349 350 345  0.217 0.92 0.92 
4 348 351 352 349  0.217 0.92 0.92 
4 352 351 353 354  0.217 0.92 0.92 
4 271 273 351 348  0.217 0.92 0.92 
4 351 273 355 353  0.217 0.92 0.92 
4 354 353 356 357  0.217 0.92 0.92 
4 353 355 358 356  0.217 0.92 0.92 
4 273 274 359 355  0.217 0.92 0.92 
4 274 275 360 359  0.217 0.92 0.92 
4 355 359 361 358  0.217 0.92 0.92 
4 359 360 362 361  0.217 0.92 0.92 
4 334 333 363 364  0.217 0.92 0.92 
4 333 335 365 363  0.217 0.92 0.92 
4 364 363 366 367  0.217 0.92 0.92 
4 367 366 368 369  0.217 0.92 0.92 
4 363 365 370 366  0.217 0.92 0.92 
4 368 371 372 373  0.217 0.92 0.92 
4 369 368 373 374  0.217 0.92 0.92 
4 335 346 375 365  0.217 0.92 0.92 
4 346 347 376 375  0.217 0.92 0.92 
4 365 375 377 370  0.217 0.92 0.92 
4 375 376 378 377  0.217 0.92 0.92 
4 357 356 379 380  0.217 0.92 0.92 
4 356 358 381 379  0.217 0.92 0.92 
4 380 379 382 383  0.217 0.92 0.92 
4 379 381 384 382  0.217 0.92 0.92 
4 358 361 385 381  0.217 0.92 0.92 
4 361 362 386 385  0.217 0.92 0.92 
4 374 373 387 388  0.217 0.92 0.92 
4 373 372 389 387  0.217 0.92 0.92 
4 381 385 390 384  0.217 0.92 0.92 
4 387 389 384 390  0.217 0.92 0.92 
4 385 386 391 390  0.217 0.92 0.92 
4 388 387 390 391  0.217 0.92 0.92 
4 29 320 392 62  0.217 0.92 0.92 
4 320 321 393 392  0.217 0.92 0.92 
4 31 30 65 394  0.217 0.92 0.92 
4 62 392 395 396  0.217 0.92 0.92 
4 65 62 396 397  0.217 0.92 0.92 
4 392 393 398 395  0.217 0.92 0.92 
4 394 65 397 399  0.217 0.92 0.92 
4 321 323 400 393  0.217 0.92 0.92 
4 323 256 331 400  0.217 0.92 0.92 
4 393 400 401 398  0.217 0.92 0.92 
4 400 331 334 401  0.217 0.92 0.92 
4 275 326 402 360  0.217 0.92 0.92 
4 326 327 403 402  0.217 0.92 0.92 
4 360 402 404 362  0.217 0.92 0.92 
4 402 403 405 404  0.217 0.92 0.92 
4 42 31 394 66  0.217 0.92 0.92 
4 327 329 406 403  0.217 0.92 0.92 
4 329 44 69 406  0.217 0.92 0.92 
4 66 394 399 407  0.217 0.92 0.92 
4 403 406 408 405  0.217 0.92 0.92 
4 406 69 409 408  0.217 0.92 0.92 
4 69 66 407 409  0.217 0.92 0.92 
4 396 395 410 411  0.217 0.92 0.92 
4 397 396 411 412  0.217 0.92 0.92 
4 395 398 413 410  0.217 0.92 0.92 
4 399 397 412 414  0.217 0.92 0.92 
4 411 410 415 416  0.217 0.92 0.92 
4 412 411 416 417  0.217 0.92 0.92 
4 416 415 418 417  0.217 0.92 0.92 
4 410 413 419 415  0.217 0.92 0.92 
4 415 419 420 418  0.217 0.92 0.92 
4 418 420 421 422  0.217 0.92 0.92 
4 414 412 417 423  0.217 0.92 0.92 
4 417 418 422 423  0.217 0.92 0.92 
4 398 401 424 413  0.217 0.92 0.92 
4 401 334 364 424  0.217 0.92 0.92 
4 413 424 425 419  0.217 0.92 0.92 
4 419 425 426 420  0.217 0.92 0.92 
4 424 364 367 425  0.217 0.92 0.92 
4 425 367 369 426  0.217 0.92 0.92 
4 426 369 374 427  0.217 0.92 0.92 
4 420 426 427 421  0.217 0.92 0.92 
4 362 404 428 386  0.217 0.92 0.92 
4 404 405 429 428  0.217 0.92 0.92 
4 421 427 430 431  0.217 0.92 0.92 
4 427 374 388 430  0.217 0.92 0.92 
4 386 428 432 391  0.217 0.92 0.92 
4 430 388 391 432  0.217 0.92 0.92 
4 428 429 433 432  0.217 0.92 0.92 
4 431 430 432 433  0.217 0.92 0.92 
4 407 399 414 434  0.217 0.92 0.92 
4 405 408 435 429  0.217 0.92 0.92 
4 408 409 436 435  0.217 0.92 0.92 
4 409 407 434 436  0.217 0.92 0.92 
4 434 414 423 437  0.217 0.92 0.92 
4 423 422 438 437  0.217 0.92 0.92 
4 422 421 431 438  0.217 0.92 0.92 
4 429 435 439 433  0.217 0.92 0.92 
4 438 431 433 439  0.217 0.92 0.92 
4 435 436 440 439  0.217 0.92 0.92 
4 436 434 437 440  0.217 0.92 0.92 
4 437 438 439 440  0.217 0.92 0.92 
4 366 370 441 442  0.217 0.92 0.92 
4 371 368 443 444  0.217 0.92 0.92 
4 368 366 442 443  0.217 0.92 0.92 
4 442 441 444 443  0.217 0.92 0.92 
4 370 377 445 441  0.217 0.92 0.92 
4 441 445 446 444  0.217 0.92 0.92 
4 377 378 447 445  0.217 0.92 0.92 
4 445 447 448 446  0.217 0.92 0.92 
4 446 448 449 450  0.217 0.92 0.92 
4 372 371 444 451  0.217 0.92 0.92 
4 444 446 450 451  0.217 0.92 0.92 
4 389 372 451 452  0.217 0.92 0.92 
4 451 450 453 452  0.217 0.92 0.92 
4 450 449 454 453  0.217 0.92 0.92 
4 383 382 455 456  0.217 0.92 0.92 
4 453 454 456 455  0.217 0.92 0.92 
4 382 384 457 455  0.217 0.92 0.92 
4 384 389 452 457  0.217 0.92 0.92 
4 452 453 455 457  0.217 0.92 0.92 
4 458 459 460 461  0.217 0.92 0.92 
4 458 461 462 463  0.217 0.92 0.92 
4 459 458 463 464  0.217 0.92 0.92 
4 461 460 465 466  0.217 0.92 0.92 
4 461 466 467 462  0.217 0.92 0.92 
4 460 468 469 465  0.217 0.92 0.92 
4 459 470 468 460  0.217 0.92 0.92 
4 470 459 464 471  0.217 0.92 0.92 
4 470 472 473 468  0.217 0.92 0.92 
4 472 470 471 474  0.217 0.92 0.92 
4 468 473 475 469  0.217 0.92 0.92 
4 473 476 477 475  0.217 0.92 0.92 
4 477 476 478 479  0.217 0.92 0.92 
4 472 480 476 473  0.217 0.92 0.92 
4 476 480 481 478  0.217 0.92 0.92 
4 482 483 480 472  0.217 0.92 0.92 
4 482 472 474 484  0.217 0.92 0.92 
4 480 483 485 481  0.217 0.92 0.92 
4 483 482 484 485  0.217 0.92 0.92 
4 486 487 488 489  0.217 0.92 0.92 
4 486 489 490 491  0.217 0.92 0.92 
4 489 488 464 463  0.217 0.92 0.92 
4 489 463 492 490  0.217 0.92 0.92 
4 488 493 471 464  0.217 0.92 0.92 
4 487 494 493 488  0.217 0.92 0.92 
4 491 490 495 496  0.217 0.92 0.92 
4 490 492 497 495  0.217 0.92 0.92 
4 463 462 498 492  0.217 0.92 0.92 
4 462 467 499 498  0.217 0.92 0.92 
4 492 498 500 497  0.217 0.92 0.92 
4 498 499 501 500  0.217 0.92 0.92 
4 479 478 502 503  0.217 0.92 0.92 
4 478 481 504 502  0.217 0.92 0.92 
4 503 502 505 506  0.217 0.92 0.92 
4 502 504 507 505  0.217 0.92 0.92 
4 494 508 484 493  0.217 0.92 0.92 
4 493 484 474 471  0.217 0.92 0.92 
4 481 485 509 504  0.217 0.92 0.92 
4 508 510 485 484  0.217 0.92 0.92 
4 485 510 511 509  0.217 0.92 0.92 
4 504 509 512 507  0.217 0.92 0.92 
4 509 511 513 512  0.217 0.92 0.92 
4 496 495 514 515  0.217 0.92 0.92 
4 495 497 516 514  0.217 0.92 0.92 
4 515 514 517 518  0.217 0.92 0.92 
4 514 516 519 517  0.217 0.92 0.92 
4 497 500 520 516  0.217 0.92 0.92 
4 500 501 521 520  0.217 0.92 0.92 
4 516 520 522 519  0.217 0.92 0.92 
4 519 522 523 524  0.217 0.92 0.92 
4 520 521 525 522  0.217 0.92 0.92 
4 522 525 526 523  0.217 0.92 0.92 
4 527 528 529 526  0.217 0.92 0.92 
4 523 526 529 530  0.217 0.92 0.92 
4 524 523 530 531  0.217 0.92 0.92 
4 506 505 532 533  0.217 0.92 0.92 
4 505 507 534 532  0.217 0.92 0.92 
4 531 530 535 536  0.217 0.92 0.92 
4 528 537 538 529  0.217 0.92 0.92 
4 530 529 538 535  0.217 0.92 0.92 
4 537 533 539 538  0.217 0.92 0.92 
4 533 532 540 539  0.217 0.92 0.92 
4 535 538 539 540  0.217 0.92 0.92 
4 532 534 541 540  0.217 0.92 0.92 
4 536 535 540 541  0.217 0.92 0.92 
4 507 512 542 534  0.217 0.92 0.92 
4 512 513 543 542  0.217 0.92 0.92 
4 534 542 544 541  0.217 0.92 0.92 
4 542 543 545 544  0.217 0.92 0.92 
4 546 547 548 549  0.217 0.92 0.92 
4 546 549 550 551  0.217 0.92 0.92 
4 547 546 551 552  0.217 0.92 0.92 
4 549 548 553 554  0.217 0.92 0.92 
4 549 554 555 550  0.217 0.92 0.92 
4 548 556 557 553  0.217 0.92 0.92 
4 547 558 556 548  0.217 0.92 0.92 
4 558 547 552 559  0.217 0.92 0.92 
4 551 550 560 561  0.217 0.92 0.92 
4 552 551 561 562  0.217 0.92 0.92 
4 550 555 563 560  0.217 0.92 0.92 
4 559 552 562 564  0.217 0.92 0.92 
4 554 553 565 566  0.217 0.92 0.92 
4 554 566 567 555  0.217 0.92 0.92 
4 566 565 487 486  0.217 0.92 0.92 
4 566 486 491 567  0.217 0.92 0.92 
4 565 568 494 487  0.217 0.92 0.92 
4 553 557 568 565  0.217 0.92 0.92 
4 555 567 569 563  0.217 0.92 0.92 
4 567 491 496 569  0.217 0.92 0.92 
4 557 570 571 568  0.217 0.92 0.92 
4 568 571 508 494  0.217 0.92 0.92 
4 571 572 510 508  0.217 0.92 0.92 
4 510 572 573 511  0.217 0.92 0.92 
4 570 574 572 571  0.217 0.92 0.92 
4 572 574 575 573  0.217 0.92 0.92 
4 511 573 576 513  0.217 0.92 0.92 
4 573 575 577 576  0.217 0.92 0.92 
4 558 578 579 556  0.217 0.92 0.92 
4 578 558 559 580  0.217 0.92 0.92 
4 556 579 570 557  0.217 0.92 0.92 
4 579 581 574 570  0.217 0.92 0.92 
4 574 581 582 575  0.217 0.92 0.92 
4 578 583 581 579  0.217 0.92 0.92 
4 581 583 584 582  0.217 0.92 0.92 
4 583 578 580 584  0.217 0.92 0.92 
4 580 559 564 585  0.217 0.92 0.92 
4 575 582 586 577  0.217 0.92 0.92 
4 582 584 587 586  0.217 0.92 0.92 
4 584 580 585 587  0.217 0.92 0.92 
4 561 560 588 589  0.217 0.92 0.92 
4 562 561 589 590  0.217 0.92 0.92 
4 560 563 591 588  0.217 0.92 0.92 
4 564 562 590 592  0.217 0.92 0.92 
4 589 588 593 210  0.217 0.92 0.92 
4 590 589 210 209  0.217 0.92 0.92 
4 588 591 594 593  0.217 0.92 0.92 
4 592 590 209 213  0.217 0.92 0.92 
4 563 569 595 591  0.217 0.92 0.92 
4 569 496 515 595  0.217 0.92 0.92 
4 591 595 596 594  0.217 0.92 0.92 
4 595 515 518 596  0.217 0.92 0.92 
4 513 576 597 543  0.217 0.92 0.92 
4 576 577 598 597  0.217 0.92 0.92 
4 543 597 599 545  0.217 0.92 0.92 
4 597 598 600 599  0.217 0.92 0.92 
4 585 564 592 181  0.217 0.92 0.92 
4 577 586 601 598  0.217 0.92 0.92 
4 586 587 180 601  0.217 0.92 0.92 
4 587 585 181 180  0.217 0.92 0.92 
4 181 592 213 182  0.217 0.92 0.92 
4 598 601 602 600  0.217 0.92 0.92 
4 601 180 185 602  0.217 0.92 0.92 
4 518 517 603 604  0.217 0.92 0.92 
4 517 519 605 603  0.217 0.92 0.92 
4 519 524 606 605  0.217 0.92 0.92 
4 603 605 606 607  0.217 0.92 0.92 
4 524 531 608 606  0.217 0.92 0.92 
4 607 606 608 609  0.217 0.92 0.92 
4 604 603 610 611  0.217 0.92 0.92 
4 603 607 612 610  0.217 0.92 0.92 
4 611 610 612 613  0.217 0.92 0.92 
4 607 609 614 612  0.217 0.92 0.92 
4 613 612 614 615  0.217 0.92 0.92 
4 531 536 616 608  0.217 0.92 0.92 
4 609 608 616 617  0.217 0.92 0.92 
4 536 541 618 616  0.217 0.92 0.92 
4 541 544 619 618  0.217 0.92 0.92 
4 617 616 618 619  0.217 0.92 0.92 
4 544 545 620 619  0.217 0.92 0.92 
4 609 617 621 614  0.217 0.92 0.92 
4 615 614 621 622  0.217 0.92 0.92 
4 617 619 623 621  0.217 0.92 0.92 
4 619 620 624 623  0.217 0.92 0.92 
4 622 621 623 624  0.217 0.92 0.92 
4 210 593 625 211  0.217 0.92 0.92 
4 593 594 626 625  0.217 0.92 0.92 
4 211 625 627 218  0.217 0.92 0.92 
4 625 626 628 627  0.217 0.92 0.92 
4 594 596 629 626  0.217 0.92 0.92 
4 596 518 604 629  0.217 0.92 0.92 
4 626 629 630 628  0.217 0.92 0.92 
4 629 604 611 630  0.217 0.92 0.92 
4 631 613 615 632  0.217 0.92 0.92 
4 545 599 633 620  0.217 0.92 0.92 
4 599 600 634 633  0.217 0.92 0.92 
4 632 615 622 635  0.217 0.92 0.92 
4 620 633 636 624  0.217 0.92 0.92 
4 635 622 624 636  0.217 0.92 0.92 
4 633 634 637 636  0.217 0.92 0.92 
4 600 602 638 634  0.217 0.92 0.92 
4 602 185 223 638  0.217 0.92 0.92 
4 634 638 639 637  0.217 0.92 0.92 
4 638 223 230 639  0.217 0.92 0.92 
4 218 627 640 235  0.217 0.92 0.92 
4 627 628 641 640  0.217 0.92 0.92 
4 640 641 642 643  0.217 0.92 0.92 
4 235 640 644 645  0.217 0.92 0.92 
4 640 643 646 644  0.217 0.92 0.92 
4 238 235 645 647  0.217 0.92 0.92 
4 645 644 646 647  0.217 0.92 0.92 
4 643 642 648 646  0.217 0.92 0.92 
4 646 648 649 650  0.217 0.92 0.92 
4 240 238 647 651  0.217 0.92 0.92 
4 647 646 650 651  0.217 0.92 0.92 
4 628 630 652 641  0.217 0.92 0.92 
4 630 611 653 652  0.217 0.92 0.92 
4 611 613 654 653  0.217 0.92 0.92 
4 613 631 655 654  0.217 0.92 0.92 
4 652 653 654 655  0.217 0.92 0.92 
4 631 632 656 655  0.217 0.92 0.92 
4 641 652 657 658  0.217 0.92 0.92 
4 652 655 659 657  0.217 0.92 0.92 
4 642 641 658 648  0.217 0.92 0.92 
4 658 657 659 648  0.217 0.92 0.92 
4 655 656 660 659  0.217 0.92 0.92 
4 648 659 660 649  0.217 0.92 0.92 
4 632 635 661 656  0.217 0.92 0.92 
4 635 636 662 661  0.217 0.92 0.92 
4 636 637 663 662  0.217 0.92 0.92 
4 656 661 664 660  0.217 0.92 0.92 
4 649 660 664 665  0.217 0.92 0.92 
4 661 662 666 664  0.217 0.92 0.92 
4 662 663 667 666  0.217 0.92 0.92 
4 665 664 666 667  0.217 0.92 0.92 
4 637 639 668 663  0.217 0.92 0.92 
4 639 230 244 668  0.217 0.92 0.92 
4 242 240 651 669  0.217 0.92 0.92 
4 651 650 670 669  0.217 0.92 0.92 
4 650 649 665 670  0.217 0.92 0.92 
4 663 668 671 667  0.217 0.92 0.92 
4 670 665 667 671  0.217 0.92 0.92 
4 668 244 672 671  0.217 0.92 0.92 
4 244 242 669 672  0.217 0.92 0.92 
4 669 670 671 672  0.217 0.92 0.92 
4 673 674 675 676  0.217 0.92 0.92 
4 673 676 677 678  0.217 0.92 0.92 
4 674 673 678 679  0.217 0.92 0.92 
4 674 680 681 675  0.217 0.92 0.92 
4 680 674 679 682  0.217 0.92 0.92 
4 683 684 685 686  0.217 0.92 0.92 
4 683 686 687 676  0.217 0.92 0.92 
4 685 684 675 688  0.217 0.92 0.92 
4 684 683 676 675  0.217 0.92 0.92 
4 686 685 689 690  0.217 0.92 0.92 
4 686 690 691 687  0.217 0.92 0.92 
4 690 689 692 691  0.217 0.92 0.92 
4 689 685 688 692  0.217 0.92 0.92 
4 676 687 693 677  0.217 0.92 0.92 
4 687 691 694 693  0.217 0.92 0.92 
4 688 695 696 692  0.217 0.92 0.92 
4 675 681 695 688  0.217 0.92 0.92 
4 681 697 698 695  0.217 0.92 0.92 
4 695 698 699 696  0.217 0.92 0.92 
4 698 700 701 699  0.217 0.92 0.92 
4 697 702 700 698  0.217 0.92 0.92 
4 680 703 697 681  0.217 0.92 0.92 
4 703 680 682 704  0.217 0.92 0.92 
4 703 705 702 697  0.217 0.92 0.92 
4 705 703 704 706  0.217 0.92 0.92 
4 707 708 709 710  0.217 0.92 0.92 
4 707 710 705 711  0.217 0.92 0.92 
4 710 709 712 713  0.217 0.92 0.92 
4 710 713 702 705  0.217 0.92 0.92 
4 709 714 715 712  0.217 0.92 0.92 
4 708 716 714 709  0.217 0.92 0.92 
4 711 705 706 717  0.217 0.92 0.92 
4 713 712 718 719  0.217 0.92 0.92 
4 713 719 700 702  0.217 0.92 0.92 
4 719 718 720 700  0.217 0.92 0.92 
4 712 715 721 718  0.217 0.92 0.92 
4 718 721 722 720  0.217 0.92 0.92 
4 700 720 723 701  0.217 0.92 0.92 
4 720 722 724 723  0.217 0.92 0.92 
4 715 725 726 721  0.217 0.92 0.92 
4 721 726 727 722  0.217 0.92 0.92 
4 726 728 729 730  0.217 0.92 0.92 
4 726 730 731 727  0.217 0.92 0.92 
4 730 729 732 731  0.217 0.92 0.92 
4 729 728 733 732  0.217 0.92 0.92 
4 725 734 728 726  0.217 0.92 0.92 
4 728 734 735 733  0.217 0.92 0.92 
4 722 727 731 724  0.217 0.92 0.92 
4 732 733 736 737  0.217 0.92 0.92 
4 733 735 738 736  0.217 0.92 0.92 
4 716 739 740 714  0.217 0.92 0.92 
4 714 740 725 715  0.217 0.92 0.92 
4 740 741 734 725  0.217 0.92 0.92 
4 734 741 742 735  0.217 0.92 0.92 
4 739 743 741 740  0.217 0.92 0.92 
4 741 743 744 742  0.217 0.92 0.92 
4 735 742 745 738  0.217 0.92 0.92 
4 742 744 746 745  0.217 0.92 0.92 
4 341 342 747 748  0.217 0.92 0.92 
4 341 748 749 347  0.217 0.92 0.92 
4 748 747 750 751  0.217 0.92 0.92 
4 748 751 752 749  0.217 0.92 0.92 
4 747 753 754 750  0.217 0.92 0.92 
4 342 345 753 747  0.217 0.92 0.92 
4 751 750 755 756  0.217 0.92 0.92 
4 751 756 757 752  0.217 0.92 0.92 
4 756 755 758 759  0.217 0.92 0.92 
4 756 759 707 757  0.217 0.92 0.92 
4 759 758 708 707  0.217 0.92 0.92 
4 758 755 760 708  0.217 0.92 0.92 
4 750 754 761 755  0.217 0.92 0.92 
4 755 761 762 760  0.217 0.92 0.92 
4 754 763 764 761  0.217 0.92 0.92 
4 761 764 765 762  0.217 0.92 0.92 
4 764 766 767 768  0.217 0.92 0.92 
4 764 768 739 765  0.217 0.92 0.92 
4 768 767 743 739  0.217 0.92 0.92 
4 767 766 769 743  0.217 0.92 0.92 
4 763 770 766 764  0.217 0.92 0.92 
4 766 770 771 769  0.217 0.92 0.92 
4 349 352 772 773  0.217 0.92 0.92 
4 349 773 774 350  0.217 0.92 0.92 
4 773 772 775 774  0.217 0.92 0.92 
4 772 352 354 775  0.217 0.92 0.92 
4 345 350 774 753  0.217 0.92 0.92 
4 753 774 763 754  0.217 0.92 0.92 
4 774 775 770 763  0.217 0.92 0.92 
4 770 775 776 771  0.217 0.92 0.92 
4 775 354 357 776  0.217 0.92 0.92 
4 347 749 777 376  0.217 0.92 0.92 
4 749 752 778 777  0.217 0.92 0.92 
4 376 777 779 378  0.217 0.92 0.92 
4 777 778 780 779  0.217 0.92 0.92 
4 752 757 781 778  0.217 0.92 0.92 
4 757 707 711 781  0.217 0.92 0.92 
4 760 762 716 708  0.217 0.92 0.92 
4 778 781 782 780  0.217 0.92 0.92 
4 781 711 717 782  0.217 0.92 0.92 
4 762 765 739 716  0.217 0.92 0.92 
4 743 769 783 744  0.217 0.92 0.92 
4 769 771 784 783  0.217 0.92 0.92 
4 744 783 785 746  0.217 0.92 0.92 
4 783 784 786 785  0.217 0.92 0.92 
4 771 776 787 784  0.217 0.92 0.92 
4 776 357 380 787  0.217 0.92 0.92 
4 784 787 788 786  0.217 0.92 0.92 
4 787 380 383 788  0.217 0.92 0.92 
4 789 790 679 678  0.217 0.92 0.92 
4 789 678 791 792  0.217 0.92 0.92 
4 790 789 792 793  0.217 0.92 0.92 
4 678 677 794 791  0.217 0.92 0.92 
4 790 795 682 679  0.217 0.92 0.92 
4 795 790 793 796  0.217 0.92 0.92 
4 792 791 797 798  0.217 0.92 0.92 
4 793 792 798 799  0.217 0.92 0.92 
4 791 794 800 797  0.217 0.92 0.92 
4 796 793 799 801  0.217 0.92 0.92 
4 677 693 802 794  0.217 0.92 0.92 
4 693 694 803 802  0.217 0.92 0.92 
4 794 802 804 800  0.217 0.92 0.92 
4 802 803 805 804  0.217 0.92 0.92 
4 795 806 704 682  0.217 0.92 0.92 
4 806 795 796 807  0.217 0.92 0.92 
4 806 717 706 704  0.217 0.92 0.92 
4 717 806 807 808  0.217 0.92 0.92 
4 807 796 801 809  0.217 0.92 0.92 
4 808 807 809 810  0.217 0.92 0.92 
4 798 797 811 812  0.217 0.92 0.92 
4 799 798 812 813  0.217 0.92 0.92 
4 797 800 814 811  0.217 0.92 0.92 
4 801 799 813 815  0.217 0.92 0.92 
4 812 811 816 817  0.217 0.92 0.92 
4 813 812 817 818  0.217 0.92 0.92 
4 811 814 819 816  0.217 0.92 0.92 
4 815 813 818 820  0.217 0.92 0.92 
4 800 804 821 814  0.217 0.92 0.92 
4 804 805 822 821  0.217 0.92 0.92 
4 814 821 823 819  0.217 0.92 0.92 
4 821 822 824 823  0.217 0.92 0.92 
4 737 736 825 826  0.217 0.92 0.92 
4 736 738 827 825  0.217 0.92 0.92 
4 826 825 828 829  0.217 0.92 0.92 
4 825 827 830 828  0.217 0.92 0.92 
4 738 745 831 827  0.217 0.92 0.92 
4 745 746 832 831  0.217 0.92 0.92 
4 827 831 833 830  0.217 0.92 0.92 
4 831 832 834 833  0.217 0.92 0.92 
4 835 836 837 838  0.217 0.92 0.92 
4 837 839 840 838  0.217 0.92 0.92 
4 839 837 841 842  0.217 0.92 0.92 
4 837 843 844 841  0.217 0.92 0.92 
4 840 839 842 845  0.217 0.92 0.92 
4 842 846 847 845  0.217 0.92 0.92 
4 848 849 850 851  0.217 0.92 0.92 
4 849 848 852 853  0.217 0.92 0.92 
4 848 851 854 852  0.217 0.92 0.92 
4 851 855 847 854  0.217 0.92 0.92 
4 846 852 854 847  0.217 0.92 0.92 
4 855 851 856 857  0.217 0.92 0.92 
4 851 850 858 856  0.217 0.92 0.92 
4 829 828 859 860  0.217 0.92 0.92 
4 828 830 861 859  0.217 0.92 0.92 
4 857 856 859 861  0.217 0.92 0.92 
4 856 858 862 863  0.217 0.92 0.92 
4 858 860 864 862  0.217 0.92 0.92 
4 860 859 865 864  0.217 0.92 0.92 
4 859 856 863 865  0.217 0.92 0.92 
4 863 862 864 865  0.217 0.92 0.92 
4 866 835 838 867  0.217 0.92 0.92 
4 838 840 868 867  0.217 0.92 0.92 
4 830 833 869 861  0.217 0.92 0.92 
4 833 834 870 869  0.217 0.92 0.92 
4 834 866 867 870  0.217 0.92 0.92 
4 867 868 869 870  0.217 0.92 0.92 
4 855 857 871 847  0.217 0.92 0.92 
4 868 840 845 872  0.217 0.92 0.92 
4 845 847 871 872  0.217 0.92 0.92 
4 857 861 873 871  0.217 0.92 0.92 
4 861 869 874 873  0.217 0.92 0.92 
4 869 868 872 874  0.217 0.92 0.92 
4 872 871 873 874  0.217 0.92 0.92 
4 378 779 875 447  0.217 0.92 0.92 
4 447 875 876 448  0.217 0.92 0.92 
4 779 780 877 875  0.217 0.92 0.92 
4 876 878 879 880  0.217 0.92 0.92 
4 448 876 880 449  0.217 0.92 0.92 
4 875 877 881 882  0.217 0.92 0.92 
4 878 876 883 884  0.217 0.92 0.92 
4 876 875 882 883  0.217 0.92 0.92 
4 882 881 884 883  0.217 0.92 0.92 
4 780 782 885 877  0.217 0.92 0.92 
4 782 717 808 885  0.217 0.92 0.92 
4 877 885 886 881  0.217 0.92 0.92 
4 881 886 887 884  0.217 0.92 0.92 
4 885 808 810 886  0.217 0.92 0.92 
4 887 836 835 888  0.217 0.92 0.92 
4 879 878 884 889  0.217 0.92 0.92 
4 884 887 888 889  0.217 0.92 0.92 
4 746 785 890 832  0.217 0.92 0.92 
4 785 786 891 890  0.217 0.92 0.92 
4 892 879 889 893  0.217 0.92 0.92 
4 889 888 894 893  0.217 0.92 0.92 
4 888 835 866 894  0.217 0.92 0.92 
4 832 890 895 834  0.217 0.92 0.92 
4 894 866 834 895  0.217 0.92 0.92 
4 890 891 896 895  0.217 0.92 0.92 
4 891 892 893 896  0.217 0.92 0.92 
4 893 894 895 896  0.217 0.92 0.92 
4 449 880 897 454  0.217 0.92 0.92 
4 880 879 892 897  0.217 0.92 0.92 
4 786 788 898 891  0.217 0.92 0.92 
4 897 892 891 898  0.217 0.92 0.92 
4 788 383 456 898  0.217 0.92 0.92 
4 454 897 898 456  0.217 0.92 0.92 
4 886 810 843 899  0.217 0.92 0.92 
4 836 887 900 837  0.217 0.92 0.92 
4 887 886 899 900  0.217 0.92 0.92 
4 899 843 837 900  0.217 0.92 0.92 
4 817 816 901 902  0.217 0.92 0.92 
4 818 817 902 903  0.217 0.92 0.92 
4 816 819 904 901  0.217 0.92 0.92 
4 820 818 903 905  0.217 0.92 0.92 
4 902 901 906 907  0.217 0.92 0.92 
4 903 902 907 908  0.217 0.92 0.92 
4 901 904 909 906  0.217 0.92 0.92 
4 905 903 908 910  0.217 0.92 0.92 
4 819 823 911 904  0.217 0.92 0.92 
4 823 824 912 911  0.217 0.92 0.92 
4 904 911 913 909  0.217 0.92 0.92 
4 911 912 914 913  0.217 0.92 0.92 
4 907 906 915 916  0.217 0.92 0.92 
4 908 907 916 917  0.217 0.92 0.92 
4 906 909 918 915  0.217 0.92 0.92 
4 910 908 917 919  0.217 0.92 0.92 
4 916 915 920 921  0.217 0.92 0.92 
4 917 916 921 922  0.217 0.92 0.92 
4 915 918 923 920  0.217 0.92 0.92 
4 919 917 922 924  0.217 0.92 0.92 
4 909 913 925 918  0.217 0.92 0.92 
4 913 914 926 925  0.217 0.92 0.92 
4 918 925 927 923  0.217 0.92 0.92 
4 925 926 928 927  0.217 0.92 0.92 
4 842 841 929 930  0.217 0.92 0.92 
4 841 844 931 929  0.217 0.92 0.92 
4 846 842 930 932  0.217 0.92 0.92 
4 930 929 933 934  0.217 0.92 0.92 
4 929 931 935 933  0.217 0.92 0.92 
4 932 930 934 936  0.217 0.92 0.92 
4 852 846 932 937  0.217 0.92 0.92 
4 853 852 937 938  0.217 0.92 0.92 
4 937 932 936 939  0.217 0.92 0.92 
4 938 937 939 940  0.217 0.92 0.92 
4 934 933 941 942  0.217 0.92 0.92 
4 933 935 943 941  0.217 0.92 0.92 
4 936 934 942 944  0.217 0.92 0.92 
4 942 941 945 946  0.217 0.92 0.92 
4 941 943 947 945  0.217 0.92 0.92 
4 944 942 946 948  0.217 0.92 0.92 
4 939 936 944 949  0.217 0.92 0.92 
4 940 939 949 950  0.217 0.92 0.92 
4 949 944 948 951  0.217 0.92 0.92 
4 950 949 951 952  0.217 0.92 0.92 
4 921 920 953 954  0.217 0.92 0.92 
4 922 921 954 955  0.217 0.92 0.92 
4 920 923 956 953  0.217 0.92 0.92 
4 924 922 955 957  0.217 0.92 0.92 
4 954 953 958 959  0.217 0.92 0.92 
4 955 954 959 960  0.217 0.92 0.92 
4 953 956 961 958  0.217 0.92 0.92 
4 957 955 960 962  0.217 0.92 0.92 
4 923 927 963 956  0.217 0.92 0.92 
4 927 928 964 963  0.217 0.92 0.92 
4 956 963 965 961  0.217 0.92 0.92 
4 963 964 966 965  0.217 0.92 0.92 
4 959 958 967 968  0.217 0.92 0.92 
4 960 959 968 969  0.217 0.92 0.92 
4 958 961 970 967  0.217 0.92 0.92 
4 962 960 969 971  0.217 0.92 0.92 
4 968 967 972 973  0.217 0.92 0.92 
4 969 968 973 974  0.217 0.92 0.92 
4 967 970 975 972  0.217 0.92 0.92 
4 971 969 974 976  0.217 0.92 0.92 
4 961 965 977 970  0.217 0.92 0.92 
4 965 966 978 977  0.217 0.92 0.92 
4 970 977 979 975  0.217 0.92 0.92 
4 977 978 980 979  0.217 0.92 0.92 
4 946 945 981 982  0.217 0.92 0.92 
4 945 947 983 981  0.217 0.92 0.92 
4 948 946 982 984  0.217 0.92 0.92 
4 982 981 985 986  0.217 0.92 0.92 
4 981 983 987 985  0.217 0.92 0.92 
4 984 982 986 988  0.217 0.92 0.92 
4 951 948 984 989  0.217 0.92 0.92 
4 952 951 989 990  0.217 0.92 0.92 
4 989 984 988 991  0.217 0.92 0.92 
4 990 989 991 992  0.217 0.92 0.92 
4 986 985 993 994  0.217 0.92 0.92 
4 985 987 995 993  0.217 0.92 0.92 
4 988 986 994 996  0.217 0.92 0.92 
4 994 993 997 998  0.217 0.92 0.92 
4 993 995 999 997  0.217 0.92 0.92 
4 996 994 998 1000  0.217 0.92 0.92 
4 991 988 996 1001  0.217 0.92 0.92 
4 992 991 1001 1002  0.217 0.92 0.92 
4 1001 996 1000 1003  0.217 0.92 0.92 
4 1002 1001 1003 1004  0.217 0.92 0.92 
4 973 972 1005 1006  0.217 0.92 0.92 
4 974 973 1006 1007  0.217 0.92 0.92 
4 972 975 1008 1005  0.217 0.92 0.92 
4 976 974 1007 1009  0.217 0.92 0.92 
4 1006 1005 1010 1011  0.217 0.92 0.92 
4 1007 1006 1011 1012  0.217 0.92 0.92 
4 1005 1008 1013 1010  0.217 0.92 0.92 
4 1009 1007 1012 1014  0.217 0.92 0.92 
4 975 979 1015 1008  0.217 0.92 0.92 
4 979 980 1016 1015  0.217 0.92 0.92 
4 1008 1015 1017 1013  0.217 0.92 0.92 
4 1015 1016 1018 1017  0.217 0.92 0.92 
4 1011 1010 1019 1020  0.217 0.92 0.92 
4 1012 1011 1020 1021  0.217 0.92 0.92 
4 1010 1013 1022 1019  0.217 0.92 0.92 
4 1014 1012 1021 1023  0.217 0.92 0.92 
4 1020 1019 1024 1025  0.217 0.92 0.92 
4 1021 1020 1025 1026  0.217 0.92 0.92 
4 1019 1022 1027 1024  0.217 0.92 0.92 
4 1023 1021 1026 1028  0.217 0.92 0.92 
4 1013 1017 1029 1022  0.217 0.92 0.92 
4 1017 1018 1030 1029  0.217 0.92 0.92 
4 1022 1029 1031 1027  0.217 0.92 0.92 
4 1029 1030 1032 1031  0.217 0.92 0.92 
4 1033 1014 1023 1034  0.217 0.92 0.92 
4 1035 1033 1034 1036  0.217 0.92 0.92 
4 1034 1023 1028 1037  0.217 0.92 0.92 
4 1036 1034 1037 1038  0.217 0.92 0.92 
4 998 997 1039 1040  0.217 0.92 0.92 
4 997 999 1041 1039  0.217 0.92 0.92 
4 1000 998 1040 1042  0.217 0.92 0.92 
4 1039 1041 1035 1043  0.217 0.92 0.92 
4 1040 1044 1045 1042  0.217 0.92 0.92 
4 1039 1046 1044 1040  0.217 0.92 0.92 
4 1046 1039 1043 1047  0.217 0.92 0.92 
4 1003 1000 1042 1048  0.217 0.92 0.92 
4 1003 1049 1050 1004  0.217 0.92 0.92 
4 1004 1050 1051 1052  0.217 0.92 0.92 
4 1049 1003 1048 1053  0.217 0.92 0.92 
4 1042 1045 1053 1048  0.217 0.92 0.92 
4 1049 1054 1055 1050  0.217 0.92 0.92 
4 1050 1055 1056 1051  0.217 0.92 0.92 
4 1054 1049 1053 1057  0.217 0.92 0.92 
4 1054 1058 1059 1055  0.217 0.92 0.92 
4 1055 1059 1060 1056  0.217 0.92 0.92 
4 1059 1058 1061 1060  0.217 0.92 0.92 
4 1058 1054 1057 1061  0.217 0.92 0.92 
4 1045 1062 1057 1053  0.217 0.92 0.92 
4 1060 1061 1063 1064  0.217 0.92 0.92 
4 1062 1065 1061 1057  0.217 0.92 0.92 
4 1061 1065 1066 1063  0.217 0.92 0.92 
4 1067 1068 1069 1070  0.217 0.92 0.92 
4 1067 1070 1062 1071  0.217 0.92 0.92 
4 1070 1069 1065 1062  0.217 0.92 0.92 
4 1069 1068 1072 1065  0.217 0.92 0.92 
4 1068 1067 1071 1072  0.217 0.92 0.92 
4 1046 1073 1071 1044  0.217 0.92 0.92 
4 1073 1046 1047 1074  0.217 0.92 0.92 
4 1044 1071 1062 1045  0.217 0.92 0.92 
4 1065 1072 1075 1066  0.217 0.92 0.92 
4 1073 1076 1072 1071  0.217 0.92 0.92 
4 1072 1076 1077 1075  0.217 0.92 0.92 
4 1076 1073 1074 1077  0.217 0.92 0.92 
4 1064 1063 1078 1079  0.217 0.92 0.92 
4 1063 1066 1080 1078  0.217 0.92 0.92 
4 1079 1078 1081 1082  0.217 0.92 0.92 
4 1078 1080 1083 1081  0.217 0.92 0.92 
4 1066 1075 1084 1080  0.217 0.92 0.92 
4 1075 1077 1085 1084  0.217 0.92 0.92 
4 1080 1084 1086 1083  0.217 0.92 0.92 
4 1084 1085 1087 1086  0.217 0.92 0.92 
4 466 465 1088 1089  0.217 0.92 0.92 
4 466 1089 1090 467  0.217 0.92 0.92 
4 1089 1088 1091 1092  0.217 0.92 0.92 
4 1089 1092 1093 1090  0.217 0.92 0.92 
4 1088 1094 1095 1091  0.217 0.92 0.92 
4 465 469 1094 1088  0.217 0.92 0.92 
4 1096 1097 1098 1099  0.217 0.92 0.92 
4 1096 1099 1100 1092  0.217 0.92 0.92 
4 1097 1096 1092 1091  0.217 0.92 0.92 
4 1099 1098 1043 1035  0.217 0.92 0.92 
4 1099 1035 1036 1100  0.217 0.92 0.92 
4 1098 1101 1047 1043  0.217 0.92 0.92 
4 1097 1102 1101 1098  0.217 0.92 0.92 
4 1102 1097 1091 1095  0.217 0.92 0.92 
4 1092 1100 1103 1093  0.217 0.92 0.92 
4 1100 1036 1038 1103  0.217 0.92 0.92 
4 1102 1104 1105 1101  0.217 0.92 0.92 
4 1104 1102 1095 1106  0.217 0.92 0.92 
4 1101 1105 1074 1047  0.217 0.92 0.92 
4 1105 1107 1077 1074  0.217 0.92 0.92 
4 1077 1107 1108 1085  0.217 0.92 0.92 
4 1104 1109 1107 1105  0.217 0.92 0.92 
4 1107 1109 1110 1108  0.217 0.92 0.92 
4 1085 1108 1111 1087  0.217 0.92 0.92 
4 1108 1110 1112 1111  0.217 0.92 0.92 
4 1113 1114 1109 1104  0.217 0.92 0.92 
4 1113 1104 1106 1115  0.217 0.92 0.92 
4 1109 1114 1116 1110  0.217 0.92 0.92 
4 1114 1113 1115 1116  0.217 0.92 0.92 
4 469 475 1115 1094  0.217 0.92 0.92 
4 1094 1115 1106 1095  0.217 0.92 0.92 
4 1110 1116 1117 1112  0.217 0.92 0.92 
4 475 477 1116 1115  0.217 0.92 0.92 
4 1116 477 479 1117  0.217 0.92 0.92 
4 1025 1024 1118 1119  0.217 0.92 0.92 
4 1026 1025 1119 1120  0.217 0.92 0.92 
4 1119 1118 1121 1120  0.217 0.92 0.92 
4 1024 1027 1122 1118  0.217 0.92 0.92 
4 1121 1123 1124 1125  0.217 0.92 0.92 
4 1028 1026 1120 1126  0.217 0.92 0.92 
4 1120 1121 1125 1126  0.217 0.92 0.92 
4 1118 1122 1127 1128  0.217 0.92 0.92 
4 1123 1121 1129 1130  0.217 0.92 0.92 
4 1121 1118 1128 1129  0.217 0.92 0.92 
4 1128 1127 1130 1129  0.217 0.92 0.92 
4 1027 1031 1131 1122  0.217 0.92 0.92 
4 1031 1032 1132 1131  0.217 0.92 0.92 
4 1133 1134 1135 1136  0.217 0.92 0.92 
4 1123 1133 1136 1124  0.217 0.92 0.92 
4 1122 1131 1137 1127  0.217 0.92 0.92 
4 1133 1123 1130 1138  0.217 0.92 0.92 
4 1127 1137 1138 1130  0.217 0.92 0.92 
4 1131 1132 1139 1137  0.217 0.92 0.92 
4 1132 1134 1140 1139  0.217 0.92 0.92 
4 1134 1133 1138 1140  0.217 0.92 0.92 
4 1137 1139 1140 1138  0.217 0.92 0.92 
4 1124 1136 1141 1142  0.217 0.92 0.92 
4 1136 1135 1143 1141  0.217 0.92 0.92 
4 1141 1143 1144 1145  0.217 0.92 0.92 
4 1142 1141 1145 1146  0.217 0.92 0.92 
4 1037 1028 1126 1147  0.217 0.92 0.92 
4 1126 1125 1148 1147  0.217 0.92 0.92 
4 1125 1124 1142 1148  0.217 0.92 0.92 
4 1148 1142 1146 1149  0.217 0.92 0.92 
4 1038 1037 1147 1150  0.217 0.92 0.92 
4 1147 1148 1149 1150  0.217 0.92 0.92 
4 1150 1149 1151 1152  0.217 0.92 0.92 
4 1152 1151 1153 1154  0.217 0.92 0.92 
4 1149 1146 1155 1151  0.217 0.92 0.92 
4 1151 1155 1156 1153  0.217 0.92 0.92 
4 1153 1156 1157 1158  0.217 0.92 0.92 
4 1154 1153 1158 1159  0.217 0.92 0.92 
4 1145 1144 1160 1161  0.217 0.92 0.92 
4 1161 1160 1162 1163  0.217 0.92 0.92 
4 1146 1145 1164 1155  0.217 0.92 0.92 
4 1145 1161 1165 1164  0.217 0.92 0.92 
4 1155 1164 1165 1156  0.217 0.92 0.92 
4 1161 1163 1166 1165  0.217 0.92 0.92 
4 1156 1165 1166 1157  0.217 0.92 0.92 
4 1163 1162 1167 1168  0.217 0.92 0.92 
4 1082 1081 1169 1170  0.217 0.92 0.92 
4 1168 1167 1170 1169  0.217 0.92 0.92 
4 1081 1083 1171 1169  0.217 0.92 0.92 
4 1163 1168 1172 1166  0.217 0.92 0.92 
4 1157 1166 1172 1173  0.217 0.92 0.92 
4 1168 1169 1174 1172  0.217 0.92 0.92 
4 1169 1171 1175 1174  0.217 0.92 0.92 
4 1173 1172 1174 1175  0.217 0.92 0.92 
4 1083 1086 1176 1171  0.217 0.92 0.92 
4 1086 1087 1177 1176  0.217 0.92 0.92 
4 1159 1158 1178 1179  0.217 0.92 0.92 
4 1158 1157 1173 1178  0.217 0.92 0.92 
4 1171 1176 1180 1175  0.217 0.92 0.92 
4 1178 1173 1175 1180  0.217 0.92 0.92 
4 1176 1177 1181 1180  0.217 0.92 0.92 
4 1179 1178 1180 1181  0.217 0.92 0.92 
4 467 1090 1182 499  0.217 0.92 0.92 
4 1090 1093 1183 1182  0.217 0.92 0.92 
4 499 1182 1184 501  0.217 0.92 0.92 
4 1182 1183 1185 1184  0.217 0.92 0.92 
4 1093 1103 1186 1183  0.217 0.92 0.92 
4 1103 1038 1150 1186  0.217 0.92 0.92 
4 1183 1186 1187 1185  0.217 0.92 0.92 
4 1186 1150 1152 1187  0.217 0.92 0.92 
4 1188 1154 1159 1189  0.217 0.92 0.92 
4 1087 1111 1190 1177  0.217 0.92 0.92 
4 1111 1112 1191 1190  0.217 0.92 0.92 
4 1189 1159 1179 1192  0.217 0.92 0.92 
4 1177 1190 1193 1181  0.217 0.92 0.92 
4 1192 1179 1181 1193  0.217 0.92 0.92 
4 1190 1191 1194 1193  0.217 0.92 0.92 
4 1112 1117 1195 1191  0.217 0.92 0.92 
4 1117 479 503 1195  0.217 0.92 0.92 
4 1191 1195 1196 1194  0.217 0.92 0.92 
4 1195 503 506 1196  0.217 0.92 0.92 
4 501 1184 1197 521  0.217 0.92 0.92 
4 1184 1185 1198 1197  0.217 0.92 0.92 
4 1197 1198 1199 1200  0.217 0.92 0.92 
4 1200 1199 1201 1202  0.217 0.92 0.92 
4 527 1200 1202 528  0.217 0.92 0.92 
4 521 1197 1203 525  0.217 0.92 0.92 
4 1197 1200 1204 1203  0.217 0.92 0.92 
4 1200 527 526 1204  0.217 0.92 0.92 
4 525 1203 1204 526  0.217 0.92 0.92 
4 1185 1187 1205 1198  0.217 0.92 0.92 
4 1198 1205 1206 1199  0.217 0.92 0.92 
4 1187 1152 1207 1205  0.217 0.92 0.92 
4 1152 1154 1208 1207  0.217 0.92 0.92 
4 1154 1188 1206 1208  0.217 0.92 0.92 
4 1205 1207 1208 1206  0.217 0.92 0.92 
4 1188 1189 1209 1206  0.217 0.92 0.92 
4 1199 1206 1209 1201  0.217 0.92 0.92 
4 1189 1192 1210 1209  0.217 0.92 0.92 
4 1201 1209 1210 1211  0.217 0.92 0.92 
4 1192 1193 1212 1210  0.217 0.92 0.92 
4 1193 1194 1213 1212  0.217 0.92 0.92 
4 1211 1210 1212 1213  0.217 0.92 0.92 
4 528 1202 1214 537  0.217 0.92 0.92 
4 1202 1201 1211 1214  0.217 0.92 0.92 
4 1194 1196 1215 1213  0.217 0.92 0.92 
4 1214 1211 1213 1215  0.217 0.92 0.92 
4 1196 506 533 1215  0.217 0.92 0.92 
4 537 1214 1215 533  0.217 0.92 0.92 
4 691 692 1216 1217  0.217 0.92 0.92 
4 691 1217 1218 694  0.217 0.92 0.92 
4 1217 1216 1219 1218  0.217 0.92 0.92 
4 692 696 1220 1216  0.217 0.92 0.92 
4 1216 1220 1221 1219  0.217 0.92 0.92 
4 696 699 1222 1220  0.217 0.92 0.92 
4 1220 1222 1223 1221  0.217 0.92 0.92 
4 699 701 1224 1222  0.217 0.92 0.92 
4 1222 1224 1225 1223  0.217 0.92 0.92 
4 701 723 1226 1224  0.217 0.92 0.92 
4 1224 1226 1227 1225  0.217 0.92 0.92 
4 723 724 1228 1226  0.217 0.92 0.92 
4 1226 1228 1229 1227  0.217 0.92 0.92 
4 724 731 1230 1228  0.217 0.92 0.92 
4 1228 1230 1231 1229  0.217 0.92 0.92 
4 731 732 1232 1230  0.217 0.92 0.92 
4 1230 1232 1233 1231  0.217 0.92 0.92 
4 1232 732 737 1233  0.217 0.92 0.92 
4 694 1218 1234 803  0.217 0.92 0.92 
4 1218 1219 1235 1234  0.217 0.92 0.92 
4 1219 1221 1236 1235  0.217 0.92 0.92 
4 803 1234 1237 805  0.217 0.92 0.92 
4 1234 1235 1238 1237  0.217 0.92 0.92 
4 1235 1236 1239 1238  0.217 0.92 0.92 
4 1221 1223 1240 1236  0.217 0.92 0.92 
4 1223 1225 1241 1240  0.217 0.92 0.92 
4 1236 1240 1242 1239  0.217 0.92 0.92 
4 1240 1241 1243 1242  0.217 0.92 0.92 
4 805 1237 1244 822  0.217 0.92 0.92 
4 1237 1238 1245 1244  0.217 0.92 0.92 
4 1238 1239 1246 1245  0.217 0.92 0.92 
4 822 1244 1247 824  0.217 0.92 0.92 
4 1244 1245 1248 1247  0.217 0.92 0.92 
4 1245 1246 1249 1248  0.217 0.92 0.92 
4 1239 1242 1250 1246  0.217 0.92 0.92 
4 1242 1243 1251 1250  0.217 0.92 0.92 
4 1246 1250 1252 1249  0.217 0.92 0.92 
4 1250 1251 1253 1252  0.217 0.92 0.92 
4 1225 1227 1254 1241  0.217 0.92 0.92 
4 1227 1229 1255 1254  0.217 0.92 0.92 
4 1241 1254 1256 1243  0.217 0.92 0.92 
4 1254 1255 1257 1256  0.217 0.92 0.92 
4 1229 1231 1258 1255  0.217 0.92 0.92 
4 1231 1233 1259 1258  0.217 0.92 0.92 
4 1233 737 826 1259  0.217 0.92 0.92 
4 1255 1258 1260 1257  0.217 0.92 0.92 
4 1258 1259 1261 1260  0.217 0.92 0.92 
4 1259 826 829 1261  0.217 0.92 0.92 
4 1243 1256 1262 1251  0.217 0.92 0.92 
4 1256 1257 1263 1262  0.217 0.92 0.92 
4 849 1262 1263 850  0.217 0.92 0.92 
4 1251 1262 1264 1253  0.217 0.92 0.92 
4 1262 849 853 1264  0.217 0.92 0.92 
4 1257 1260 1265 1263  0.217 0.92 0.92 
4 850 1263 1265 858  0.217 0.92 0.92 
4 1260 1261 1266 1265  0.217 0.92 0.92 
4 1261 829 860 1266  0.217 0.92 0.92 
4 858 1265 1266 860  0.217 0.92 0.92 
4 824 1247 1267 912  0.217 0.92 0.92 
4 1247 1248 1268 1269  0.217 0.92 0.92 
4 1247 1269 1270 1267  0.217 0.92 0.92 
4 1268 1248 1271 1272  0.217 0.92 0.92 
4 1248 1249 1273 1271  0.217 0.92 0.92 
4 912 1267 1274 914  0.217 0.92 0.92 
4 1267 1270 1275 1274  0.217 0.92 0.92 
4 1270 1272 1276 1275  0.217 0.92 0.92 
4 1271 1273 1277 1272  0.217 0.92 0.92 
4 1272 1277 1278 1276  0.217 0.92 0.92 
4 1269 1268 1279 1280  0.217 0.92 0.92 
4 1269 1280 1281 1270  0.217 0.92 0.92 
4 1280 1279 1282 1281  0.217 0.92 0.92 
4 1270 1281 1282 1272  0.217 0.92 0.92 
4 1268 1283 1284 1279  0.217 0.92 0.92 
4 1279 1284 1285 1282  0.217 0.92 0.92 
4 1283 1268 1272 1277  0.217 0.92 0.92 
4 1272 1282 1285 1277  0.217 0.92 0.92 
4 1283 1286 1287 1284  0.217 0.92 0.92 
4 1284 1287 1288 1285  0.217 0.92 0.92 
4 1286 1283 1277 1289  0.217 0.92 0.92 
4 1277 1285 1288 1289  0.217 0.92 0.92 
4 1286 1290 1291 1287  0.217 0.92 0.92 
4 1287 1291 1292 1288  0.217 0.92 0.92 
4 1291 1290 1293 1292  0.217 0.92 0.92 
4 1290 1286 1289 1293  0.217 0.92 0.92 
4 1289 1288 1292 1293  0.217 0.92 0.92 
4 1249 1252 1294 1273  0.217 0.92 0.92 
4 1252 1253 1295 1294  0.217 0.92 0.92 
4 1273 1294 1289 1277  0.217 0.92 0.92 
4 1277 1289 1296 1278  0.217 0.92 0.92 
4 1294 1295 1293 1289  0.217 0.92 0.92 
4 1289 1293 1297 1296  0.217 0.92 0.92 
4 914 1274 1298 926  0.217 0.92 0.92 
4 1274 1275 1299 1298  0.217 0.92 0.92 
4 1275 1276 1300 1299  0.217 0.92 0.92 
4 1276 1278 1301 1300  0.217 0.92 0.92 
4 926 1298 1302 928  0.217 0.92 0.92 
4 1298 1299 1303 1302  0.217 0.92 0.92 
4 1299 1300 1304 1303  0.217 0.92 0.92 
4 1300 1301 1305 1304  0.217 0.92 0.92 
4 1278 1296 1306 1301  0.217 0.92 0.92 
4 1296 1297 1307 1306  0.217 0.92 0.92 
4 1301 1306 1308 1305  0.217 0.92 0.92 
4 1306 1307 1309 1308  0.217 0.92 0.92 
4 1310 1311 1312 1313  0.217 0.92 0.92 
4 1310 1313 1314 1315  0.217 0.92 0.92 
4 1311 1310 1315 1316  0.217 0.92 0.92 
4 1315 1314 1317 1316  0.217 0.92 0.92 
4 1313 1312 1318 1319  0.217 0.92 0.92 
4 1313 1319 1320 1314  0.217 0.92 0.92 
4 1319 1318 1321 1320  0.217 0.92 0.92 
4 1314 1320 1321 1317  0.217 0.92 0.92 
4 1312 1322 1323 1318  0.217 0.92 0.92 
4 1318 1323 1324 1321  0.217 0.92 0.92 
4 1317 1321 1324 1325  0.217 0.92 0.92 
4 1311 1326 1322 1312  0.217 0.92 0.92 
4 1326 1311 1316 1327  0.217 0.92 0.92 
4 1316 1317 1325 1327  0.217 0.92 0.92 
4 1328 1329 1330 1331  0.217 0.92 0.92 
4 1328 1331 1332 1333  0.217 0.92 0.92 
4 1329 1328 1333 1334  0.217 0.92 0.92 
4 1333 1332 1335 1334  0.217 0.92 0.92 
4 1329 1336 1337 1330  0.217 0.92 0.92 
4 1330 1337 1338 1335  0.217 0.92 0.92 
4 1336 1329 1334 1339  0.217 0.92 0.92 
4 1334 1335 1338 1339  0.217 0.92 0.92 
4 1336 1340 1341 1337  0.217 0.92 0.92 
4 1341 1340 1342 1343  0.217 0.92 0.92 
4 1340 1336 1339 1342  0.217 0.92 0.92 
4 1339 1338 1343 1342  0.217 0.92 0.92 
4 1326 1344 1345 1322  0.217 0.92 0.92 
4 1344 1326 1327 1346  0.217 0.92 0.92 
4 1327 1325 1347 1346  0.217 0.92 0.92 
4 1322 1345 1348 1323  0.217 0.92 0.92 
4 1323 1348 1349 1324  0.217 0.92 0.92 
4 1325 1324 1349 1347  0.217 0.92 0.92 
4 1345 1350 1351 1348  0.217 0.92 0.92 
4 1348 1351 1352 1349  0.217 0.92 0.92 
4 1347 1349 1352 1353  0.217 0.92 0.92 
4 1344 1354 1350 1345  0.217 0.92 0.92 
4 1354 1344 1346 1355  0.217 0.92 0.92 
4 1346 1347 1353 1355  0.217 0.92 0.92 
4 1354 1356 1357 1350  0.217 0.92 0.92 
4 1357 1356 1358 1359  0.217 0.92 0.92 
4 1356 1354 1355 1358  0.217 0.92 0.92 
4 1355 1353 1359 1358  0.217 0.92 0.92 
4 1350 1357 1360 1351  0.217 0.92 0.92 
4 1351 1360 1361 1352  0.217 0.92 0.92 
4 1360 1357 1359 1361  0.217 0.92 0.92 
4 1353 1352 1361 1359  0.217 0.92 0.92 
4 1253 1264 1362 1295  0.217 0.92 0.92 
4 1264 853 938 1362  0.217 0.92 0.92 
4 1362 938 940 1363  0.217 0.92 0.92 
4 1295 1362 1364 1293  0.217 0.92 0.92 
4 1293 1364 1365 1297  0.217 0.92 0.92 
4 1364 1362 1363 1365  0.217 0.92 0.92 
4 1363 940 950 1366  0.217 0.92 0.92 
4 1297 1365 1367 1307  0.217 0.92 0.92 
4 1365 1363 1366 1367  0.217 0.92 0.92 
4 1366 950 952 1368  0.217 0.92 0.92 
4 1307 1367 1369 1309  0.217 0.92 0.92 
4 1367 1366 1368 1369  0.217 0.92 0.92 
4 928 1302 1370 964  0.217 0.92 0.92 
4 1302 1303 1371 1370  0.217 0.92 0.92 
4 1303 1304 1372 1371  0.217 0.92 0.92 
4 1304 1305 1373 1372  0.217 0.92 0.92 
4 964 1370 1374 966  0.217 0.92 0.92 
4 1370 1371 1375 1374  0.217 0.92 0.92 
4 1371 1372 1376 1375  0.217 0.92 0.92 
4 1372 1373 1377 1376  0.217 0.92 0.92 
4 1305 1308 1378 1373  0.217 0.92 0.92 
4 1308 1309 1379 1378  0.217 0.92 0.92 
4 1373 1378 1380 1377  0.217 0.92 0.92 
4 1378 1379 1381 1380  0.217 0.92 0.92 
4 966 1374 1382 978  0.217 0.92 0.92 
4 1374 1375 1383 1382  0.217 0.92 0.92 
4 1375 1376 1384 1383  0.217 0.92 0.92 
4 1385 1384 1386 1387  0.217 0.92 0.92 
4 978 1382 1388 980  0.217 0.92 0.92 
4 1382 1383 1389 1388  0.217 0.92 0.92 
4 1383 1384 1390 1389  0.217 0.92 0.92 
4 1384 1385 1391 1390  0.217 0.92 0.92 
4 1388 1389 1390 1391  0.217 0.92 0.92 
4 1385 1387 1392 1391  0.217 0.92 0.92 
4 1376 1377 1393 1394  0.217 0.92 0.92 
4 1376 1394 1395 1384  0.217 0.92 0.92 
4 1394 1393 1396 1395  0.217 0.92 0.92 
4 1384 1395 1396 1386  0.217 0.92 0.92 
4 1377 1380 1397 1393  0.217 0.92 0.92 
4 1393 1397 1398 1396  0.217 0.92 0.92 
4 1386 1396 1398 1399  0.217 0.92 0.92 
4 1380 1381 1400 1397  0.217 0.92 0.92 
4 1397 1400 1401 1398  0.217 0.92 0.92 
4 1400 1381 1402 1401  0.217 0.92 0.92 
4 1399 1398 1401 1402  0.217 0.92 0.92 
4 1387 1386 1399 1403  0.217 0.92 0.92 
4 1403 1399 1402 1404  0.217 0.92 0.92 
4 1387 1403 1405 1392  0.217 0.92 0.92 
4 1403 1404 1406 1405  0.217 0.92 0.92 
4 1407 1408 1409 1410  0.217 0.92 0.92 
4 1407 1410 1411 1412  0.217 0.92 0.92 
4 1408 1407 1412 1413  0.217 0.92 0.92 
4 1412 1411 1414 1413  0.217 0.92 0.92 
4 1410 1409 1415 1416  0.217 0.92 0.92 
4 1410 1416 1417 1411  0.217 0.92 0.92 
4 1416 1415 1418 1417  0.217 0.92 0.92 
4 1411 1417 1418 1414  0.217 0.92 0.92 
4 1409 1419 1420 1415  0.217 0.92 0.92 
4 1415 1420 1421 1418  0.217 0.92 0.92 
4 1414 1418 1421 1422  0.217 0.92 0.92 
4 1408 1423 1419 1409  0.217 0.92 0.92 
4 1423 1408 1413 1424  0.217 0.92 0.92 
4 1413 1414 1422 1424  0.217 0.92 0.92 
4 1423 1425 1426 1419  0.217 0.92 0.92 
4 1425 1423 1424 1427  0.217 0.92 0.92 
4 1424 1422 1428 1427  0.217 0.92 0.92 
4 1419 1426 1429 1420  0.217 0.92 0.92 
4 1420 1429 1430 1421  0.217 0.92 0.92 
4 1422 1421 1430 1428  0.217 0.92 0.92 
4 1426 1431 1432 1429  0.217 0.92 0.92 
4 1429 1432 1433 1430  0.217 0.92 0.92 
4 1428 1430 1433 1434  0.217 0.92 0.92 
4 1425 1435 1431 1426  0.217 0.92 0.92 
4 1435 1425 1427 1436  0.217 0.92 0.92 
4 1427 1428 1434 1436  0.217 0.92 0.92 
4 1435 1437 1438 1431  0.217 0.92 0.92 
4 1438 1437 1439 1440  0.217 0.92 0.92 
4 1437 1435 1436 1439  0.217 0.92 0.92 
4 1436 1434 1440 1439  0.217 0.92 0.92 
4 1431 1438 1441 1432  0.217 0.92 0.92 
4 1432 1441 1442 1433  0.217 0.92 0.92 
4 1441 1438 1440 1442  0.217 0.92 0.92 
4 1434 1433 1442 1440  0.217 0.92 0.92 
4 1443 1444 1445 1446  0.217 0.92 0.92 
4 1443 1446 1447 1448  0.217 0.92 0.92 
4 1446 1445 1449 1447  0.217 0.92 0.92 
4 1445 1444 1450 1449  0.217 0.92 0.92 
4 1444 1443 1448 1450  0.217 0.92 0.92 
4 1448 1447 1449 1450  0.217 0.92 0.92 
4 1368 952 990 1451  0.217 0.92 0.92 
4 1309 1369 1452 1379  0.217 0.92 0.92 
4 1369 1368 1451 1452  0.217 0.92 0.92 
4 1451 990 992 1453  0.217 0.92 0.92 
4 1379 1452 1454 1381  0.217 0.92 0.92 
4 1452 1451 1453 1454  0.217 0.92 0.92 
4 1453 992 1002 1455  0.217 0.92 0.92 
4 1381 1454 1456 1402  0.217 0.92 0.92 
4 1454 1453 1455 1456  0.217 0.92 0.92 
4 1404 1402 1456 1455  0.217 0.92 0.92 
4 1404 1455 1457 1406  0.217 0.92 0.92 
4 1455 1002 1004 1457  0.217 0.92 0.92 
4 980 1388 1458 1016  0.217 0.92 0.92 
4 1388 1391 1459 1458  0.217 0.92 0.92 
4 1391 1392 1460 1459  0.217 0.92 0.92 
4 1016 1458 1461 1018  0.217 0.92 0.92 
4 1458 1459 1462 1461  0.217 0.92 0.92 
4 1459 1460 1463 1462  0.217 0.92 0.92 
4 1392 1405 1464 1460  0.217 0.92 0.92 
4 1405 1406 1465 1464  0.217 0.92 0.92 
4 1460 1464 1466 1463  0.217 0.92 0.92 
4 1464 1465 1467 1466  0.217 0.92 0.92 
4 1018 1461 1468 1030  0.217 0.92 0.92 
4 1461 1462 1469 1468  0.217 0.92 0.92 
4 1462 1463 1470 1469  0.217 0.92 0.92 
4 1030 1468 1471 1032  0.217 0.92 0.92 
4 1468 1469 1472 1471  0.217 0.92 0.92 
4 1469 1470 1473 1472  0.217 0.92 0.92 
4 1463 1466 1474 1470  0.217 0.92 0.92 
4 1466 1467 1475 1474  0.217 0.92 0.92 
4 1470 1474 1476 1473  0.217 0.92 0.92 
4 1474 1475 1477 1476  0.217 0.92 0.92 
4 1406 1457 1478 1465  0.217 0.92 0.92 
4 1457 1004 1052 1478  0.217 0.92 0.92 
4 1465 1478 1479 1467  0.217 0.92 0.92 
4 1052 1051 1480 1478  0.217 0.92 0.92 
4 1478 1480 1481 1479  0.217 0.92 0.92 
4 1051 1056 1482 1480  0.217 0.92 0.92 
4 1480 1482 1483 1481  0.217 0.92 0.92 
4 1056 1060 1484 1482  0.217 0.92 0.92 
4 1482 1484 1485 1483  0.217 0.92 0.92 
4 1484 1060 1064 1485  0.217 0.92 0.92 
4 1467 1479 1486 1475  0.217 0.92 0.92 
4 1479 1481 1487 1486  0.217 0.92 0.92 
4 1475 1486 1488 1477  0.217 0.92 0.92 
4 1486 1487 1489 1488  0.217 0.92 0.92 
4 1481 1483 1490 1487  0.217 0.92 0.92 
4 1483 1485 1491 1490  0.217 0.92 0.92 
4 1485 1064 1079 1491  0.217 0.92 0.92 
4 1487 1490 1492 1489  0.217 0.92 0.92 
4 1490 1491 1493 1492  0.217 0.92 0.92 
4 1491 1079 1082 1493  0.217 0.92 0.92 
4 1032 1471 1494 1132  0.217 0.92 0.92 
4 1471 1472 1495 1494  0.217 0.92 0.92 
4 1132 1494 1495 1134  0.217 0.92 0.92 
4 1472 1473 1496 1495  0.217 0.92 0.92 
4 1134 1495 1496 1135  0.217 0.92 0.92 
4 1473 1476 1497 1496  0.217 0.92 0.92 
4 1135 1496 1497 1143  0.217 0.92 0.92 
4 1476 1477 1498 1497  0.217 0.92 0.92 
4 1143 1497 1498 1144  0.217 0.92 0.92 
4 1477 1488 1499 1498  0.217 0.92 0.92 
4 1144 1498 1499 1160  0.217 0.92 0.92 
4 1488 1489 1500 1499  0.217 0.92 0.92 
4 1160 1499 1500 1162  0.217 0.92 0.92 
4 1489 1492 1501 1500  0.217 0.92 0.92 
4 1162 1500 1501 1167  0.217 0.92 0.92 
4 1492 1493 1502 1501  0.217 0.92 0.92 
4 1493 1082 1170 1502  0.217 0.92 0.92 
4 1167 1501 1502 1170  0.217 0.92 0.92 
4 1503 1504 1505 1506  0.217 0.92 0.92 
4 1503 1506 1507 1331  0.217 0.92 0.92 
4 1506 1505 1508 1507  0.217 0.92 0.92 
4 1505 1504 1330 1508  0.217 0.92 0.92 
4 1504 1503 1331 1330  0.217 0.92 0.92 
4 1331 1507 1509 1332  0.217 0.92 0.92 
4 1507 1508 1510 1509  0.217 0.92 0.92 
4 1508 1330 1335 1510  0.217 0.92 0.92 
4 1511 1512 1513 1514  0.217 0.92 0.92 
4 1511 1514 1515 1516  0.217 0.92 0.92 
4 1514 1513 1517 1515  0.217 0.92 0.92 
4 1513 1512 1518 1517  0.217 0.92 0.92 
4 1512 1511 1516 1518  0.217 0.92 0.92 
4 1515 1517 1519 1520  0.217 0.92 0.92 
4 1515 1520 1521 1522  0.217 0.92 0.92 
4 1520 1519 1523 1521  0.217 0.92 0.92 
4 1519 1517 1524 1523  0.217 0.92 0.92 
4 1516 1515 1522 1525  0.217 0.92 0.92 
4 1517 1518 1526 1524  0.217 0.92 0.92 
4 1518 1516 1525 1526  0.217 0.92 0.92 
4 1527 1528 1529 1530  0.217 0.92 0.92 
4 1527 1530 1531 1532  0.217 0.92 0.92 
4 1530 1529 1533 1531  0.217 0.92 0.92 
4 1529 1528 1534 1533  0.217 0.92 0.92 
4 1528 1527 1532 1534  0.217 0.92 0.92 
4 1532 1531 1535 1536  0.217 0.92 0.92 
4 1531 1533 1537 1535  0.217 0.92 0.92 
4 1533 1534 1538 1537  0.217 0.92 0.92 
4 1534 1532 1536 1538  0.217 0.92 0.92 
4 1539 1540 1541 1542  0.217 0.92 0.92 
4 1539 1542 1543 1337  0.217 0.92 0.92 
4 1542 1541 1544 1543  0.217 0.92 0.92 
4 1541 1540 1341 1544  0.217 0.92 0.92 
4 1540 1539 1337 1341  0.217 0.92 0.92 
4 1337 1543 1545 1338  0.217 0.92 0.92 
4 1543 1544 1546 1545  0.217 0.92 0.92 
4 1544 1341 1343 1546  0.217 0.92 0.92 
4 1547 1332 1509 1548  0.217 0.92 0.92 
4 1547 1548 1549 1550  0.217 0.92 0.92 
4 1548 1509 1551 1549  0.217 0.92 0.92 
4 1332 1547 1550 1552  0.217 0.92 0.92 
4 1550 1549 1551 1552  0.217 0.92 0.92 
4 1509 1510 1553 1551  0.217 0.92 0.92 
4 1510 1335 1554 1553  0.217 0.92 0.92 
4 1335 1332 1552 1554  0.217 0.92 0.92 
4 1552 1551 1553 1554  0.217 0.92 0.92 
4 1522 1521 1555 1556  0.217 0.92 0.92 
4 1521 1523 1557 1555  0.217 0.92 0.92 
4 1523 1524 1558 1557  0.217 0.92 0.92 
4 1525 1522 1556 1559  0.217 0.92 0.92 
4 1524 1526 1560 1558  0.217 0.92 0.92 
4 1526 1525 1559 1560  0.217 0.92 0.92 
4 1561 1559 1556 1562  0.217 0.92 0.92 
4 1561 1562 1563 1564  0.217 0.92 0.92 
4 1562 1556 1565 1563  0.217 0.92 0.92 
4 1559 1561 1564 1566  0.217 0.92 0.92 
4 1556 1555 1567 1565  0.217 0.92 0.92 
4 1555 1557 1568 1567  0.217 0.92 0.92 
4 1558 1560 1569 1570  0.217 0.92 0.92 
4 1560 1559 1566 1569  0.217 0.92 0.92 
4 1536 1535 1571 1572  0.217 0.92 0.92 
4 1535 1537 1573 1571  0.217 0.92 0.92 
4 1537 1538 1574 1573  0.217 0.92 0.92 
4 1538 1536 1572 1574  0.217 0.92 0.92 
4 1558 1571 1575 1557  0.217 0.92 0.92 
4 1557 1575 1576 1568  0.217 0.92 0.92 
4 1575 1571 1577 1576  0.217 0.92 0.92 
4 1571 1558 1570 1577  0.217 0.92 0.92 
4 1572 1571 1577 1578  0.217 0.92 0.92 
4 1571 1573 1579 1577  0.217 0.92 0.92 
4 1573 1574 1580 1579  0.217 0.92 0.92 
4 1574 1572 1578 1580  0.217 0.92 0.92 
4 1338 1545 1581 1582  0.217 0.92 0.92 
4 1545 1546 1583 1581  0.217 0.92 0.92 
4 1343 1338 1582 1584  0.217 0.92 0.92 
4 1582 1581 1583 1584  0.217 0.92 0.92 
4 1529 1585 1586 1587  0.217 0.92 0.92 
4 1529 1587 1588 1533  0.217 0.92 0.92 
4 1587 1586 1589 1588  0.217 0.92 0.92 
4 1586 1585 1590 1589  0.217 0.92 0.92 
4 1585 1529 1533 1590  0.217 0.92 0.92 
4 1533 1588 1589 1590  0.217 0.92 0.92 
4 1343 1591 1592 1546  0.217 0.92 0.92 
4 1546 1592 1593 1583  0.217 0.92 0.92 
4 1592 1591 1594 1593  0.217 0.92 0.92 
4 1591 1343 1584 1594  0.217 0.92 0.92 
4 1584 1583 1593 1594  0.217 0.92 0.92 
4 1583 1593 1595 1574  0.217 0.92 0.92 
4 1583 1574 1580 1596  0.217 0.92 0.92 
4 1574 1595 1597 1580  0.217 0.92 0.92 
4 1595 1593 1598 1597  0.217 0.92 0.92 
4 1593 1583 1596 1598  0.217 0.92 0.92 
4 1599 1600 1601 1602  0.217 0.92 0.92 
4 1599 1602 1603 1604  0.217 0.92 0.92 
4 1601 1600 1605 1606  0.217 0.92 0.92 
4 1600 1599 1604 1605  0.217 0.92 0.92 
4 1602 1601 1566 1564  0.217 0.92 0.92 
4 1602 1564 1607 1603  0.217 0.92 0.92 
4 1566 1601 1606 1608  0.217 0.92 0.92 
4 1603 1607 1608 1606  0.217 0.92 0.92 
4 1604 1603 1609 1610  0.217 0.92 0.92 
4 1603 1606 1611 1609  0.217 0.92 0.92 
4 1605 1604 1610 1612  0.217 0.92 0.92 
4 1610 1609 1611 1612  0.217 0.92 0.92 
4 1605 1613 1614 1606  0.217 0.92 0.92 
4 1606 1614 1615 1611  0.217 0.92 0.92 
4 1613 1605 1612 1616  0.217 0.92 0.92 
4 1612 1611 1615 1616  0.217 0.92 0.92 
4 1564 1563 1617 1607  0.217 0.92 0.92 
4 1563 1565 1618 1617  0.217 0.92 0.92 
4 1607 1617 1618 1608  0.217 0.92 0.92 
4 1565 1567 1619 1618  0.217 0.92 0.92 
4 1567 1568 1620 1619  0.217 0.92 0.92 
4 1618 1619 1620 1621  0.217 0.92 0.92 
4 1570 1569 1622 1621  0.217 0.92 0.92 
4 1569 1566 1608 1622  0.217 0.92 0.92 
4 1608 1618 1623 1624  0.217 0.92 0.92 
4 1618 1621 1625 1623  0.217 0.92 0.92 
4 1621 1622 1626 1625  0.217 0.92 0.92 
4 1622 1608 1624 1626  0.217 0.92 0.92 
4 1624 1623 1625 1626  0.217 0.92 0.92 
4 1568 1576 1627 1620  0.217 0.92 0.92 
4 1577 1570 1621 1628  0.217 0.92 0.92 
4 1621 1620 1627 1628  0.217 0.92 0.92 
4 1577 1579 1629 1576  0.217 0.92 0.92 
4 1576 1629 1630 1627  0.217 0.92 0.92 
4 1629 1579 1631 1630  0.217 0.92 0.92 
4 1628 1627 1630 1631  0.217 0.92 0.92 
4 1578 1577 1628 1632  0.217 0.92 0.92 
4 1580 1578 1632 1633  0.217 0.92 0.92 
4 1632 1628 1634 1635  0.217 0.92 0.92 
4 1628 1631 1636 1634  0.217 0.92 0.92 
4 1631 1633 1637 1636  0.217 0.92 0.92 
4 1633 1632 1635 1637  0.217 0.92 0.92 
4 1635 1634 1636 1637  0.217 0.92 0.92 
4 1613 1638 1639 1614  0.217 0.92 0.92 
4 1614 1639 1640 1615  0.217 0.92 0.92 
4 1638 1613 1616 1641  0.217 0.92 0.92 
4 1616 1615 1640 1641  0.217 0.92 0.92 
4 1638 1642 1643 1639  0.217 0.92 0.92 
4 1639 1643 1644 1640  0.217 0.92 0.92 
4 1642 1638 1641 1446  0.217 0.92 0.92 
4 1641 1640 1644 1446  0.217 0.92 0.92 
4 1611 1615 1626 1624  0.217 0.92 0.92 
4 1611 1624 1645 1646  0.217 0.92 0.92 
4 1624 1626 1647 1645  0.217 0.92 0.92 
4 1626 1615 1648 1647  0.217 0.92 0.92 
4 1615 1611 1646 1648  0.217 0.92 0.92 
4 1646 1645 1647 1648  0.217 0.92 0.92 
4 1625 1634 1649 1650  0.217 0.92 0.92 
4 1625 1650 1651 1652  0.217 0.92 0.92 
4 1650 1649 1653 1651  0.217 0.92 0.92 
4 1649 1634 1654 1653  0.217 0.92 0.92 
4 1634 1625 1652 1654  0.217 0.92 0.92 
4 1652 1651 1655 1656  0.217 0.92 0.92 
4 1651 1653 1657 1655  0.217 0.92 0.92 
4 1653 1654 1658 1657  0.217 0.92 0.92 
4 1654 1652 1656 1658  0.217 0.92 0.92 
4 1656 1655 1657 1658  0.217 0.92 0.92 
4 1659 1660 1661 1662  0.217 0.92 0.92 
4 1659 1662 1663 1664  0.217 0.92 0.92 
4 1662 1661 1665 1663  0.217 0.92 0.92 
4 1661 1660 1666 1665  0.217 0.92 0.92 
4 1660 1659 1664 1666  0.217 0.92 0.92 
4 1664 1663 1665 1666  0.217 0.92 0.92 
4 1596 1580 1633 1643  0.217 0.92 0.92 
4 1597 1598 1667 1668  0.217 0.92 0.92 
4 1598 1596 1643 1667  0.217 0.92 0.92 
4 1643 1633 1668 1667  0.217 0.92 0.92 
4 1642 1669 1667 1643  0.217 0.92 0.92 
4 1643 1667 1670 1644  0.217 0.92 0.92 
4 1667 1669 1445 1670  0.217 0.92 0.92 
4 1669 1642 1446 1445  0.217 0.92 0.92 
4 1446 1644 1670 1445  0.217 0.92 0.92 
4 1580 1597 1671 1579  0.217 0.92 0.92 
4 1579 1671 1672 1631  0.217 0.92 0.92 
4 1671 1597 1668 1672  0.217 0.92 0.92 
4 1633 1631 1672 1668  0.217 0.92 0.92 
4 1673 1674 815 820  0.217 0.92 0.92 
4 801 815 1674 809  0.217 0.92 0.92 
4 1674 1673 844 843  0.217 0.92 0.92 
4 809 1674 843 810  0.217 0.92 0.92 
4 905 910 1675 1676  0.217 0.92 0.92 
4 820 905 1676 1673  0.217 0.92 0.92 
4 935 931 1676 1675  0.217 0.92 0.92 
4 931 844 1673 1676  0.217 0.92 0.92 
4 919 924 1677 1678  0.217 0.92 0.92 
4 910 919 1678 1675  0.217 0.92 0.92 
4 947 943 1678 1677  0.217 0.92 0.92 
4 943 935 1675 1678  0.217 0.92 0.92 
4 957 962 1679 1680  0.217 0.92 0.92 
4 924 957 1680 1677  0.217 0.92 0.92 
4 987 983 1680 1679  0.217 0.92 0.92 
4 983 947 1677 1680  0.217 0.92 0.92 
4 971 976 1681 1682  0.217 0.92 0.92 
4 962 971 1682 1679  0.217 0.92 0.92 
4 999 995 1682 1681  0.217 0.92 0.92 
4 995 987 1679 1682  0.217 0.92 0.92 
4 1681 976 1009 1683  0.217 0.92 0.92 
4 1041 999 1681 1683  0.217 0.92 0.92 
4 1033 1683 1009 1014  0.217 0.92 0.92 
4 1041 1683 1033 1035  0.217 0.92 0.92 
