OFF
709 738 0

0 -27.5928 -6.51661
0 -27.5928 -6.51661
0 -28.28 -3.11475
0 -28.28 -3.11475
-8.88178e-16 -24.24 -3.11475
0 -24.7059 -7.24733
0 -24.24 -3.11475
0.237475 -24.4735 -7.20123
0 -25.5783 -8.68602
0 -25.5783 -8.68602
0 -23.7286 -10.5351
0.000270912 -23.7286 -10.5351
0 -29.4634 -4.50215
4.04 -29.4634 -4.50215
4.04 -31.4778 -2.33273
0 -31.4778 -2.33273
4.04 -27.5928 -6.51661
8 -29.4634 -4.50215
8 -31.4778 -2.33273
8 -27.5928 -6.51661
8 -28.28 -3.11475
4.04 -25.5783 -8.68602
4.03945 -23.7391 -10.5264
4.04 -24.2166 -7.1501
4.04 -23.2599 -4.0251
8 -24.24 -7.15475
8 -24.24 -3.11475
8 -25.5783 -8.68602
8 -23.7375 -10.5243
0 -22.6734 -11.1297
7.86e-05 -22.6734 -11.1297
0 -20.2 -11.1948
0 -20.5459 -11.4943
0 -20.2 -11.1948
0.000168005 -20.5459 -11.4943
0 -17.2542 -10.0327
0 -18.9575 -11.1538
0.000136992 -18.9575 -11.1538
0.00118133 -17.2542 -10.0327
0.5 -18.4763 -9.12062
0 -18.1489 -9.49682
0 -16.16 -7.15475
0 -16.16 -7.15475
4.03984 -20.1728 -11.4583
4.04 -18.4763 -9.12062
4.03989 -15.8404 -7.20731
8 -20.2 -11.1948
8 -18.4782 -9.12206
8 -16.16 -7.15475
8 -17.2983 -10.0722
4.03709 -22.5709 -11.1689
4.03651 -20.4792 -11.4856
8 -22.5105 -11.1902
8 -20.4794 -11.4819
4.04014 -18.9574 -11.1539
4.03837 -17.2954 -10.0751
8 -18.9574 -11.154
0 -15.8099 -6.95066
0 -16.2509 -8.6076
0 -15.8099 -6.95066
0 -16.2509 -8.6076
4.05059 -16.2995 -8.70649
4.03845 -15.8116 -6.95056
4.04 -15.785 -3.11475
0 -16.16 -3.11475
0 -15.785 -3.11475
4.04 -15.785 -3.11475
8 -16.16 -3.11475
8 -15.8112 -6.93
8 -15.785 -3.11475
8 -16.3469 -8.8029
0 15.8099 -6.95066
0 15.8099 -6.95066
0 15.785 -3.11475
0 15.785 -3.11475
0 16.16 -3.11475
0 16.16 -7.15475
0 16.16 -3.11475
0 16.16 -7.15475
-0 16.2509 -8.6076
-0 16.2509 -8.6076
0 17.2542 -10.0327
0.00118133 17.2542 -10.0327
4.05059 16.2995 -8.70649
4.0386 15.8097 -6.93009
4.03837 17.2954 -10.0751
4.04 15.785 -3.11475
4.04 15.785 -3.11475
4.03989 15.8404 -7.20731
8 15.8112 -6.93
8 15.785 -3.11475
8 16.16 -7.15475
8 16.16 -3.11475
8 16.3469 -8.8029
8 17.2983 -10.0722
-0 18.9575 -11.1538
0.000136992 18.9575 -11.1538
0 20.2 -11.1948
-0 20.5459 -11.4943
0.000168005 20.5459 -11.4943
0 23.7286 -10.5351
-0 22.6734 -11.1297
0 20.2 -11.1948
0.000270912 23.7286 -10.5351
7.86e-05 22.6734 -11.1297
0 18.1489 -9.49682
0.5 18.4763 -9.12062
4.04015 18.4764 -9.12047
4.03984 20.1728 -11.4583
8 18.4782 -9.12206
8 20.2 -11.1948
4.04014 18.9574 -11.1539
4.03651 20.4792 -11.4856
8 18.9574 -11.154
8 20.4794 -11.4819
4.03945 23.7391 -10.5264
4.03709 22.5709 -11.1689
8 23.7375 -10.5243
8 22.5105 -11.1902
0 24.7059 -7.24733
0.237514 24.4735 -7.20115
0 24.24 -3.11475
0 24.24 -3.11475
0 28.28 -3.11475
0 27.5928 -6.51661
0 28.28 -3.11475
0 25.5783 -8.68602
0 25.5783 -8.68602
0 27.5928 -6.51661
0 31.4778 -2.33273
0 29.4634 -4.50215
0 29.4634 -4.50215
0 31.4778 -2.33273
4.04 24.2166 -7.15008
4.04 25.5783 -8.68602
4.04 27.5928 -6.51661
4.04 23.2599 -4.0251
8 24.24 -7.15475
8 24.24 -3.11475
8 27.5928 -6.51661
8 28.28 -3.11475
8 25.5783 -8.68602
4.04 29.4634 -4.50215
4.04 31.4778 -2.33273
8 29.4634 -4.50215
8 31.4778 -2.33273
0 -32.4622 0.387463
0 -32.4622 0.387463
0 -32.2234 1.2044
0 -32.2234 1.2044
0 -30.611 2.92774
0 -32.32 0.92525
0.00548186 -30.611 2.92775
0 -32.32 0.92525
0 -32.2699 -1.2055
4.03704 -32.2199 -1.31369
4.0401 -32.4665 0.342898
3.9808 -32.2684 1.09587
4.04 -30.5996 2.94787
8 -32.4666 0.342912
8 -32.3139 0.9863
8 -30.5996 2.94787
8 -32.32 0.92525
8 -32.2037 -1.34287
0 -28.28 4.96525
0 -28.28 0.92525
0 -28.28 4.96525
0 -28.28 0.92525
4.04023 -28.3843 5.06126
4.03996 -26.33 7.62592
0 -26.33 7.62596
0 -24.24 9.00525
0 -24.24 4.96525
4.05078 -24.3058 11.0609
0 -24.2263 11.2214
0 -23.5474 12.7859
4.0418 -23.5552 12.7699
8 -26.3462 7.61321
8 -24.3144 11.0652
8 -23.5642 12.7735
8 -24.24 9.00525
8 -28.28 4.96525
8 -24.24 4.96525
8 -28.28 0.92525
0 -24.24 0.92525
8 -24.24 0.92525
0 -24.24 0.92525
0 -20.2 0.92525
0 -20.0918 -2.56852
0 -20.2 0.92525
0.27842 -20.1457 -2.84082
0 -16.16 0.92525
0 -16.16 -3.11475
0 -16.16 0.92525
0 -24.24 9.00525
0 -23.5474 12.7859
0 -20.2 13.0452
0 -20.2 9.00525
0 -24.24 4.96525
0 -20.2 4.96525
0 -20.2 4.96525
0 -16.16 13.0452
0 -16.16 9.00525
0 -20.2 13.0452
0 -16.16 13.0452
0 -16.16 4.96525
0 -16.16 4.96525
8 -20.2 9.00525
8 -20.2 13.0452
8 -20.2 4.96525
8 -16.16 9.00525
8 -16.16 13.0452
8 -16.16 4.96525
4.04 -20.1887 -3.05786
8 -20.2 0.92525
8 -20.1887 -3.05794
8 -16.16 0.92525
0 -15.785 0.92525
0 -15.785 -3.11475
0 -15.785 0.92525
0 -13.857 13.5107
0 -14.867 9.74133
0 -13.857 13.5107
0 -14.867 9.74133
0 -15.785 4.96525
0 -15.785 4.96525
4.04 -14.867 9.74133
4.04 -15.785 4.96525
4.04 -13.857 13.5107
8 -14.867 9.74133
8 -13.857 13.5107
8 -15.785 4.96525
4.04 -15.785 0.92525
8 -15.785 0.92525
0 15.785 0.92525
0 15.785 0.92525
0 15.785 4.96525
0 15.785 4.96525
0 16.16 4.96525
0 16.16 0.92525
0 16.16 0.92525
0 14.867 9.74133
0 14.867 9.74133
0 13.857 13.5107
0 13.857 13.5107
0 16.16 13.0452
0 16.16 9.00525
4.04 15.785 4.96525
4.04 14.867 9.74133
4.04 13.857 13.5107
8 14.867 9.74133
8 13.857 13.5107
8 16.16 9.00525
8 16.16 13.0452
8 15.785 4.96525
8 16.16 4.96525
4.04 15.785 0.92525
8 15.785 0.92525
8 16.16 0.92525
0 20.2 4.96525
0 20.2 0.92525
0 20.2 4.96525
0 20.2 0.92525
0 20.0918 -2.56852
0.278338 20.1455 -2.84094
0 24.24 0.92525
0 24.24 0.92525
0 20.2 13.0452
0 20.2 9.00525
0 23.5474 12.7859
0 24.24 9.00525
-8.88178e-16 24.24 4.96525
0 24.24 4.96525
8 20.2 9.00525
8 20.2 13.0452
8 20.2 4.96525
8 24.24 9.00525
8 23.5642 12.7735
8 24.24 4.96525
4.04 20.1887 -3.05772
8 20.2 0.92525
8 20.1887 -3.05794
8 24.24 0.92525
-8.88178e-16 28.28 4.96525
0 28.28 0.92525
0 28.28 0.92525
0 28.28 4.96525
0 32.32 0.92525
0 32.32 0.92525
0 24.2263 11.2214
0 26.33 7.62596
0 23.5474 12.7859
0 24.2263 11.2214
0.00492714 26.33 7.62597
4.03996 26.3462 7.61325
4.04023 28.3843 5.06126
4.0418 23.5552 12.7699
4.05078 24.3058 11.0609
8 24.3144 11.0652
8 26.3462 7.61321
8 28.28 4.96525
8 28.28 0.92525
0 30.611 2.92774
4.04438 30.5954 2.94291
8 30.5996 2.94787
8 32.32 0.92525
0 30.611 2.92774
-0 32.2234 1.2044
0 32.4622 0.387463
-0 32.2234 1.2044
9.74461e-05 32.4622 0.387463
-0 32.2699 -1.2055
-0 32.2699 -1.2055
4.03704 32.2199 -1.31369
4.03865 32.4667 0.355005
3.9808 32.2684 1.09587
8 32.3139 0.9863
8 32.4666 0.342912
8 32.2037 -1.34287
0 -22.3523 16.5794
0 -22.3523 16.5794
0 -20.2 17.0852
0 -20.2 17.0852
0 -21.3423 20.3488
0 -21.3423 20.3488
0 -20.3322 24.1182
0 -20.3322 24.1182
-4.04037 -19.3833 25.3774
-4.04273 -18.1486 22.8968
0 -20.0616 25.1282
0 -20.2 21.1253
-8 -18.0946 22.8288
-8 -19.3794 25.3556
-8 -16.16 25.1653
-8 -16.0528 21.4049
-4.04017 -16.0467 21.3994
-4.04135 -18.638 23.5542
-4.04061 -19.0454 28.6852
-8 -19.0247 28.7359
-8 -16.16 29.2052
-0.000609285 -19.0437 28.6844
0 -18.6035 23.5053
4.04 -21.3423 20.3488
4.04 -20.3322 24.1182
4.04 -20.0616 25.1282
8 -21.3423 20.3488
8 -20.3322 24.1182
8 -20.0616 25.1282
8 -20.2 21.1253
0 -16.16 21.1253
4.03939 -19.0419 28.6836
8 -19.0402 28.6828
8 -16.16 25.1653
8 -16.16 29.2052
8 -16.16 21.1253
4.04 -22.3523 16.5794
8 -22.3523 16.5794
8 -20.2 17.0852
0 -16.16 17.0852
8 -16.16 17.0852
0 -16.16 17.0852
-4.04 -12.12 21
-4.04 -12.12 21
0 -12.847 17.28
-8 -12.12 21
-8 -12.12 21.1253
-8 -8.08 21.1253
-8 -8.08 21
-4.04 -8.08 21
0 -12.12 21
0 -8.08 21
0 -8.08 21
-8 -12.12 25.1653
-8 -12.12 29.2052
-8 -8.08 25.1653
-8 -8.08 29.2052
2 -9.42134 23.4504
2 -8.08 25.1653
4.04 -9.42134 23.4504
4.04 -11.2501 20.5725
8 -12.12 25.1653
8 -12.12 29.2052
8 -12.12 21.1253
0 -12.12 32
4.0369 -10.7833 30.9551
4.04086 -8.99786 28.769
2 -8.08 29.2052
4.04003 -8.635 25.2936
8 -8.6433 25.2734
8 -8.99056 28.7581
2 -8.08 21.1253
8 -10.088 22.4012
4.04 -12.847 17.28
8 -12.847 17.28
-8 -4.04 21.1253
-8 -4.04 21
-4.04 -4.04 21
0 -4.04 21
-8 0 21.1253
-8 0 21
-4.04 0 21
0 0 21
-8 -4.04 25.1653
-8 -4.04 29.2052
2 -4.04 25.1653
2 -4.04 29.2052
-8 0 25.1653
-8 0 29.2052
2 0 25.1653
2 0 29.2052
2 -4.04 25.1653
2 -4.04 21.1253
2 0 25.1653
2 0 21.1253
2 -8.08 21
2 -4.04 21
2 0 21
-8 4.04 21.1253
-8 4.04 21
-4.04 4.04 21
0 4.04 21
-8 8.08 21.1253
-8 8.08 21
-4.04 8.08 21
0 8.08 21
-4.04 8.08 21
0 8.08 21
-8 4.04 25.1653
-8 4.04 29.2052
2 4.04 25.1653
2 4.04 29.2052
-8 8.08 25.1653
-8 8.08 29.2052
2 8.08 25.1653
2 8.08 29.2052
2 4.04 25.1653
2 4.04 21.1253
4.04003 8.635 25.2936
2 8.08 21.1253
2 4.04 21
2 8.08 21
-8 12.12 21.1253
-8 12.12 21
-4.04 12.12 21
-4.04 12.12 21
-8 16.0528 21.4049
-8 15.1433 21.1202
0 16.16 17.0852
-4.04017 16.0467 21.3994
0 12.847 17.28
0 12.12 21
0 16.16 21.1253
0 16.16 17.0852
-8 12.12 25.1653
-8 12.12 29.2052
2 9.42134 23.4504
-8 16.16 25.1653
-8 16.16 29.2052
4.04086 8.99786 28.769
4.0369 10.7833 30.9551
0 12.12 32
4.04 9.42134 23.4504
8 8.6433 25.2734
8 8.99056 28.7581
8 12.12 25.1653
8 12.12 29.2052
8 10.088 22.4012
4.04 11.2501 20.5725
8 12.12 21.1253
8 16.16 25.1653
8 16.16 29.2052
8 16.16 21.1253
4.04 12.847 17.28
8 12.847 17.28
8 16.16 17.0852
0 20.2 17.0852
0 20.2 17.0852
0 22.3523 16.5794
0 22.3523 16.5794
-8 19.3794 25.3556
-8 18.0946 22.8288
-4.04273 18.1486 22.8968
-4.04037 19.3833 25.3774
-8 19.0247 28.7359
-4.04061 19.0454 28.6852
-0.000609285 19.0437 28.6844
0 20.0616 25.1282
0 20.2 21.1253
0 20.3322 24.1182
0 21.3423 20.3488
0 20.3322 24.1182
0 21.3423 20.3488
4.03939 19.0419 28.6836
4.04 20.0616 25.1282
8 20.0616 25.1282
8 19.0402 28.6828
8 20.2 21.1253
4.04 20.3322 24.1182
4.04 21.3423 20.3488
8 20.3322 24.1182
8 21.3423 20.3488
8 20.2 17.0852
4.04 22.3523 16.5794
8 22.3523 16.5794
-4.04035 -17.7178 30.5518
-8 -17.6807 30.5866
-8 -15.6999 31.7305
-4.04057 -15.7124 31.7253
-0.00101986 -17.7557 30.5164
-0.000569842 -15.712 31.7239
4.03835 -17.7913 30.483
4.03943 -15.7116 31.7225
8 -17.7901 30.4816
8 -15.7112 31.7211
-8 -12.12 32
-4.04 -12.12 32
0 -12.12 32
-8 -8.08 32
-4.04 -8.08 32
0 -8.08 32
-8 -8.28296 38.0915
-4.04271 -8.28479 38.1129
-4.04 -8.5 41.3252
-8 -8.5 41.3252
-8 -8.08 41.3252
-8 -8.05047 37.2939
-4.04 -8.05247 37.2937
-4.04 -8.5 45.3653
-8 -8.5 45.3653
-8 -8.08 45.3653
-4.04 -8.5 41.3252
-4.04 -8.5 45.3653
-0.00271658 -8.28205 38.1135
0 -8.5 41.3252
0 -8.5 41.3252
1.51702e-06 -8.05267 37.2936
2 -8.2807 38.1138
2 -8.5 41.3252
2 -8.05277 37.2936
2 -8.08 41.3252
2 -8.5 45.3653
0 -8.5 45.3653
0 -8.5 45.3653
2 -8.08 45.3653
4.04236 -12.5615 31.8047
8 -12.4977 31.7841
2 -8.08 32
8 -10.3036 30.5723
-8 -4.04 33.2452
-8 -5.78061 36.0674
-4.03999 -5.78086 36.0677
-4.03999 -3.57644 33.9917
1.36444e-05 -5.78084 36.0677
-5.21133e-06 -3.57632 33.9916
-8 -0.0124408 33.0007
-4.04 -0.0124418 33.0007
-1.2194e-06 -0.0124429 33.0006
-8 -6.65687 42.1363
-4.04002 -6.65689 42.1363
-8 -4.2098 45.5825
-4.04 -4.20979 45.5826
8.56241e-07 -4.20978 45.5826
1.70298e-05 -6.65673 42.1367
2 -5.78083 36.0677
2 -6.65672 42.1367
2 -4.20978 45.5825
2 -4.04 29.2052
2 -4.04 33.2452
2 0.0124773 33.0006
2 0 29.2052
-8 4.04 33.2452
-4.04006 -1.40572 33.1426
-8 -1.40532 33.1425
-8 5.78094 36.0679
-4.04001 5.78095 36.0679
-4.04 3.57633 33.9916
-3.24717e-06 3.57632 33.9916
-8 8.08 32
-8 8.05047 37.2939
-4.04 8.05067 37.2938
-4.04 8.08 32
7.19507e-06 5.78083 36.0677
1.60903e-06 8.05088 37.2937
0 8.08 32
-4.04 6.65668 42.1369
-8 6.65668 42.1369
-8 8.08 41.3252
-4.04 4.20977 45.5826
-8 4.20977 45.5826
-8 8.08 45.3653
7.1032e-06 6.65673 42.1367
3.25741e-07 4.20978 45.5826
0 8.5 45.3653
-4.04 8.5 45.3653
-4.04 8.5 41.3252
0 8.5 41.3252
2 5.78083 36.0677
2 6.65672 42.1367
2 8.05277 37.2936
2 8.08 41.3252
2 4.20978 45.5825
2 8.08 45.3653
2 4.04 33.2452
2 4.04 29.2052
2 8.08 32
-8 12.12 32
-4.04 12.12 32
0 12.12 32
-8 15.6999 31.7305
-4.04057 15.7124 31.7253
-0.000569842 15.712 31.7239
-8 8.5 41.3252
-8 8.28296 38.0915
-4.04271 8.28479 38.1129
-4.04 8.5 41.3252
-8 8.5 45.3653
-4.04 8.5 45.3653
0 8.5 41.3252
-0.00271658 8.28205 38.1135
2 8.2807 38.1138
2 8.5 41.3252
0 8.5 45.3653
2 8.5 45.3653
8 10.3036 30.5723
4.04236 12.5615 31.8047
8 12.4977 31.7841
4.03943 15.7116 31.7225
8 15.7112 31.7211
-8 17.6807 30.5866
-4.04035 17.7178 30.5518
-0.00101986 17.7557 30.5164
4.03835 17.7913 30.483
8 17.7901 30.4816
-5.33779 -8.5 50.1886
-7.95473 -8.5 49.3854
-7.95473 -8.08 49.3854
-5.33802 -8.08097 50.1888
-4.04 -8.5 53.4453
-6.71582 -8.5 52.095
-6.71582 -8.08 52.095
0 -8.5 49.4053
-0.315281 -8.5 52.9602
-0.318575 -8.07981 49.3467
-3.52499 -8.5 53.7224
-5.03416 -8.5 53.317
-5.03416 -8.08 53.317
-3.52499 -8.08 53.7224
-1.45573 -8.5 53.5055
-1.45573 -8.08 53.5055
-0.315281 -8.08 52.9602
1.97219 -8.5 49.2751
1.97219 -8.08 49.2751
1.13071 -8.5 51.5571
1.13071 -8.08 51.5571
-7.95473 -4.04 49.3854
-5.34023 -4.04097 50.1901
-6.71582 -4.04 52.095
-0.31625 -4.03981 49.3471
-7.95473 -0.75 49.3854
-8 0.75 46.9597
-5.08742 0.75 46.9597
-5.29111 -0.75 50.2634
-6.71582 -0.75 52.095
0 0.75 49.4053
-5.03416 -4.04 53.317
-3.52499 -4.04 53.7224
-1.45573 -4.04 53.5055
-0.315281 -4.04 52.9602
-5.03416 -0.75 53.317
-3.52499 -0.75 53.7224
-1.45573 -0.75 53.5055
-0.315281 -0.75 52.9602
1.97219 -4.04 49.2751
1.13071 -4.04 51.5571
0 0.75 46.9597
2 0.75 46.9597
1.97219 -0.75 49.2751
1.13071 -0.75 51.5571
-7.95473 4.04 49.3854
-4.80223 4.03917 49.8215
-6.71582 4.04 52.095
-0.953499 4.0404 49.1978
-7.95473 8.08 49.3854
-4.77704 8.0811 49.8569
-6.71582 8.08 52.095
0 8.5 49.4053
-5.03416 4.04 53.317
-3.52499 4.04 53.7224
-1.45573 4.04 53.5055
-0.315281 4.04 52.9602
-5.01347 8.17266 53.325
-3.52499 8.08 53.7224
-1.45573 8.08 53.5055
-0.315281 8.08 52.9602
1.97219 4.04 49.2751
1.13071 4.04 51.5571
1.97219 8.08 49.2751
1.13071 8.08 51.5571
-7.95473 8.5 49.3854
-5.15097 8.5 50.0134
-6.71582 8.5 52.095
-4.04 8.5 53.4453
0 8.5 49.4053
-0.315281 8.5 52.9602
-5.03416 8.5 53.317
-3.52499 8.5 53.7224
-1.45573 8.5 53.5055
1.97219 8.5 49.2751
1.13071 8.5 51.5571

4 0 1 2 3  0.217 0.92 0.92 
4 0 3 4 5  0.217 0.92 0.92 
4 3 2 6 4  0.217 0.92 0.92 
4 5 4 6 7  0.217 0.92 0.92 
4 8 9 1 0  0.217 0.92 0.92 
4 8 0 5 10  0.217 0.92 0.92 
4 9 8 10 11  0.217 0.92 0.92 
4 10 5 7 11  0.217 0.92 0.92 
4 12 13 14 15  0.217 0.92 0.92 
4 12 15 2 1  0.217 0.92 0.92 
4 13 12 1 16  0.217 0.92 0.92 
4 13 17 18 14  0.217 0.92 0.92 
4 18 17 19 20  0.217 0.92 0.92 
4 17 13 16 19  0.217 0.92 0.92 
4 9 21 16 1  0.217 0.92 0.92 
4 21 9 11 22  0.217 0.92 0.92 
4 11 7 23 22  0.217 0.92 0.92 
4 7 6 24 23  0.217 0.92 0.92 
4 20 19 25 26  0.217 0.92 0.92 
4 23 24 26 25  0.217 0.92 0.92 
4 21 27 19 16  0.217 0.92 0.92 
4 19 27 28 25  0.217 0.92 0.92 
4 27 21 22 28  0.217 0.92 0.92 
4 22 23 25 28  0.217 0.92 0.92 
4 29 30 11 10  0.217 0.92 0.92 
4 29 10 31 32  0.217 0.92 0.92 
4 10 11 33 31  0.217 0.92 0.92 
4 30 29 32 34  0.217 0.92 0.92 
4 32 31 35 36  0.217 0.92 0.92 
4 34 32 36 37  0.217 0.92 0.92 
4 36 35 38 37  0.217 0.92 0.92 
4 31 33 39 40  0.217 0.92 0.92 
4 31 40 41 35  0.217 0.92 0.92 
4 40 39 42 41  0.217 0.92 0.92 
4 33 43 44 39  0.217 0.92 0.92 
4 39 44 45 42  0.217 0.92 0.92 
4 43 46 47 44  0.217 0.92 0.92 
4 44 47 48 45  0.217 0.92 0.92 
4 47 46 49 48  0.217 0.92 0.92 
4 30 50 22 11  0.217 0.92 0.92 
4 11 22 43 33  0.217 0.92 0.92 
4 50 30 34 51  0.217 0.92 0.92 
4 50 52 28 22  0.217 0.92 0.92 
4 22 28 46 43  0.217 0.92 0.92 
4 28 52 53 46  0.217 0.92 0.92 
4 52 50 51 53  0.217 0.92 0.92 
4 51 34 37 54  0.217 0.92 0.92 
4 37 38 55 54  0.217 0.92 0.92 
4 46 53 56 49  0.217 0.92 0.92 
4 53 51 54 56  0.217 0.92 0.92 
4 54 55 49 56  0.217 0.92 0.92 
4 35 41 57 58  0.217 0.92 0.92 
4 41 42 59 57  0.217 0.92 0.92 
4 38 35 58 60  0.217 0.92 0.92 
4 58 57 59 60  0.217 0.92 0.92 
4 55 38 60 61  0.217 0.92 0.92 
4 60 59 62 61  0.217 0.92 0.92 
4 42 45 63 64  0.217 0.92 0.92 
4 42 64 65 59  0.217 0.92 0.92 
4 59 65 66 62  0.217 0.92 0.92 
4 45 48 67 63  0.217 0.92 0.92 
4 67 48 68 69  0.217 0.92 0.92 
4 62 66 69 68  0.217 0.92 0.92 
4 48 49 70 68  0.217 0.92 0.92 
4 49 55 61 70  0.217 0.92 0.92 
4 61 62 68 70  0.217 0.92 0.92 
4 71 72 73 74  0.217 0.92 0.92 
4 71 74 75 76  0.217 0.92 0.92 
4 74 73 77 75  0.217 0.92 0.92 
4 76 75 77 78  0.217 0.92 0.92 
4 79 80 72 71  0.217 0.92 0.92 
4 79 71 76 81  0.217 0.92 0.92 
4 80 79 81 82  0.217 0.92 0.92 
4 80 83 84 72  0.217 0.92 0.92 
4 83 80 82 85  0.217 0.92 0.92 
4 72 84 86 73  0.217 0.92 0.92 
4 78 77 87 88  0.217 0.92 0.92 
4 84 89 90 86  0.217 0.92 0.92 
4 90 89 91 92  0.217 0.92 0.92 
4 88 87 92 91  0.217 0.92 0.92 
4 83 93 89 84  0.217 0.92 0.92 
4 89 93 94 91  0.217 0.92 0.92 
4 93 83 85 94  0.217 0.92 0.92 
4 95 96 82 81  0.217 0.92 0.92 
4 95 81 97 98  0.217 0.92 0.92 
4 96 95 98 99  0.217 0.92 0.92 
4 98 97 100 101  0.217 0.92 0.92 
4 97 102 103 100  0.217 0.92 0.92 
4 99 98 101 104  0.217 0.92 0.92 
4 101 100 103 104  0.217 0.92 0.92 
4 81 76 105 97  0.217 0.92 0.92 
4 76 78 106 105  0.217 0.92 0.92 
4 97 105 106 102  0.217 0.92 0.92 
4 78 88 107 106  0.217 0.92 0.92 
4 102 106 107 108  0.217 0.92 0.92 
4 88 91 109 107  0.217 0.92 0.92 
4 91 94 110 109  0.217 0.92 0.92 
4 108 107 109 110  0.217 0.92 0.92 
4 96 111 85 82  0.217 0.92 0.92 
4 111 96 99 112  0.217 0.92 0.92 
4 111 113 94 85  0.217 0.92 0.92 
4 94 113 114 110  0.217 0.92 0.92 
4 113 111 112 114  0.217 0.92 0.92 
4 102 108 115 103  0.217 0.92 0.92 
4 112 99 104 116  0.217 0.92 0.92 
4 104 103 115 116  0.217 0.92 0.92 
4 108 110 117 115  0.217 0.92 0.92 
4 110 114 118 117  0.217 0.92 0.92 
4 114 112 116 118  0.217 0.92 0.92 
4 116 115 117 118  0.217 0.92 0.92 
4 119 120 121 122  0.217 0.92 0.92 
4 119 122 123 124  0.217 0.92 0.92 
4 122 121 125 123  0.217 0.92 0.92 
4 100 103 120 119  0.217 0.92 0.92 
4 100 119 124 126  0.217 0.92 0.92 
4 103 100 126 127  0.217 0.92 0.92 
4 126 124 128 127  0.217 0.92 0.92 
4 124 123 129 130  0.217 0.92 0.92 
4 128 124 130 131  0.217 0.92 0.92 
4 130 129 132 131  0.217 0.92 0.92 
4 103 115 133 120  0.217 0.92 0.92 
4 115 103 127 134  0.217 0.92 0.92 
4 127 128 135 134  0.217 0.92 0.92 
4 120 133 136 121  0.217 0.92 0.92 
4 133 137 138 136  0.217 0.92 0.92 
4 138 137 139 140  0.217 0.92 0.92 
4 115 117 137 133  0.217 0.92 0.92 
4 137 117 141 139  0.217 0.92 0.92 
4 117 115 134 141  0.217 0.92 0.92 
4 134 135 139 141  0.217 0.92 0.92 
4 135 128 131 142  0.217 0.92 0.92 
4 131 132 143 142  0.217 0.92 0.92 
4 140 139 144 145  0.217 0.92 0.92 
4 139 135 142 144  0.217 0.92 0.92 
4 142 143 145 144  0.217 0.92 0.92 
4 146 147 148 149  0.217 0.92 0.92 
4 146 149 150 151  0.217 0.92 0.92 
4 149 148 152 150  0.217 0.92 0.92 
4 147 146 151 153  0.217 0.92 0.92 
4 154 155 156 147  0.217 0.92 0.92 
4 154 147 153 15  0.217 0.92 0.92 
4 155 154 15 14  0.217 0.92 0.92 
4 147 156 157 148  0.217 0.92 0.92 
4 148 157 158 152  0.217 0.92 0.92 
4 156 159 160 157  0.217 0.92 0.92 
4 157 160 161 158  0.217 0.92 0.92 
4 160 159 162 161  0.217 0.92 0.92 
4 155 163 159 156  0.217 0.92 0.92 
4 159 163 18 162  0.217 0.92 0.92 
4 163 155 14 18  0.217 0.92 0.92 
4 151 150 164 165  0.217 0.92 0.92 
4 150 152 166 164  0.217 0.92 0.92 
4 153 151 165 167  0.217 0.92 0.92 
4 165 164 166 167  0.217 0.92 0.92 
4 166 168 169 170  0.217 0.92 0.92 
4 166 170 171 172  0.217 0.92 0.92 
4 170 169 173 174  0.217 0.92 0.92 
4 170 174 175 171  0.217 0.92 0.92 
4 174 173 176 175  0.217 0.92 0.92 
4 169 177 178 173  0.217 0.92 0.92 
4 173 178 179 176  0.217 0.92 0.92 
4 178 177 180 179  0.217 0.92 0.92 
4 168 181 177 169  0.217 0.92 0.92 
4 177 181 182 180  0.217 0.92 0.92 
4 15 153 167 2  0.217 0.92 0.92 
4 152 158 168 166  0.217 0.92 0.92 
4 158 161 181 168  0.217 0.92 0.92 
4 161 162 183 181  0.217 0.92 0.92 
4 162 18 20 183  0.217 0.92 0.92 
4 2 167 184 6  0.217 0.92 0.92 
4 167 166 172 184  0.217 0.92 0.92 
4 181 183 185 182  0.217 0.92 0.92 
4 183 20 26 185  0.217 0.92 0.92 
4 4 6 184 186  0.217 0.92 0.92 
4 4 186 187 188  0.217 0.92 0.92 
4 186 184 189 187  0.217 0.92 0.92 
4 6 4 188 190  0.217 0.92 0.92 
4 188 187 191 192  0.217 0.92 0.92 
4 187 189 193 191  0.217 0.92 0.92 
4 190 188 192 64  0.217 0.92 0.92 
4 194 171 175 195  0.217 0.92 0.92 
4 194 195 196 197  0.217 0.92 0.92 
4 198 172 171 194  0.217 0.92 0.92 
4 198 194 197 199  0.217 0.92 0.92 
4 172 198 199 200  0.217 0.92 0.92 
4 197 196 201 202  0.217 0.92 0.92 
4 196 203 204 201  0.217 0.92 0.92 
4 199 197 202 205  0.217 0.92 0.92 
4 200 199 205 206  0.217 0.92 0.92 
4 179 180 207 208  0.217 0.92 0.92 
4 180 182 209 207  0.217 0.92 0.92 
4 208 207 210 211  0.217 0.92 0.92 
4 207 209 212 210  0.217 0.92 0.92 
4 24 6 190 213  0.217 0.92 0.92 
4 184 172 200 189  0.217 0.92 0.92 
4 182 185 214 209  0.217 0.92 0.92 
4 185 26 215 214  0.217 0.92 0.92 
4 26 24 213 215  0.217 0.92 0.92 
4 213 190 64 63  0.217 0.92 0.92 
4 189 200 206 193  0.217 0.92 0.92 
4 209 214 216 212  0.217 0.92 0.92 
4 214 215 67 216  0.217 0.92 0.92 
4 215 213 63 67  0.217 0.92 0.92 
4 192 191 217 218  0.217 0.92 0.92 
4 191 193 219 217  0.217 0.92 0.92 
4 64 192 218 65  0.217 0.92 0.92 
4 218 217 219 65  0.217 0.92 0.92 
4 202 201 220 221  0.217 0.92 0.92 
4 201 204 222 220  0.217 0.92 0.92 
4 221 220 222 223  0.217 0.92 0.92 
4 205 202 221 224  0.217 0.92 0.92 
4 206 205 224 225  0.217 0.92 0.92 
4 224 221 223 225  0.217 0.92 0.92 
4 225 223 226 227  0.217 0.92 0.92 
4 223 222 228 226  0.217 0.92 0.92 
4 211 210 229 230  0.217 0.92 0.92 
4 226 228 230 229  0.217 0.92 0.92 
4 210 212 231 229  0.217 0.92 0.92 
4 227 226 229 231  0.217 0.92 0.92 
4 65 219 232 66  0.217 0.92 0.92 
4 193 206 225 219  0.217 0.92 0.92 
4 219 225 227 232  0.217 0.92 0.92 
4 212 216 233 231  0.217 0.92 0.92 
4 232 227 231 233  0.217 0.92 0.92 
4 216 67 69 233  0.217 0.92 0.92 
4 66 232 233 69  0.217 0.92 0.92 
4 234 235 236 237  0.217 0.92 0.92 
4 234 237 238 239  0.217 0.92 0.92 
4 235 234 239 240  0.217 0.92 0.92 
4 241 242 243 244  0.217 0.92 0.92 
4 241 244 245 246  0.217 0.92 0.92 
4 237 236 242 241  0.217 0.92 0.92 
4 237 241 246 238  0.217 0.92 0.92 
4 236 247 248 242  0.217 0.92 0.92 
4 242 248 249 243  0.217 0.92 0.92 
4 248 250 251 249  0.217 0.92 0.92 
4 251 250 252 253  0.217 0.92 0.92 
4 247 254 250 248  0.217 0.92 0.92 
4 250 254 255 252  0.217 0.92 0.92 
4 73 86 256 235  0.217 0.92 0.92 
4 73 235 240 77  0.217 0.92 0.92 
4 235 256 247 236  0.217 0.92 0.92 
4 256 257 254 247  0.217 0.92 0.92 
4 254 257 258 255  0.217 0.92 0.92 
4 86 90 257 256  0.217 0.92 0.92 
4 257 90 92 258  0.217 0.92 0.92 
4 239 238 259 260  0.217 0.92 0.92 
4 260 259 261 262  0.217 0.92 0.92 
4 75 77 240 239  0.217 0.92 0.92 
4 75 239 260 263  0.217 0.92 0.92 
4 77 75 263 264  0.217 0.92 0.92 
4 263 260 265 122  0.217 0.92 0.92 
4 260 262 266 265  0.217 0.92 0.92 
4 264 263 122 121  0.217 0.92 0.92 
4 122 265 266 121  0.217 0.92 0.92 
4 246 245 267 268  0.217 0.92 0.92 
4 238 246 268 259  0.217 0.92 0.92 
4 268 267 269 270  0.217 0.92 0.92 
4 259 268 270 271  0.217 0.92 0.92 
4 261 259 271 272  0.217 0.92 0.92 
4 253 252 273 274  0.217 0.92 0.92 
4 252 255 275 273  0.217 0.92 0.92 
4 274 273 276 277  0.217 0.92 0.92 
4 273 275 278 276  0.217 0.92 0.92 
4 87 77 264 279  0.217 0.92 0.92 
4 255 258 280 275  0.217 0.92 0.92 
4 258 92 281 280  0.217 0.92 0.92 
4 92 87 279 281  0.217 0.92 0.92 
4 279 264 121 136  0.217 0.92 0.92 
4 262 261 272 266  0.217 0.92 0.92 
4 275 280 282 278  0.217 0.92 0.92 
4 280 281 138 282  0.217 0.92 0.92 
4 281 279 136 138  0.217 0.92 0.92 
4 265 266 272 271  0.217 0.92 0.92 
4 265 271 283 284  0.217 0.92 0.92 
4 266 265 284 285  0.217 0.92 0.92 
4 284 283 286 285  0.217 0.92 0.92 
4 123 125 285 284  0.217 0.92 0.92 
4 123 284 287 129  0.217 0.92 0.92 
4 284 285 288 287  0.217 0.92 0.92 
4 270 269 289 290  0.217 0.92 0.92 
4 269 291 292 289  0.217 0.92 0.92 
4 290 289 292 293  0.217 0.92 0.92 
4 271 270 290 283  0.217 0.92 0.92 
4 283 290 293 286  0.217 0.92 0.92 
4 286 293 294 295  0.217 0.92 0.92 
4 291 296 297 292  0.217 0.92 0.92 
4 293 292 297 294  0.217 0.92 0.92 
4 296 277 298 297  0.217 0.92 0.92 
4 277 276 299 298  0.217 0.92 0.92 
4 294 297 298 299  0.217 0.92 0.92 
4 276 278 300 299  0.217 0.92 0.92 
4 295 294 299 300  0.217 0.92 0.92 
4 121 266 285 125  0.217 0.92 0.92 
4 278 282 301 300  0.217 0.92 0.92 
4 282 138 140 301  0.217 0.92 0.92 
4 285 286 302 288  0.217 0.92 0.92 
4 286 295 303 302  0.217 0.92 0.92 
4 295 300 304 303  0.217 0.92 0.92 
4 300 301 305 304  0.217 0.92 0.92 
4 301 140 145 305  0.217 0.92 0.92 
4 287 288 302 306  0.217 0.92 0.92 
4 287 306 307 308  0.217 0.92 0.92 
4 306 302 309 307  0.217 0.92 0.92 
4 308 307 309 310  0.217 0.92 0.92 
4 129 287 308 311  0.217 0.92 0.92 
4 132 129 311 312  0.217 0.92 0.92 
4 311 308 310 312  0.217 0.92 0.92 
4 143 132 312 313  0.217 0.92 0.92 
4 312 310 314 313  0.217 0.92 0.92 
4 302 303 315 309  0.217 0.92 0.92 
4 310 309 315 314  0.217 0.92 0.92 
4 303 304 316 315  0.217 0.92 0.92 
4 304 305 317 316  0.217 0.92 0.92 
4 314 315 316 317  0.217 0.92 0.92 
4 305 145 318 317  0.217 0.92 0.92 
4 145 143 313 318  0.217 0.92 0.92 
4 313 314 317 318  0.217 0.92 0.92 
4 195 175 319 320  0.217 0.92 0.92 
4 195 320 321 196  0.217 0.92 0.92 
4 320 319 322 321  0.217 0.92 0.92 
4 196 321 322 203  0.217 0.92 0.92 
4 323 324 325 326  0.217 0.92 0.92 
4 323 326 327 328  0.217 0.92 0.92 
4 326 325 329 327  0.217 0.92 0.92 
4 324 323 328 330  0.217 0.92 0.92 
4 328 327 329 330  0.217 0.92 0.92 
4 331 328 327 332  0.217 0.92 0.92 
4 331 332 333 334  0.217 0.92 0.92 
4 327 328 335 336  0.217 0.92 0.92 
4 328 331 334 335  0.217 0.92 0.92 
4 332 327 337 338  0.217 0.92 0.92 
4 332 338 339 333  0.217 0.92 0.92 
4 327 329 340 337  0.217 0.92 0.92 
4 329 327 336 341  0.217 0.92 0.92 
4 324 342 343 325  0.217 0.92 0.92 
4 325 343 344 329  0.217 0.92 0.92 
4 342 345 346 343  0.217 0.92 0.92 
4 343 346 347 344  0.217 0.92 0.92 
4 346 345 348 347  0.217 0.92 0.92 
4 330 329 341 349  0.217 0.92 0.92 
4 329 344 350 340  0.217 0.92 0.92 
4 344 347 351 350  0.217 0.92 0.92 
4 351 347 352 353  0.217 0.92 0.92 
4 347 348 354 352  0.217 0.92 0.92 
4 175 176 355 319  0.217 0.92 0.92 
4 319 355 342 324  0.217 0.92 0.92 
4 319 324 330 322  0.217 0.92 0.92 
4 355 356 345 342  0.217 0.92 0.92 
4 345 356 357 348  0.217 0.92 0.92 
4 176 179 356 355  0.217 0.92 0.92 
4 356 179 208 357  0.217 0.92 0.92 
4 203 322 358 204  0.217 0.92 0.92 
4 322 330 349 358  0.217 0.92 0.92 
4 348 357 359 354  0.217 0.92 0.92 
4 357 208 211 359  0.217 0.92 0.92 
4 360 358 349 335  0.217 0.92 0.92 
4 360 335 361 362  0.217 0.92 0.92 
4 358 360 362 363  0.217 0.92 0.92 
4 364 362 361 365  0.217 0.92 0.92 
4 364 365 366 367  0.217 0.92 0.92 
4 362 364 367 368  0.217 0.92 0.92 
4 369 363 370 371  0.217 0.92 0.92 
4 363 362 368 370  0.217 0.92 0.92 
4 334 333 372 365  0.217 0.92 0.92 
4 335 334 365 361  0.217 0.92 0.92 
4 333 339 373 372  0.217 0.92 0.92 
4 335 349 341 336  0.217 0.92 0.92 
4 365 372 374 366  0.217 0.92 0.92 
4 372 373 375 374  0.217 0.92 0.92 
4 376 369 371 377  0.217 0.92 0.92 
4 369 376 378 379  0.217 0.92 0.92 
4 353 352 380 381  0.217 0.92 0.92 
4 352 354 382 380  0.217 0.92 0.92 
4 383 384 385 386  0.217 0.92 0.92 
4 378 376 377 387  0.217 0.92 0.92 
4 377 386 385 387  0.217 0.92 0.92 
4 381 380 388 389  0.217 0.92 0.92 
4 387 385 389 388  0.217 0.92 0.92 
4 379 378 387 390  0.217 0.92 0.92 
4 380 382 391 388  0.217 0.92 0.92 
4 382 379 390 391  0.217 0.92 0.92 
4 390 387 388 391  0.217 0.92 0.92 
4 204 358 363 222  0.217 0.92 0.92 
4 222 363 392 228  0.217 0.92 0.92 
4 363 369 379 392  0.217 0.92 0.92 
4 354 359 393 382  0.217 0.92 0.92 
4 392 379 382 393  0.217 0.92 0.92 
4 359 211 230 393  0.217 0.92 0.92 
4 228 392 393 230  0.217 0.92 0.92 
4 367 366 394 395  0.217 0.92 0.92 
4 368 367 395 396  0.217 0.92 0.92 
4 370 368 396 397  0.217 0.92 0.92 
4 395 394 398 399  0.217 0.92 0.92 
4 396 395 399 400  0.217 0.92 0.92 
4 397 396 400 401  0.217 0.92 0.92 
4 366 374 402 394  0.217 0.92 0.92 
4 374 375 403 402  0.217 0.92 0.92 
4 386 377 404 405  0.217 0.92 0.92 
4 394 402 406 398  0.217 0.92 0.92 
4 402 403 407 406  0.217 0.92 0.92 
4 405 404 408 409  0.217 0.92 0.92 
4 371 390 387 377  0.217 0.92 0.92 
4 377 387 410 404  0.217 0.92 0.92 
4 387 390 411 410  0.217 0.92 0.92 
4 404 410 412 408  0.217 0.92 0.92 
4 410 411 413 412  0.217 0.92 0.92 
4 370 414 390 371  0.217 0.92 0.92 
4 390 414 415 411  0.217 0.92 0.92 
4 414 370 397 415  0.217 0.92 0.92 
4 411 415 416 413  0.217 0.92 0.92 
4 415 397 401 416  0.217 0.92 0.92 
4 399 398 417 418  0.217 0.92 0.92 
4 400 399 418 419  0.217 0.92 0.92 
4 401 400 419 420  0.217 0.92 0.92 
4 418 417 421 422  0.217 0.92 0.92 
4 419 418 422 423  0.217 0.92 0.92 
4 420 419 423 424  0.217 0.92 0.92 
4 423 425 426 424  0.217 0.92 0.92 
4 398 406 427 417  0.217 0.92 0.92 
4 406 407 428 427  0.217 0.92 0.92 
4 409 408 429 430  0.217 0.92 0.92 
4 417 427 431 421  0.217 0.92 0.92 
4 427 428 432 431  0.217 0.92 0.92 
4 430 429 433 434  0.217 0.92 0.92 
4 408 412 435 429  0.217 0.92 0.92 
4 412 413 436 435  0.217 0.92 0.92 
4 429 435 437 433  0.217 0.92 0.92 
4 435 436 438 437  0.217 0.92 0.92 
4 426 433 437 438  0.217 0.92 0.92 
4 413 416 439 436  0.217 0.92 0.92 
4 416 401 420 439  0.217 0.92 0.92 
4 436 439 440 438  0.217 0.92 0.92 
4 439 420 424 440  0.217 0.92 0.92 
4 422 421 441 442  0.217 0.92 0.92 
4 425 423 443 444  0.217 0.92 0.92 
4 423 422 442 443  0.217 0.92 0.92 
4 442 441 445 446  0.217 0.92 0.92 
4 443 442 446 447  0.217 0.92 0.92 
4 446 445 448 447  0.217 0.92 0.92 
4 443 449 450 444  0.217 0.92 0.92 
4 447 448 451 452  0.217 0.92 0.92 
4 244 243 449 443  0.217 0.92 0.92 
4 244 443 447 245  0.217 0.92 0.92 
4 421 431 453 441  0.217 0.92 0.92 
4 431 432 454 453  0.217 0.92 0.92 
4 433 426 450 455  0.217 0.92 0.92 
4 426 425 444 450  0.217 0.92 0.92 
4 441 453 456 445  0.217 0.92 0.92 
4 453 454 457 456  0.217 0.92 0.92 
4 433 437 458 434  0.217 0.92 0.92 
4 434 458 459 460  0.217 0.92 0.92 
4 437 433 455 461  0.217 0.92 0.92 
4 437 462 463 458  0.217 0.92 0.92 
4 463 462 464 465  0.217 0.92 0.92 
4 438 466 462 437  0.217 0.92 0.92 
4 438 437 461 467  0.217 0.92 0.92 
4 462 466 468 464  0.217 0.92 0.92 
4 466 438 467 468  0.217 0.92 0.92 
4 450 467 461 455  0.217 0.92 0.92 
4 465 464 469 470  0.217 0.92 0.92 
4 464 468 471 469  0.217 0.92 0.92 
4 424 426 450 449  0.217 0.92 0.92 
4 426 438 467 450  0.217 0.92 0.92 
4 438 440 472 467  0.217 0.92 0.92 
4 440 424 449 472  0.217 0.92 0.92 
4 243 249 472 449  0.217 0.92 0.92 
4 472 473 468 467  0.217 0.92 0.92 
4 468 473 474 471  0.217 0.92 0.92 
4 249 251 473 472  0.217 0.92 0.92 
4 473 251 253 474  0.217 0.92 0.92 
4 245 447 475 267  0.217 0.92 0.92 
4 447 452 476 475  0.217 0.92 0.92 
4 267 475 477 269  0.217 0.92 0.92 
4 475 476 478 477  0.217 0.92 0.92 
4 269 477 478 291  0.217 0.92 0.92 
4 445 456 479 480  0.217 0.92 0.92 
4 448 445 480 481  0.217 0.92 0.92 
4 480 479 482 481  0.217 0.92 0.92 
4 456 457 483 479  0.217 0.92 0.92 
4 479 483 484 482  0.217 0.92 0.92 
4 482 484 485 486  0.217 0.92 0.92 
4 451 448 481 487  0.217 0.92 0.92 
4 481 482 488 489  0.217 0.92 0.92 
4 482 486 490 488  0.217 0.92 0.92 
4 487 481 489 491  0.217 0.92 0.92 
4 489 488 490 491  0.217 0.92 0.92 
4 486 485 492 493  0.217 0.92 0.92 
4 470 469 494 495  0.217 0.92 0.92 
4 493 492 495 494  0.217 0.92 0.92 
4 469 471 496 494  0.217 0.92 0.92 
4 486 493 497 490  0.217 0.92 0.92 
4 491 490 497 498  0.217 0.92 0.92 
4 493 494 499 497  0.217 0.92 0.92 
4 494 496 500 499  0.217 0.92 0.92 
4 498 497 499 500  0.217 0.92 0.92 
4 452 451 487 476  0.217 0.92 0.92 
4 471 474 501 496  0.217 0.92 0.92 
4 474 253 274 501  0.217 0.92 0.92 
4 291 478 502 296  0.217 0.92 0.92 
4 476 487 491 478  0.217 0.92 0.92 
4 478 491 498 502  0.217 0.92 0.92 
4 496 501 503 500  0.217 0.92 0.92 
4 502 498 500 503  0.217 0.92 0.92 
4 501 274 277 503  0.217 0.92 0.92 
4 296 502 503 277  0.217 0.92 0.92 
4 338 337 504 505  0.217 0.92 0.92 
4 338 505 506 339  0.217 0.92 0.92 
4 505 504 507 506  0.217 0.92 0.92 
4 337 340 508 504  0.217 0.92 0.92 
4 504 508 509 507  0.217 0.92 0.92 
4 340 350 510 508  0.217 0.92 0.92 
4 508 510 511 509  0.217 0.92 0.92 
4 350 351 512 510  0.217 0.92 0.92 
4 510 512 513 511  0.217 0.92 0.92 
4 512 351 353 513  0.217 0.92 0.92 
4 339 506 514 373  0.217 0.92 0.92 
4 506 507 515 514  0.217 0.92 0.92 
4 507 509 516 515  0.217 0.92 0.92 
4 373 514 517 375  0.217 0.92 0.92 
4 514 515 518 517  0.217 0.92 0.92 
4 515 516 519 518  0.217 0.92 0.92 
4 516 383 386 519  0.217 0.92 0.92 
4 520 521 522 523  0.217 0.92 0.92 
4 520 523 524 525  0.217 0.92 0.92 
4 521 520 525 526  0.217 0.92 0.92 
4 523 522 527 528  0.217 0.92 0.92 
4 523 528 529 524  0.217 0.92 0.92 
4 527 522 530 531  0.217 0.92 0.92 
4 521 532 533 522  0.217 0.92 0.92 
4 522 533 534 530  0.217 0.92 0.92 
4 532 521 526 535  0.217 0.92 0.92 
4 532 536 537 533  0.217 0.92 0.92 
4 537 536 538 539  0.217 0.92 0.92 
4 536 532 535 538  0.217 0.92 0.92 
4 533 537 540 541  0.217 0.92 0.92 
4 533 541 542 534  0.217 0.92 0.92 
4 540 537 539 543  0.217 0.92 0.92 
4 509 511 544 516  0.217 0.92 0.92 
4 383 516 544 384  0.217 0.92 0.92 
4 511 513 545 544  0.217 0.92 0.92 
4 513 353 381 545  0.217 0.92 0.92 
4 384 544 546 385  0.217 0.92 0.92 
4 544 545 547 546  0.217 0.92 0.92 
4 545 381 389 547  0.217 0.92 0.92 
4 385 546 547 389  0.217 0.92 0.92 
4 375 517 548 403  0.217 0.92 0.92 
4 517 518 526 525  0.217 0.92 0.92 
4 517 525 549 548  0.217 0.92 0.92 
4 548 549 550 551  0.217 0.92 0.92 
4 518 519 535 526  0.217 0.92 0.92 
4 551 550 552 553  0.217 0.92 0.92 
4 403 548 554 407  0.217 0.92 0.92 
4 548 551 555 554  0.217 0.92 0.92 
4 551 553 556 555  0.217 0.92 0.92 
4 525 524 557 549  0.217 0.92 0.92 
4 549 557 558 550  0.217 0.92 0.92 
4 524 529 559 557  0.217 0.92 0.92 
4 557 559 560 558  0.217 0.92 0.92 
4 530 534 542 531  0.217 0.92 0.92 
4 531 542 561 560  0.217 0.92 0.92 
4 558 560 561 562  0.217 0.92 0.92 
4 550 558 562 552  0.217 0.92 0.92 
4 539 538 563 564  0.217 0.92 0.92 
4 552 562 564 563  0.217 0.92 0.92 
4 543 539 564 565  0.217 0.92 0.92 
4 562 561 565 564  0.217 0.92 0.92 
4 386 385 546 519  0.217 0.92 0.92 
4 546 385 566 567  0.217 0.92 0.92 
4 385 386 405 566  0.217 0.92 0.92 
4 519 546 538 535  0.217 0.92 0.92 
4 538 546 567 563  0.217 0.92 0.92 
4 553 552 563 567  0.217 0.92 0.92 
4 553 567 568 556  0.217 0.92 0.92 
4 567 566 569 568  0.217 0.92 0.92 
4 566 405 409 569  0.217 0.92 0.92 
4 407 554 570 428  0.217 0.92 0.92 
4 554 555 571 572  0.217 0.92 0.92 
4 554 572 573 570  0.217 0.92 0.92 
4 572 571 574 573  0.217 0.92 0.92 
4 571 555 575 574  0.217 0.92 0.92 
4 555 556 576 575  0.217 0.92 0.92 
4 428 570 577 432  0.217 0.92 0.92 
4 570 573 578 577  0.217 0.92 0.92 
4 577 578 579 580  0.217 0.92 0.92 
4 575 576 581 574  0.217 0.92 0.92 
4 580 579 582 583  0.217 0.92 0.92 
4 573 574 584 585  0.217 0.92 0.92 
4 573 585 586 578  0.217 0.92 0.92 
4 585 584 587 588  0.217 0.92 0.92 
4 585 588 589 586  0.217 0.92 0.92 
4 584 590 591 587  0.217 0.92 0.92 
4 587 591 592 593  0.217 0.92 0.92 
4 594 593 592 595  0.217 0.92 0.92 
4 574 581 590 584  0.217 0.92 0.92 
4 581 596 597 590  0.217 0.92 0.92 
4 597 596 598 599  0.217 0.92 0.92 
4 590 597 600 591  0.217 0.92 0.92 
4 600 597 599 601  0.217 0.92 0.92 
4 556 568 602 576  0.217 0.92 0.92 
4 568 569 603 602  0.217 0.92 0.92 
4 569 409 430 603  0.217 0.92 0.92 
4 602 603 458 604  0.217 0.92 0.92 
4 603 430 434 458  0.217 0.92 0.92 
4 434 583 604 458  0.217 0.92 0.92 
4 576 602 596 581  0.217 0.92 0.92 
4 596 602 604 598  0.217 0.92 0.92 
4 583 582 598 604  0.217 0.92 0.92 
4 432 577 605 454  0.217 0.92 0.92 
4 577 580 606 605  0.217 0.92 0.92 
4 580 583 607 606  0.217 0.92 0.92 
4 583 434 460 607  0.217 0.92 0.92 
4 454 605 608 457  0.217 0.92 0.92 
4 605 606 609 608  0.217 0.92 0.92 
4 606 607 610 609  0.217 0.92 0.92 
4 578 586 611 612  0.217 0.92 0.92 
4 579 578 612 613  0.217 0.92 0.92 
4 612 611 614 613  0.217 0.92 0.92 
4 586 589 615 611  0.217 0.92 0.92 
4 593 594 614 616  0.217 0.92 0.92 
4 611 615 616 614  0.217 0.92 0.92 
4 594 595 617 614  0.217 0.92 0.92 
4 582 579 613 618  0.217 0.92 0.92 
4 613 614 617 618  0.217 0.92 0.92 
4 599 598 619 620  0.217 0.92 0.92 
4 598 582 618 619  0.217 0.92 0.92 
4 618 617 620 619  0.217 0.92 0.92 
4 595 592 621 617  0.217 0.92 0.92 
4 601 599 620 622  0.217 0.92 0.92 
4 617 621 622 620  0.217 0.92 0.92 
4 458 463 623 604  0.217 0.92 0.92 
4 458 604 624 459  0.217 0.92 0.92 
4 604 623 625 624  0.217 0.92 0.92 
4 623 463 465 625  0.217 0.92 0.92 
4 460 459 624 607  0.217 0.92 0.92 
4 607 624 626 610  0.217 0.92 0.92 
4 624 625 627 626  0.217 0.92 0.92 
4 625 465 470 627  0.217 0.92 0.92 
4 457 608 628 483  0.217 0.92 0.92 
4 608 609 629 628  0.217 0.92 0.92 
4 483 628 629 484  0.217 0.92 0.92 
4 609 610 630 629  0.217 0.92 0.92 
4 484 629 630 485  0.217 0.92 0.92 
4 610 626 631 630  0.217 0.92 0.92 
4 485 630 631 492  0.217 0.92 0.92 
4 626 627 632 631  0.217 0.92 0.92 
4 627 470 495 632  0.217 0.92 0.92 
4 492 631 632 495  0.217 0.92 0.92 
4 528 527 633 634  0.217 0.92 0.92 
4 528 634 635 529  0.217 0.92 0.92 
4 633 527 531 636  0.217 0.92 0.92 
4 634 633 637 638  0.217 0.92 0.92 
4 634 638 639 635  0.217 0.92 0.92 
4 633 640 641 637  0.217 0.92 0.92 
4 640 633 636 642  0.217 0.92 0.92 
4 638 637 643 644  0.217 0.92 0.92 
4 638 644 645 639  0.217 0.92 0.92 
4 644 643 646 645  0.217 0.92 0.92 
4 637 641 647 643  0.217 0.92 0.92 
4 643 647 648 646  0.217 0.92 0.92 
4 647 641 649 648  0.217 0.92 0.92 
4 541 540 650 640  0.217 0.92 0.92 
4 541 640 642 542  0.217 0.92 0.92 
4 650 540 543 651  0.217 0.92 0.92 
4 640 650 652 641  0.217 0.92 0.92 
4 641 652 653 649  0.217 0.92 0.92 
4 652 650 651 653  0.217 0.92 0.92 
4 529 635 654 559  0.217 0.92 0.92 
4 636 531 560 655  0.217 0.92 0.92 
4 635 639 656 654  0.217 0.92 0.92 
4 642 636 655 657  0.217 0.92 0.92 
4 559 654 658 659  0.217 0.92 0.92 
4 655 560 660 661  0.217 0.92 0.92 
4 560 559 659 660  0.217 0.92 0.92 
4 654 656 662 658  0.217 0.92 0.92 
4 657 655 661 663  0.217 0.92 0.92 
4 639 645 664 656  0.217 0.92 0.92 
4 645 646 665 664  0.217 0.92 0.92 
4 646 648 666 665  0.217 0.92 0.92 
4 648 649 667 666  0.217 0.92 0.92 
4 656 664 668 662  0.217 0.92 0.92 
4 664 665 669 668  0.217 0.92 0.92 
4 665 666 670 669  0.217 0.92 0.92 
4 666 667 671 670  0.217 0.92 0.92 
4 542 642 657 561  0.217 0.92 0.92 
4 651 543 565 672  0.217 0.92 0.92 
4 649 653 673 667  0.217 0.92 0.92 
4 653 651 672 673  0.217 0.92 0.92 
4 561 657 663 674  0.217 0.92 0.92 
4 672 565 675 676  0.217 0.92 0.92 
4 565 561 674 675  0.217 0.92 0.92 
4 667 673 677 671  0.217 0.92 0.92 
4 673 672 676 677  0.217 0.92 0.92 
4 659 658 678 588  0.217 0.92 0.92 
4 661 660 587 679  0.217 0.92 0.92 
4 660 659 588 587  0.217 0.92 0.92 
4 658 662 680 678  0.217 0.92 0.92 
4 663 661 679 681  0.217 0.92 0.92 
4 588 678 682 589  0.217 0.92 0.92 
4 679 587 593 683  0.217 0.92 0.92 
4 678 680 684 682  0.217 0.92 0.92 
4 681 679 683 685  0.217 0.92 0.92 
4 662 668 686 680  0.217 0.92 0.92 
4 668 669 687 686  0.217 0.92 0.92 
4 669 670 688 687  0.217 0.92 0.92 
4 670 671 689 688  0.217 0.92 0.92 
4 680 686 690 684  0.217 0.92 0.92 
4 686 687 691 690  0.217 0.92 0.92 
4 687 688 692 691  0.217 0.92 0.92 
4 688 689 693 692  0.217 0.92 0.92 
4 674 663 681 591  0.217 0.92 0.92 
4 676 675 600 694  0.217 0.92 0.92 
4 675 674 591 600  0.217 0.92 0.92 
4 671 677 695 689  0.217 0.92 0.92 
4 677 676 694 695  0.217 0.92 0.92 
4 591 681 685 592  0.217 0.92 0.92 
4 694 600 601 696  0.217 0.92 0.92 
4 689 695 697 693  0.217 0.92 0.92 
4 695 694 696 697  0.217 0.92 0.92 
4 589 682 698 615  0.217 0.92 0.92 
4 683 593 616 699  0.217 0.92 0.92 
4 615 698 699 616  0.217 0.92 0.92 
4 682 684 700 698  0.217 0.92 0.92 
4 698 700 701 699  0.217 0.92 0.92 
4 685 683 699 702  0.217 0.92 0.92 
4 699 701 703 702  0.217 0.92 0.92 
4 684 690 704 700  0.217 0.92 0.92 
4 690 691 705 704  0.217 0.92 0.92 
4 700 704 705 701  0.217 0.92 0.92 
4 691 692 706 705  0.217 0.92 0.92 
4 692 693 703 706  0.217 0.92 0.92 
4 701 705 706 703  0.217 0.92 0.92 
4 592 685 702 621  0.217 0.92 0.92 
4 696 601 622 707  0.217 0.92 0.92 
4 621 702 707 622  0.217 0.92 0.92 
4 693 697 708 703  0.217 0.92 0.92 
4 697 696 707 708  0.217 0.92 0.92 
4 702 703 708 707  0.217 0.92 0.92 
