OFF
200 198 0

-8.08 -32.32 -11.1948
0 -32.32 -11.1948
0 -32.32 -3.11475
-8.08 -32.32 -3.11475
-8.08 -24.24 -3.11475
-8.08 -24.24 -11.1948
0 -24.24 -11.1948
8.08 -32.32 -11.1948
8.08 -32.32 -3.11475
8.08 -24.24 -11.1948
8.08 -24.24 -3.11475
-8.08 -24.24 -19.2748
0 -24.24 -19.2748
-8.08 -16.16 -11.1948
-8.08 -16.16 -19.2748
0 -16.16 -19.2748
0 -16.16 -11.1948
-8.08 -16.16 -3.11475
8.08 -16.16 -11.1948
8.08 -16.16 -3.11475
8.08 -24.24 -19.2748
8.08 -16.16 -19.2748
-8.08 -8.08 -3.11475
-8.08 -8.08 -11.1948
0 -8.08 -11.1948
0 -8.08 -3.11475
8.08 -8.08 -11.1948
8.08 -8.08 -3.11475
-8.08 8.08 -11.1948
0 8.08 -11.1948
0 8.08 -3.11475
-8.08 8.08 -3.11475
-8.08 16.16 -3.11475
-8.08 16.16 -11.1948
0 16.16 -11.1948
8.08 8.08 -11.1948
8.08 8.08 -3.11475
8.08 16.16 -11.1948
8.08 16.16 -3.11475
-8.08 16.16 -19.2748
0 16.16 -19.2748
-8.08 24.24 -11.1948
-8.08 24.24 -19.2748
0 24.24 -19.2748
0 24.24 -11.1948
-8.08 24.24 -3.11475
8.08 24.24 -11.1948
8.08 24.24 -3.11475
8.08 16.16 -19.2748
8.08 24.24 -19.2748
-8.08 32.32 -3.11475
-8.08 32.32 -11.1948
0 32.32 -11.1948
0 32.32 -3.11475
8.08 32.32 -11.1948
8.08 32.32 -3.11475
-8.08 -40.4 -3.11475
0 -40.4 -3.11475
0 -40.4 4.96525
-8.08 -40.4 4.96525
-8.08 -32.32 4.96525
0 -32.32 4.96525
8.08 -40.4 -3.11475
8.08 -40.4 4.96525
8.08 -32.32 4.96525
-8.08 -24.24 4.96525
0 -32.32 13.0452
-8.08 -32.32 13.0452
-8.08 -24.24 13.0452
0 -24.24 13.0452
8.08 -32.32 13.0452
8.08 -24.24 13.0452
8.08 -24.24 4.96525
-8.08 -16.16 4.96525
-8.08 -16.16 13.0452
8.08 -16.16 4.96525
8.08 -16.16 13.0452
-8.08 -8.08 4.96525
0 -8.08 4.96525
-8.08 -8.08 13.0452
0 -8.08 13.0452
8.08 -8.08 4.96525
8.08 -8.08 13.0452
0 8.08 4.96525
-8.08 8.08 4.96525
-8.08 16.16 4.96525
0 8.08 13.0452
-8.08 8.08 13.0452
-8.08 16.16 13.0452
8.08 8.08 4.96525
8.08 8.08 13.0452
8.08 16.16 4.96525
8.08 16.16 13.0452
-8.08 24.24 4.96525
-8.08 24.24 13.0452
8.08 24.24 4.96525
8.08 24.24 13.0452
-8.08 32.32 4.96525
-8.08 32.32 13.0452
0 24.24 13.0452
0 32.32 13.0452
0 32.32 4.96525
8.08 32.32 13.0452
8.08 32.32 4.96525
-8.08 40.4 4.96525
-8.08 40.4 -3.11475
0 40.4 4.96525
0 40.4 -3.11475
8.08 40.4 4.96525
8.08 40.4 -3.11475
0 -24.24 21.1253
-8.08 -24.24 21.1253
-8.08 -16.16 21.1253
0 -24.24 29.2052
-8.08 -24.24 29.2052
-8.08 -16.16 29.2052
8.08 -24.24 21.1253
8.08 -24.24 29.2052
8.08 -16.16 21.1253
8.08 -16.16 29.2052
-8.08 -8.08 21.1253
-8.08 -8.08 29.2052
8.08 -8.08 21.1253
8.08 -8.08 29.2052
-8.08 0 21.1253
-8.08 0 13.0452
0 0 13.0452
-8.08 0 29.2052
8.08 0 21.1253
8.08 0 29.2052
8.08 0 13.0452
-8.08 8.08 21.1253
-8.08 8.08 29.2052
8.08 8.08 21.1253
8.08 8.08 29.2052
-8.08 16.16 21.1253
-8.08 16.16 29.2052
8.08 16.16 21.1253
8.08 16.16 29.2052
-8.08 24.24 21.1253
0 24.24 21.1253
-8.08 24.24 29.2052
0 24.24 29.2052
8.08 24.24 21.1253
8.08 24.24 29.2052
0 -24.24 37.2852
-8.08 -24.24 37.2852
-8.08 -16.16 37.2852
0 -16.16 37.2852
8.08 -24.24 37.2852
8.08 -16.16 37.2852
-8.08 -8.08 37.2852
0 -16.16 45.3653
-8.08 -16.16 45.3653
-8.08 -8.08 45.3653
8.08 -16.16 45.3653
8.08 -8.08 37.2852
8.08 -8.08 45.3653
-8.08 0 37.2852
-8.08 0 45.3653
8.08 0 37.2852
8.08 0 45.3653
-8.08 8.08 37.2852
-8.08 8.08 45.3653
8.08 8.08 37.2852
8.08 8.08 45.3653
-8.08 16.16 37.2852
-8.08 16.16 45.3653
0 16.16 45.3653
0 16.16 37.2852
8.08 16.16 37.2852
8.08 16.16 45.3653
-8.08 24.24 37.2852
0 24.24 37.2852
8.08 24.24 37.2852
0 -16.16 53.4453
-8.08 -16.16 53.4453
-8.08 -8.08 53.4453
0 -16.16 61.5252
-8.08 -16.16 61.5252
-8.08 -8.08 61.5252
0 -8.08 61.5252
0 -8.08 53.4453
8.08 -16.16 53.4453
8.08 -8.08 53.4453
-8.08 0 53.4453
-8.08 0 61.5252
0 0 61.5252
0 0 53.4453
8.08 0 53.4453
-8.08 8.08 53.4453
-8.08 8.08 61.5252
0 8.08 61.5252
0 8.08 53.4453
8.08 8.08 53.4453
-8.08 16.16 53.4453
0 16.16 53.4453
-8.08 16.16 61.5252
0 16.16 61.5252
8.08 16.16 53.4453

4 0 1 2 3  0.217 0.92 0.92 
4 0 3 4 5  0.217 0.92 0.92 
4 1 0 5 6  0.217 0.92 0.92 
4 1 7 8 2  0.217 0.92 0.92 
4 8 7 9 10  0.217 0.92 0.92 
4 7 1 6 9  0.217 0.92 0.92 
4 11 12 6 5  0.217 0.92 0.92 
4 11 5 13 14  0.217 0.92 0.92 
4 12 11 14 15  0.217 0.92 0.92 
4 14 13 16 15  0.217 0.92 0.92 
4 5 4 17 13  0.217 0.92 0.92 
4 10 9 18 19  0.217 0.92 0.92 
4 12 20 9 6  0.217 0.92 0.92 
4 9 20 21 18  0.217 0.92 0.92 
4 20 12 15 21  0.217 0.92 0.92 
4 15 16 18 21  0.217 0.92 0.92 
4 13 17 22 23  0.217 0.92 0.92 
4 16 13 23 24  0.217 0.92 0.92 
4 23 22 25 24  0.217 0.92 0.92 
4 19 18 26 27  0.217 0.92 0.92 
4 18 16 24 26  0.217 0.92 0.92 
4 24 25 27 26  0.217 0.92 0.92 
4 28 29 30 31  0.217 0.92 0.92 
4 28 31 32 33  0.217 0.92 0.92 
4 29 28 33 34  0.217 0.92 0.92 
4 29 35 36 30  0.217 0.92 0.92 
4 36 35 37 38  0.217 0.92 0.92 
4 35 29 34 37  0.217 0.92 0.92 
4 39 40 34 33  0.217 0.92 0.92 
4 39 33 41 42  0.217 0.92 0.92 
4 40 39 42 43  0.217 0.92 0.92 
4 42 41 44 43  0.217 0.92 0.92 
4 33 32 45 41  0.217 0.92 0.92 
4 38 37 46 47  0.217 0.92 0.92 
4 40 48 37 34  0.217 0.92 0.92 
4 37 48 49 46  0.217 0.92 0.92 
4 48 40 43 49  0.217 0.92 0.92 
4 43 44 46 49  0.217 0.92 0.92 
4 41 45 50 51  0.217 0.92 0.92 
4 44 41 51 52  0.217 0.92 0.92 
4 51 50 53 52  0.217 0.92 0.92 
4 47 46 54 55  0.217 0.92 0.92 
4 46 44 52 54  0.217 0.92 0.92 
4 52 53 55 54  0.217 0.92 0.92 
4 56 57 58 59  0.217 0.92 0.92 
4 56 59 60 3  0.217 0.92 0.92 
4 59 58 61 60  0.217 0.92 0.92 
4 57 56 3 2  0.217 0.92 0.92 
4 57 62 63 58  0.217 0.92 0.92 
4 58 63 64 61  0.217 0.92 0.92 
4 63 62 8 64  0.217 0.92 0.92 
4 62 57 2 8  0.217 0.92 0.92 
4 3 60 65 4  0.217 0.92 0.92 
4 60 61 66 67  0.217 0.92 0.92 
4 60 67 68 65  0.217 0.92 0.92 
4 67 66 69 68  0.217 0.92 0.92 
4 61 64 70 66  0.217 0.92 0.92 
4 66 70 71 69  0.217 0.92 0.92 
4 70 64 72 71  0.217 0.92 0.92 
4 64 8 10 72  0.217 0.92 0.92 
4 4 65 73 17  0.217 0.92 0.92 
4 65 68 74 73  0.217 0.92 0.92 
4 71 72 75 76  0.217 0.92 0.92 
4 72 10 19 75  0.217 0.92 0.92 
4 17 73 77 22  0.217 0.92 0.92 
4 22 77 78 25  0.217 0.92 0.92 
4 73 74 79 77  0.217 0.92 0.92 
4 77 79 80 78  0.217 0.92 0.92 
4 76 75 81 82  0.217 0.92 0.92 
4 78 80 82 81  0.217 0.92 0.92 
4 75 19 27 81  0.217 0.92 0.92 
4 25 78 81 27  0.217 0.92 0.92 
4 31 30 83 84  0.217 0.92 0.92 
4 31 84 85 32  0.217 0.92 0.92 
4 84 83 86 87  0.217 0.92 0.92 
4 84 87 88 85  0.217 0.92 0.92 
4 83 89 90 86  0.217 0.92 0.92 
4 90 89 91 92  0.217 0.92 0.92 
4 30 36 89 83  0.217 0.92 0.92 
4 89 36 38 91  0.217 0.92 0.92 
4 32 85 93 45  0.217 0.92 0.92 
4 85 88 94 93  0.217 0.92 0.92 
4 92 91 95 96  0.217 0.92 0.92 
4 91 38 47 95  0.217 0.92 0.92 
4 45 93 97 50  0.217 0.92 0.92 
4 93 94 98 97  0.217 0.92 0.92 
4 94 99 100 98  0.217 0.92 0.92 
4 97 98 100 101  0.217 0.92 0.92 
4 99 96 102 100  0.217 0.92 0.92 
4 96 95 103 102  0.217 0.92 0.92 
4 101 100 102 103  0.217 0.92 0.92 
4 95 47 55 103  0.217 0.92 0.92 
4 50 97 104 105  0.217 0.92 0.92 
4 97 101 106 104  0.217 0.92 0.92 
4 53 50 105 107  0.217 0.92 0.92 
4 105 104 106 107  0.217 0.92 0.92 
4 101 103 108 106  0.217 0.92 0.92 
4 103 55 109 108  0.217 0.92 0.92 
4 55 53 107 109  0.217 0.92 0.92 
4 107 106 108 109  0.217 0.92 0.92 
4 68 69 110 111  0.217 0.92 0.92 
4 68 111 112 74  0.217 0.92 0.92 
4 111 110 113 114  0.217 0.92 0.92 
4 111 114 115 112  0.217 0.92 0.92 
4 110 116 117 113  0.217 0.92 0.92 
4 117 116 118 119  0.217 0.92 0.92 
4 69 71 116 110  0.217 0.92 0.92 
4 116 71 76 118  0.217 0.92 0.92 
4 74 112 120 79  0.217 0.92 0.92 
4 112 115 121 120  0.217 0.92 0.92 
4 119 118 122 123  0.217 0.92 0.92 
4 118 76 82 122  0.217 0.92 0.92 
4 79 120 124 125  0.217 0.92 0.92 
4 80 79 125 126  0.217 0.92 0.92 
4 120 121 127 124  0.217 0.92 0.92 
4 123 122 128 129  0.217 0.92 0.92 
4 122 82 130 128  0.217 0.92 0.92 
4 82 80 126 130  0.217 0.92 0.92 
4 125 124 131 87  0.217 0.92 0.92 
4 126 125 87 86  0.217 0.92 0.92 
4 124 127 132 131  0.217 0.92 0.92 
4 129 128 133 134  0.217 0.92 0.92 
4 128 130 90 133  0.217 0.92 0.92 
4 130 126 86 90  0.217 0.92 0.92 
4 87 131 135 88  0.217 0.92 0.92 
4 131 132 136 135  0.217 0.92 0.92 
4 134 133 137 138  0.217 0.92 0.92 
4 133 90 92 137  0.217 0.92 0.92 
4 88 135 139 94  0.217 0.92 0.92 
4 94 139 140 99  0.217 0.92 0.92 
4 135 136 141 139  0.217 0.92 0.92 
4 139 141 142 140  0.217 0.92 0.92 
4 138 137 143 144  0.217 0.92 0.92 
4 140 142 144 143  0.217 0.92 0.92 
4 137 92 96 143  0.217 0.92 0.92 
4 99 140 143 96  0.217 0.92 0.92 
4 114 113 145 146  0.217 0.92 0.92 
4 114 146 147 115  0.217 0.92 0.92 
4 146 145 148 147  0.217 0.92 0.92 
4 113 117 149 145  0.217 0.92 0.92 
4 145 149 150 148  0.217 0.92 0.92 
4 149 117 119 150  0.217 0.92 0.92 
4 115 147 151 121  0.217 0.92 0.92 
4 147 148 152 153  0.217 0.92 0.92 
4 147 153 154 151  0.217 0.92 0.92 
4 148 150 155 152  0.217 0.92 0.92 
4 155 150 156 157  0.217 0.92 0.92 
4 150 119 123 156  0.217 0.92 0.92 
4 121 151 158 127  0.217 0.92 0.92 
4 151 154 159 158  0.217 0.92 0.92 
4 157 156 160 161  0.217 0.92 0.92 
4 156 123 129 160  0.217 0.92 0.92 
4 127 158 162 132  0.217 0.92 0.92 
4 158 159 163 162  0.217 0.92 0.92 
4 161 160 164 165  0.217 0.92 0.92 
4 160 129 134 164  0.217 0.92 0.92 
4 132 162 166 136  0.217 0.92 0.92 
4 162 163 167 166  0.217 0.92 0.92 
4 166 167 168 169  0.217 0.92 0.92 
4 165 164 170 171  0.217 0.92 0.92 
4 169 168 171 170  0.217 0.92 0.92 
4 164 134 138 170  0.217 0.92 0.92 
4 136 166 172 141  0.217 0.92 0.92 
4 166 169 173 172  0.217 0.92 0.92 
4 141 172 173 142  0.217 0.92 0.92 
4 169 170 174 173  0.217 0.92 0.92 
4 170 138 144 174  0.217 0.92 0.92 
4 142 173 174 144  0.217 0.92 0.92 
4 153 152 175 176  0.217 0.92 0.92 
4 153 176 177 154  0.217 0.92 0.92 
4 176 175 178 179  0.217 0.92 0.92 
4 176 179 180 177  0.217 0.92 0.92 
4 179 178 181 180  0.217 0.92 0.92 
4 178 175 182 181  0.217 0.92 0.92 
4 152 155 183 175  0.217 0.92 0.92 
4 175 183 184 182  0.217 0.92 0.92 
4 183 155 157 184  0.217 0.92 0.92 
4 154 177 185 159  0.217 0.92 0.92 
4 177 180 186 185  0.217 0.92 0.92 
4 180 181 187 186  0.217 0.92 0.92 
4 181 182 188 187  0.217 0.92 0.92 
4 182 184 189 188  0.217 0.92 0.92 
4 184 157 161 189  0.217 0.92 0.92 
4 159 185 190 163  0.217 0.92 0.92 
4 185 186 191 190  0.217 0.92 0.92 
4 186 187 192 191  0.217 0.92 0.92 
4 187 188 193 192  0.217 0.92 0.92 
4 188 189 194 193  0.217 0.92 0.92 
4 189 161 165 194  0.217 0.92 0.92 
4 163 190 195 167  0.217 0.92 0.92 
4 167 195 196 168  0.217 0.92 0.92 
4 190 191 197 195  0.217 0.92 0.92 
4 191 192 198 197  0.217 0.92 0.92 
4 192 193 196 198  0.217 0.92 0.92 
4 195 197 198 196  0.217 0.92 0.92 
4 193 194 199 196  0.217 0.92 0.92 
4 194 165 171 199  0.217 0.92 0.92 
4 168 196 199 171  0.217 0.92 0.92 
