OFF
60 58 0

0 -27.1611 -6.98145
8 -27.1611 -6.98145
8 -32.3666 -0.916848
0 -32.3865 -0.8711
-1.77636e-15 -24.24 -3.11475
0 -22.1595 -11.3071
8 -21.9358 -11.363
8 -24.24 -3.11475
0 -15.785 -3.11475
0 -17.1661 -9.9498
8 -17.3543 -10.129
8 -15.785 -3.11475
-0 17.1661 -9.9498
8 17.3543 -10.129
8 15.785 -3.11475
0 15.785 -3.11475
0 24.24 -3.11475
-0 22.1595 -11.3071
8 21.9358 -11.363
8 24.24 -3.11475
-0 32.3865 -0.8711
0 27.1611 -6.98145
8 27.1611 -6.98145
8 32.3666 -0.916848
8 -31.2883 2.36059
0 -31.3524 2.3059
0 -23.5474 12.7859
8 -23.5642 12.7735
-8 -8.08 21
8 -13.5864 14.5207
8 13.5864 14.5207
-8 8.08 21
0 23.5474 12.7859
8 23.5642 12.7735
-0 31.3524 2.3059
8 31.2883 2.36059
8 -19.3222 27.8875
-8 -19.3139 27.8889
-8 -8.08 29.2052
8 -8.99056 28.7581
-8 8.08 29.2052
8 8.99056 28.7581
-8 19.3139 27.8889
8 19.3222 27.8875
8 -16.557 31.3613
-8 -8.5 45.3653
-8 -8.08 45.3653
2 -8.08 45.3653
-8 8.08 45.3653
2 8.08 45.3653
-8 8.5 45.3653
8 16.557 31.3613
0.34559 -8.5 52.4658
-4.9362 -8.5 53.3547
-4.9362 -8.08 53.3547
0.34559 -8.08 52.4658
-4.9362 8.08 53.3547
0.34559 8.08 52.4658
-4.9362 8.5 53.3547
0.34559 8.5 52.4658

4 0 1 2 3  0.217 0.92 0.92 
4 0 3 4 5  0.217 0.92 0.92 
4 2 1 6 7  0.217 0.92 0.92 
4 1 0 5 6  0.217 0.92 0.92 
4 5 4 8 9  0.217 0.92 0.92 
4 7 6 10 11  0.217 0.92 0.92 
4 6 5 9 10  0.217 0.92 0.92 
4 9 8 11 10  0.217 0.92 0.92 
4 12 13 14 15  0.217 0.92 0.92 
4 12 15 16 17  0.217 0.92 0.92 
4 14 13 18 19  0.217 0.92 0.92 
4 13 12 17 18  0.217 0.92 0.92 
4 17 16 20 21  0.217 0.92 0.92 
4 19 18 22 23  0.217 0.92 0.92 
4 18 17 21 22  0.217 0.92 0.92 
4 21 20 23 22  0.217 0.92 0.92 
4 3 2 24 25  0.217 0.92 0.92 
4 3 25 26 4  0.217 0.92 0.92 
4 25 24 27 26  0.217 0.92 0.92 
4 24 2 7 27  0.217 0.92 0.92 
4 4 26 28 8  0.217 0.92 0.92 
4 27 7 11 29  0.217 0.92 0.92 
4 8 28 29 11  0.217 0.92 0.92 
4 15 14 30 31  0.217 0.92 0.92 
4 15 31 32 16  0.217 0.92 0.92 
4 30 14 19 33  0.217 0.92 0.92 
4 16 32 34 20  0.217 0.92 0.92 
4 32 33 35 34  0.217 0.92 0.92 
4 33 19 23 35  0.217 0.92 0.92 
4 20 34 35 23  0.217 0.92 0.92 
4 26 27 36 37  0.217 0.92 0.92 
4 26 37 38 28  0.217 0.92 0.92 
4 36 27 29 39  0.217 0.92 0.92 
4 28 38 40 31  0.217 0.92 0.92 
4 39 29 30 41  0.217 0.92 0.92 
4 29 28 31 30  0.217 0.92 0.92 
4 31 40 42 32  0.217 0.92 0.92 
4 41 30 33 43  0.217 0.92 0.92 
4 32 42 43 33  0.217 0.92 0.92 
4 37 36 44 45  0.217 0.92 0.92 
4 37 45 46 38  0.217 0.92 0.92 
4 44 36 39 47  0.217 0.92 0.92 
4 38 46 48 40  0.217 0.92 0.92 
4 47 39 41 49  0.217 0.92 0.92 
4 40 48 50 42  0.217 0.92 0.92 
4 49 41 43 51  0.217 0.92 0.92 
4 42 50 51 43  0.217 0.92 0.92 
4 45 44 52 53  0.217 0.92 0.92 
4 45 53 54 46  0.217 0.92 0.92 
4 53 52 55 54  0.217 0.92 0.92 
4 52 44 47 55  0.217 0.92 0.92 
4 46 54 56 48  0.217 0.92 0.92 
4 54 55 57 56  0.217 0.92 0.92 
4 55 47 49 57  0.217 0.92 0.92 
4 48 56 58 50  0.217 0.92 0.92 
4 56 57 59 58  0.217 0.92 0.92 
4 57 49 51 59  0.217 0.92 0.92 
4 50 58 59 51  0.217 0.92 0.92 
