OFF
610 610 0

0 -32.32 -7.15475
4.04 -32.32 -7.15475
4.04 -32.32 -3.11475
0 -32.32 -3.11475
0 -28.28 -3.11475
0 -28.28 -7.15475
4.04 -28.28 -7.15475
8.08 -32.32 -7.15475
8.08 -32.32 -3.11475
8.08 -28.28 -7.15475
8.08 -28.28 -3.11475
0 -28.28 -11.1948
4.04 -28.28 -11.1948
0 -24.24 -7.15475
0 -24.24 -11.1948
4.04 -24.24 -11.1948
0 -24.24 -3.11475
8.08 -24.24 -7.15475
8.08 -24.24 -3.11475
8.08 -28.28 -11.1948
8.08 -24.24 -11.1948
0 -20.2 -7.15475
0 -20.2 -11.1948
0 -20.2 -3.11475
8.08 -20.2 -7.15475
8.08 -20.2 -3.11475
8.08 -20.2 -11.1948
0 -16.16 -7.15475
0 -16.16 -11.1948
0 -16.16 -3.11475
8.08 -16.16 -7.15475
8.08 -16.16 -3.11475
8.08 -16.16 -11.1948
0 -24.24 -15.2348
4.04 -24.24 -15.2348
0 -20.2 -15.2348
4.04 -20.2 -15.2348
8.08 -24.24 -15.2348
8.08 -20.2 -15.2348
0 -16.16 -15.2348
4.04 -16.16 -15.2348
4.04 -16.16 -11.1948
8.08 -16.16 -15.2348
-4.04 -16.16 -7.15475
-4.04 -16.16 -3.11475
-4.04 -12.12 -3.11475
-4.04 -12.12 -7.15475
0 -12.12 -3.11475
0 -12.12 -7.15475
-4.04 -16.16 -11.1948
-4.04 -12.12 -11.1948
0 -12.12 -11.1948
4.04 -12.12 -11.1948
4.04 -12.12 -7.15475
4.04 -12.12 -3.11475
8.08 -12.12 -7.15475
8.08 -12.12 -3.11475
8.08 -12.12 -11.1948
0 12.12 -11.1948
4.04 12.12 -11.1948
4.04 12.12 -7.15475
0 12.12 -7.15475
0 16.16 -7.15475
0 16.16 -11.1948
4.04 16.16 -11.1948
4.04 12.12 -3.11475
0 12.12 -3.11475
0 16.16 -3.11475
8.08 12.12 -7.15475
8.08 12.12 -3.11475
8.08 16.16 -7.15475
8.08 16.16 -3.11475
8.08 12.12 -11.1948
8.08 16.16 -11.1948
-4.04 16.16 -7.15475
-4.04 16.16 -3.11475
-4.04 20.2 -3.11475
-4.04 20.2 -7.15475
0 20.2 -3.11475
0 20.2 -7.15475
-4.04 16.16 -11.1948
-4.04 20.2 -11.1948
0 20.2 -11.1948
8.08 20.2 -7.15475
8.08 20.2 -3.11475
8.08 20.2 -11.1948
0 24.24 -7.15475
0 24.24 -11.1948
0 24.24 -3.11475
8.08 24.24 -7.15475
8.08 24.24 -3.11475
8.08 24.24 -11.1948
0 16.16 -15.2348
4.04 16.16 -15.2348
0 20.2 -15.2348
4.04 20.2 -15.2348
8.08 16.16 -15.2348
8.08 20.2 -15.2348
0 24.24 -15.2348
4.04 24.24 -15.2348
4.04 24.24 -11.1948
8.08 24.24 -15.2348
-4.04 24.24 -7.15475
-4.04 24.24 -3.11475
-4.04 28.28 -3.11475
-4.04 28.28 -7.15475
0 28.28 -7.15475
0 28.28 -3.11475
0 28.28 -11.1948
4.04 28.28 -11.1948
4.04 28.28 -7.15475
8.08 28.28 -7.15475
8.08 28.28 -3.11475
8.08 28.28 -11.1948
0 32.32 -3.11475
0 32.32 -7.15475
4.04 32.32 -7.15475
4.04 32.32 -3.11475
8.08 32.32 -7.15475
8.08 32.32 -3.11475
-4.04 -32.32 -3.11475
0 -32.32 0.92525
-4.04 -32.32 0.92525
-4.04 -28.28 0.92525
-4.04 -28.28 -3.11475
0 -28.28 0.92525
-4.04 -24.24 0.92525
-4.04 -24.24 -3.11475
0 -24.24 0.92525
0 -28.28 4.96525
4.04023 -28.3843 5.06126
4.04 -28.28 9.00525
0 -28.28 9.00525
0 -24.24 9.00525
0 -24.24 4.96525
4.04 -28.28 13.0452
0 -28.28 13.0452
0 -24.24 13.0452
4.04 -24.24 13.0452
8.08 -28.28 9.00525
8.08 -28.28 13.0452
8.08 -24.24 13.0452
8.08 -24.24 9.00525
8.08 -28.28 4.96525
8.08 -24.24 4.96525
4.04001 -32.3335 0.929203
4.04 -32.32 4.96525
0 -32.32 4.96525
8.08 -32.32 0.92525
8.08 -32.32 4.96525
8.08 -28.28 0.92525
8.08 -24.24 0.92525
-4.04 -20.2 0.92525
-4.04 -20.2 -3.11475
0 -20.2 0.92525
-4.04 -24.24 9.00525
-4.04 -24.24 13.0452
-4.04 -20.2 13.0452
-4.04 -20.2 9.00525
0 -20.2 13.0452
0 -20.2 9.00525
-4.04 -24.24 4.96525
-4.04 -20.2 4.96525
0 -20.2 4.96525
8.08 -20.2 9.00525
8.08 -20.2 13.0452
8.08 -20.2 4.96525
0 -16.16 9.00525
0 -16.16 4.96525
0 -16.16 13.0452
8.08 -16.16 9.00525
8.08 -16.16 13.0452
8.08 -16.16 4.96525
8.08 -20.2 0.92525
0 -16.16 0.92525
8.08 -16.16 0.92525
0 -12.12 9.00525
0 -12.12 4.96525
4.04 -12.12 9.00525
4.04 -12.12 4.96525
0 -12.12 13.0452
4.04 -12.12 13.0452
8.08 -12.12 9.00525
8.08 -12.12 13.0452
8.08 -12.12 4.96525
0 -12.12 0.92525
4.04 -12.12 0.92525
8.08 -12.12 0.92525
0 12.12 4.96525
4.04 12.12 4.96525
4.04 12.12 9.00525
0 12.12 9.00525
0 16.16 9.00525
0 16.16 4.96525
4.04 12.12 13.0452
0 12.12 13.0452
0 16.16 13.0452
8.08 12.12 9.00525
8.08 12.12 13.0452
8.08 16.16 9.00525
8.08 16.16 13.0452
8.08 12.12 4.96525
8.08 16.16 4.96525
4.04 12.12 0.92525
0 12.12 0.92525
0 16.16 0.92525
8.08 12.12 0.92525
8.08 16.16 0.92525
-4.04 16.16 0.92525
-4.04 16.16 4.96525
-4.04 20.2 4.96525
-4.04 20.2 0.92525
0 20.2 4.96525
0 20.2 0.92525
-4.04 24.24 0.92525
0 24.24 0.92525
-4.04 16.16 9.00525
-4.04 16.16 13.0452
-4.04 20.2 13.0452
-4.04 20.2 9.00525
0 20.2 13.0452
0 20.2 9.00525
8.08 20.2 9.00525
8.08 20.2 13.0452
8.08 20.2 4.96525
0 24.24 9.00525
0 24.24 4.96525
0 24.24 13.0452
8.08 24.24 9.00525
8.08 24.24 13.0452
8.08 24.24 4.96525
8.08 20.2 0.92525
8.08 24.24 0.92525
-4.04 28.28 0.92525
0 28.28 0.92525
-4.04 32.32 0.92525
-4.04 32.32 -3.11475
0 32.32 0.92525
0 28.28 9.00525
0 28.28 4.96525
4.04 28.28 9.00525
4.04023 28.3843 5.06126
0 28.28 13.0452
4.04 24.24 13.0452
4.04 28.28 13.0452
8.08 28.28 13.0452
8.08 28.28 9.00525
8.08 28.28 4.96525
8.08 28.28 0.92525
4.04001 32.3335 0.929203
0 32.32 4.96525
4.04 32.32 4.96525
8.08 32.32 4.96525
8.08 32.32 0.92525
-8.08 -20.2 21.1253
-4.04 -20.2 21.1253
-4.04 -20.2 25.1653
-8.08 -20.2 25.1653
-8.08 -16.16 25.1653
-8.08 -16.16 21.1253
-4.04 -16.16 21.1253
-4.04135 -18.638 23.5542
-4.04 -20.2 29.2052
-8.08 -20.2 29.2052
-8.08 -16.16 29.2052
0 -20.2 25.1653
0 -20.2 29.2052
-0.000853033 -17.4409 30.7853
-4.04085 -17.4398 30.784
0 -18.6035 23.5053
0 -24.24 21.1253
4.04 -24.24 21.1253
4.04 -24.24 25.1653
0 -24.24 25.1653
0 -20.2 21.1253
4.04 -20.2 25.1653
8.08 -24.24 21.1253
8.08 -24.24 25.1653
8.08 -20.2 25.1653
8.08 -20.2 21.1253
0 -16.16 21.1253
4.04 -20.2 29.2052
4.04091 -17.4975 30.7391
8.08 -20.2 29.2052
8.08 -16.16 25.1653
8.08 -16.16 29.2052
8.08 -16.16 21.1253
4.04 -24.24 17.0852
0 -24.24 17.0852
0 -20.2 17.0852
8.08 -24.24 17.0852
8.08 -20.2 17.0852
0 -16.16 17.0852
8.08 -16.16 17.0852
-8.08 -16.16 17.0852
-4.04 -16.16 17.0852
-8.08 -12.12 21.1253
-8.08 -12.12 17.0852
-4.04 -12.12 17.0852
-4.04 -12.12 21
-8.08 -8.08 21.1253
-8.08 -8.08 17.0852
-4.04 -8.08 17.0852
-4.04 -8.08 21
-8.08 -12.12 25.1653
-8.08 -12.12 29.2052
0 -12.12 21
-8.08 -8.08 25.1653
-8.08 -8.08 29.2052
0 -8.08 21
8.08 -12.12 25.1653
8.08 -12.12 29.2052
8.08 -12.12 21.1253
2 -8.08 25.1653
2 -8.08 29.2052
4.04 -8.08 29.2052
4.04 -8.08 25.1653
8.08 -8.08 25.1653
8.08 -8.08 29.2052
8.08 -8.08 21.1253
4.04 -8.08 21.1253
0 -12.12 17.0852
4.04 -12.12 17.0852
8.08 -12.12 17.0852
0 -8.08 17.0852
4.04 -8.08 17.0852
8.08 -8.08 17.0852
-8.08 -4.04 21.1253
-8.08 -4.04 17.0852
-4.04 -4.04 17.0852
-4.04 -4.04 21
-8.08 0 21.1253
-8.08 0 17.0852
-4.04 0 17.0852
-4.04 0 21
-8.08 -4.04 25.1653
-8.08 -4.04 29.2052
2 -4.04 25.1653
2 -4.04 29.2052
0 -4.04 21
-8.08 0 25.1653
-8.08 0 29.2052
2 0 25.1653
2 0 29.2052
0 0 21
4.04 -4.04 25.1653
4.04 -4.04 21.1253
4.04 0 25.1653
4.04 0 21.1253
-8.08 4.04 21.1253
-8.08 4.04 17.0852
-4.04 4.04 17.0852
-4.04 4.04 21
-8.08 8.08 21.1253
-8.08 8.08 17.0852
-4.04 8.08 17.0852
-4.04 8.08 21
-8.08 4.04 25.1653
-8.08 4.04 29.2052
2 4.04 25.1653
2 4.04 29.2052
0 4.04 21
-8.08 8.08 25.1653
-8.08 8.08 29.2052
2 8.08 25.1653
2 8.08 29.2052
0 8.08 21
4.04 4.04 25.1653
4.04 4.04 21.1253
4.04 8.08 25.1653
4.04 8.08 21.1253
-8.08 12.12 21.1253
-8.08 12.12 17.0852
-4.04 12.12 17.0852
-4.04 12.12 21
-8.08 16.16 21.1253
-8.08 16.16 17.0852
-4.04 16.16 17.0852
-4.04 16.16 21.1253
-8.08 12.12 25.1653
-8.08 12.12 29.2052
0 12.12 21
-8.08 16.16 25.1653
-8.08 16.16 29.2052
0 16.16 21.1253
-4.04135 18.638 23.5542
0 18.6035 23.5053
4.04 8.08 29.2052
8.08 8.08 25.1653
8.08 8.08 29.2052
8.08 12.12 25.1653
8.08 12.12 29.2052
8.08 8.08 21.1253
8.08 12.12 21.1253
8.08 16.16 25.1653
8.08 16.16 29.2052
8.08 16.16 21.1253
0 8.08 17.0852
4.04 8.08 17.0852
0 12.12 17.0852
4.04 12.12 17.0852
8.08 8.08 17.0852
8.08 12.12 17.0852
0 16.16 17.0852
8.08 16.16 17.0852
-8.08 20.2 25.1653
-8.08 20.2 21.1253
-4.04 20.2 21.1253
-4.04 20.2 25.1653
-8.08 20.2 29.2052
-4.04 20.2 29.2052
-4.04085 17.4398 30.784
-0.000853033 17.4409 30.7853
0 20.2 29.2052
0 20.2 25.1653
0 20.2 21.1253
4.04091 17.4975 30.7391
4.04 20.2 29.2052
4.04 20.2 25.1653
8.08 20.2 25.1653
8.08 20.2 29.2052
8.08 20.2 21.1253
0 24.24 25.1653
0 24.24 21.1253
4.04 24.24 25.1653
4.04 24.24 21.1253
8.08 24.24 25.1653
8.08 24.24 21.1253
0 20.2 17.0852
8.08 20.2 17.0852
0 24.24 17.0852
4.04 24.24 17.0852
8.08 24.24 17.0852
-4.04 -20.2 33.2452
-8.08 -20.2 33.2452
-8.08 -16.16 33.2452
-4.04 -16.16 33.2452
8.08 -20.2 33.2452
4.04 -20.2 33.2452
4.04 -16.16 33.2452
8.08 -16.16 33.2452
-8.08 -12.12 33.2452
-4.04 -12.12 33.2452
0 -16.16 33.2452
0 -12.12 33.2452
-8.08 -8.08 33.2452
-4.04 -8.08 33.2452
0 -8.08 33.2452
-8.08 -12.12 37.2852
-4.04 -12.12 37.2852
-4.04 -12.12 41.3252
-8.08 -12.12 41.3252
-8.08 -8.08 41.3252
-8.08 -8.08 37.2852
-4.04 -8.08 37.2852
-4.04 -8.5 41.3252
-4.04 -12.12 45.3653
-8.08 -12.12 45.3653
-8.08 -8.08 45.3653
-4.04 -8.5 45.3653
4.04 -12.12 33.2452
8.08 -12.12 33.2452
4.04 -8.08 33.2452
8.08 -8.08 33.2452
-8.08 -4.04 33.2452
-8.08 -4.04 37.2852
0 -8.08 37.2852
-4.03999 -3.57644 33.9917
-4.04 -4.04 37.2852
0 -4.04 37.2852
-5.21133e-06 -3.57632 33.9916
-8.08 0 33.2452
-8.08 0 37.2852
-4.04 0 37.2852
-4.04 0 33.2452
0 0 33.2452
-8.08 -4.04 41.3252
-4.04 -4.04 41.3252
-8.08 -4.04 45.3653
-4.04 -4.04 45.3653
0 -8.5 41.3252
0 -8.5 45.3653
0 -4.04 45.3653
0 -4.04 41.3252
4.04 -8.08 37.2852
4.04 -8.08 41.3252
4.04 -4.04 37.2852
4.04 -4.04 41.3252
4.04 -8.08 45.3653
4.04 -4.04 45.3653
4.04 -4.04 29.2052
4.04 -4.04 33.2452
-8.08 4.04 33.2452
-8.08 4.04 37.2852
-4.04 4.04 37.2852
-4.04 3.57633 33.9916
-3.24717e-06 3.57632 33.9916
-8.08 8.08 33.2452
-8.08 8.08 37.2852
-4.04 8.08 37.2852
-4.04 8.08 33.2452
0 4.04 37.2852
0 8.08 37.2852
0 8.08 33.2452
-4.04 4.04 41.3252
-8.08 4.04 41.3252
-8.08 8.08 41.3252
-4.04 4.04 45.3653
-8.08 4.04 45.3653
-8.08 8.08 45.3653
0 4.04 41.3252
0 4.04 45.3653
-4.04 8.5 41.3252
-4.04 8.5 45.3653
0 8.5 45.3653
0 8.5 41.3252
4.04 4.04 37.2852
4.04 4.04 41.3252
4.04 8.08 37.2852
4.04 8.08 41.3252
4.04 4.04 45.3653
4.04 8.08 45.3653
4.04 4.04 29.2052
4.04 4.04 33.2452
4.04 8.08 33.2452
-8.08 12.12 33.2452
-4.04 12.12 33.2452
0 12.12 33.2452
-8.08 16.16 33.2452
-4.04 16.16 33.2452
0 16.16 33.2452
-8.08 12.12 41.3252
-8.08 12.12 37.2852
-4.04 12.12 37.2852
-4.04 12.12 41.3252
-8.08 12.12 45.3653
-4.04 12.12 45.3653
0 12.12 41.3252
0 12.12 37.2852
4.04 12.12 41.3252
4.04 12.12 37.2852
4.04 12.12 33.2452
8.08 8.08 33.2452
8.08 12.12 33.2452
4.04 16.16 33.2452
8.08 16.16 33.2452
-8.08 20.2 33.2452
-4.04 20.2 33.2452
4.04 20.2 33.2452
8.08 20.2 33.2452
-4.04 -12.12 49.4053
-8.08 -12.12 49.4053
-8.08 -8.08 49.4053
-4.04 -8.08 49.4053
-4.04 -12.12 53.4453
-8.08 -12.12 53.4453
-8.08 -8.08 53.4453
-4.08889 -8.08 53.6276
0 -12.12 49.4053
0 -12.12 53.4453
0 -8.08 53.4453
-0.318575 -8.07981 49.3467
0 -12.12 45.3653
4.04 -12.12 45.3653
4.04 -12.12 49.4053
4.04 -8.08 49.4053
4.04 -12.12 53.4453
4.04 -8.08 53.4453
-8.08 -4.04 49.4053
-8.08 -4.04 53.4453
-4.08889 -4.04 53.6276
0 -4.04 53.4453
-4.04 -4.04 49.4053
-0.31625 -4.03981 49.3471
-8.08 0 49.4053
-8.08 0 45.3653
-4.04 0 45.3653
-4.04 0 49.4053
-8.08 0 53.4453
-4.04 0 53.4453
0 0 53.4453
0 0 49.4053
4.04 -4.04 49.4053
4.04 -4.04 53.4453
0 0 45.3653
4.04 0 45.3653
4.04 0 49.4053
4.04 0 53.4453
-8.08 4.04 49.4053
-4.04 4.04 49.4053
-8.08 4.04 53.4453
-4.08889 4.04 53.6276
0 4.04 53.4453
-0.953499 4.0404 49.1978
-8.08 8.08 49.4053
-8.08 8.08 53.4453
-4.08889 8.08 53.6276
0 8.08 53.4453
-4.04 8.08 49.4053
0 8.5 49.4053
4.04 4.04 49.4053
4.04 4.04 53.4453
4.04 8.08 49.4053
4.04 8.08 53.4453
-8.08 12.12 49.4053
-4.04 12.12 49.4053
-8.08 12.12 53.4453
-4.04 12.12 53.4453
0 12.12 53.4453
0 12.12 49.4053

4 0 1 2 3  0.217 0.92 0.92 
4 0 3 4 5  0.217 0.92 0.92 
4 1 0 5 6  0.217 0.92 0.92 
4 1 7 8 2  0.217 0.92 0.92 
4 8 7 9 10  0.217 0.92 0.92 
4 7 1 6 9  0.217 0.92 0.92 
4 11 12 6 5  0.217 0.92 0.92 
4 11 5 13 14  0.217 0.92 0.92 
4 12 11 14 15  0.217 0.92 0.92 
4 5 4 16 13  0.217 0.92 0.92 
4 10 9 17 18  0.217 0.92 0.92 
4 12 19 9 6  0.217 0.92 0.92 
4 9 19 20 17  0.217 0.92 0.92 
4 19 12 15 20  0.217 0.92 0.92 
4 14 13 21 22  0.217 0.92 0.92 
4 13 16 23 21  0.217 0.92 0.92 
4 18 17 24 25  0.217 0.92 0.92 
4 17 20 26 24  0.217 0.92 0.92 
4 22 21 27 28  0.217 0.92 0.92 
4 21 23 29 27  0.217 0.92 0.92 
4 25 24 30 31  0.217 0.92 0.92 
4 24 26 32 30  0.217 0.92 0.92 
4 33 34 15 14  0.217 0.92 0.92 
4 33 14 22 35  0.217 0.92 0.92 
4 34 33 35 36  0.217 0.92 0.92 
4 34 37 20 15  0.217 0.92 0.92 
4 20 37 38 26  0.217 0.92 0.92 
4 37 34 36 38  0.217 0.92 0.92 
4 35 22 28 39  0.217 0.92 0.92 
4 36 35 39 40  0.217 0.92 0.92 
4 39 28 41 40  0.217 0.92 0.92 
4 26 38 42 32  0.217 0.92 0.92 
4 38 36 40 42  0.217 0.92 0.92 
4 40 41 32 42  0.217 0.92 0.92 
4 43 27 29 44  0.217 0.92 0.92 
4 43 44 45 46  0.217 0.92 0.92 
4 44 29 47 45  0.217 0.92 0.92 
4 46 45 47 48  0.217 0.92 0.92 
4 49 28 27 43  0.217 0.92 0.92 
4 49 43 46 50  0.217 0.92 0.92 
4 28 49 50 51  0.217 0.92 0.92 
4 50 46 48 51  0.217 0.92 0.92 
4 41 28 51 52  0.217 0.92 0.92 
4 51 48 53 52  0.217 0.92 0.92 
4 48 47 54 53  0.217 0.92 0.92 
4 31 30 55 56  0.217 0.92 0.92 
4 53 54 56 55  0.217 0.92 0.92 
4 30 32 57 55  0.217 0.92 0.92 
4 32 41 52 57  0.217 0.92 0.92 
4 52 53 55 57  0.217 0.92 0.92 
4 58 59 60 61  0.217 0.92 0.92 
4 58 61 62 63  0.217 0.92 0.92 
4 59 58 63 64  0.217 0.92 0.92 
4 61 60 65 66  0.217 0.92 0.92 
4 61 66 67 62  0.217 0.92 0.92 
4 60 68 69 65  0.217 0.92 0.92 
4 69 68 70 71  0.217 0.92 0.92 
4 59 72 68 60  0.217 0.92 0.92 
4 68 72 73 70  0.217 0.92 0.92 
4 72 59 64 73  0.217 0.92 0.92 
4 74 62 67 75  0.217 0.92 0.92 
4 74 75 76 77  0.217 0.92 0.92 
4 77 76 78 79  0.217 0.92 0.92 
4 80 63 62 74  0.217 0.92 0.92 
4 80 74 77 81  0.217 0.92 0.92 
4 63 80 81 82  0.217 0.92 0.92 
4 81 77 79 82  0.217 0.92 0.92 
4 71 70 83 84  0.217 0.92 0.92 
4 70 73 85 83  0.217 0.92 0.92 
4 82 79 86 87  0.217 0.92 0.92 
4 79 78 88 86  0.217 0.92 0.92 
4 84 83 89 90  0.217 0.92 0.92 
4 83 85 91 89  0.217 0.92 0.92 
4 92 93 64 63  0.217 0.92 0.92 
4 92 63 82 94  0.217 0.92 0.92 
4 93 92 94 95  0.217 0.92 0.92 
4 93 96 73 64  0.217 0.92 0.92 
4 73 96 97 85  0.217 0.92 0.92 
4 96 93 95 97  0.217 0.92 0.92 
4 94 82 87 98  0.217 0.92 0.92 
4 95 94 98 99  0.217 0.92 0.92 
4 98 87 100 99  0.217 0.92 0.92 
4 85 97 101 91  0.217 0.92 0.92 
4 97 95 99 101  0.217 0.92 0.92 
4 99 100 91 101  0.217 0.92 0.92 
4 102 86 88 103  0.217 0.92 0.92 
4 102 103 104 105  0.217 0.92 0.92 
4 86 102 105 106  0.217 0.92 0.92 
4 105 104 107 106  0.217 0.92 0.92 
4 87 86 106 108  0.217 0.92 0.92 
4 100 87 108 109  0.217 0.92 0.92 
4 108 106 110 109  0.217 0.92 0.92 
4 90 89 111 112  0.217 0.92 0.92 
4 89 91 113 111  0.217 0.92 0.92 
4 91 100 109 113  0.217 0.92 0.92 
4 109 110 111 113  0.217 0.92 0.92 
4 106 107 114 115  0.217 0.92 0.92 
4 110 106 115 116  0.217 0.92 0.92 
4 115 114 117 116  0.217 0.92 0.92 
4 112 111 118 119  0.217 0.92 0.92 
4 111 110 116 118  0.217 0.92 0.92 
4 116 117 119 118  0.217 0.92 0.92 
4 120 3 121 122  0.217 0.92 0.92 
4 120 122 123 124  0.217 0.92 0.92 
4 122 121 125 123  0.217 0.92 0.92 
4 3 120 124 4  0.217 0.92 0.92 
4 124 123 126 127  0.217 0.92 0.92 
4 123 125 128 126  0.217 0.92 0.92 
4 4 124 127 16  0.217 0.92 0.92 
4 129 130 131 132  0.217 0.92 0.92 
4 129 132 133 134  0.217 0.92 0.92 
4 132 131 135 136  0.217 0.92 0.92 
4 132 136 137 133  0.217 0.92 0.92 
4 136 135 138 137  0.217 0.92 0.92 
4 131 139 140 135  0.217 0.92 0.92 
4 135 140 141 138  0.217 0.92 0.92 
4 140 139 142 141  0.217 0.92 0.92 
4 130 143 139 131  0.217 0.92 0.92 
4 139 143 144 142  0.217 0.92 0.92 
4 3 2 145 121  0.217 0.92 0.92 
4 121 145 146 147  0.217 0.92 0.92 
4 121 147 129 125  0.217 0.92 0.92 
4 147 146 130 129  0.217 0.92 0.92 
4 145 148 149 146  0.217 0.92 0.92 
4 146 149 143 130  0.217 0.92 0.92 
4 149 148 150 143  0.217 0.92 0.92 
4 2 8 148 145  0.217 0.92 0.92 
4 148 8 10 150  0.217 0.92 0.92 
4 125 129 134 128  0.217 0.92 0.92 
4 143 150 151 144  0.217 0.92 0.92 
4 150 10 18 151  0.217 0.92 0.92 
4 127 126 152 153  0.217 0.92 0.92 
4 126 128 154 152  0.217 0.92 0.92 
4 16 127 153 23  0.217 0.92 0.92 
4 153 152 154 23  0.217 0.92 0.92 
4 155 133 137 156  0.217 0.92 0.92 
4 155 156 157 158  0.217 0.92 0.92 
4 156 137 159 157  0.217 0.92 0.92 
4 158 157 159 160  0.217 0.92 0.92 
4 161 134 133 155  0.217 0.92 0.92 
4 161 155 158 162  0.217 0.92 0.92 
4 134 161 162 163  0.217 0.92 0.92 
4 162 158 160 163  0.217 0.92 0.92 
4 141 142 164 165  0.217 0.92 0.92 
4 142 144 166 164  0.217 0.92 0.92 
4 163 160 167 168  0.217 0.92 0.92 
4 160 159 169 167  0.217 0.92 0.92 
4 165 164 170 171  0.217 0.92 0.92 
4 164 166 172 170  0.217 0.92 0.92 
4 128 134 163 154  0.217 0.92 0.92 
4 144 151 173 166  0.217 0.92 0.92 
4 151 18 25 173  0.217 0.92 0.92 
4 23 154 174 29  0.217 0.92 0.92 
4 154 163 168 174  0.217 0.92 0.92 
4 166 173 175 172  0.217 0.92 0.92 
4 173 25 31 175  0.217 0.92 0.92 
4 168 167 176 177  0.217 0.92 0.92 
4 177 176 178 179  0.217 0.92 0.92 
4 167 169 180 176  0.217 0.92 0.92 
4 176 180 181 178  0.217 0.92 0.92 
4 171 170 182 183  0.217 0.92 0.92 
4 178 181 183 182  0.217 0.92 0.92 
4 170 172 184 182  0.217 0.92 0.92 
4 179 178 182 184  0.217 0.92 0.92 
4 29 174 185 47  0.217 0.92 0.92 
4 47 185 186 54  0.217 0.92 0.92 
4 174 168 177 185  0.217 0.92 0.92 
4 185 177 179 186  0.217 0.92 0.92 
4 172 175 187 184  0.217 0.92 0.92 
4 186 179 184 187  0.217 0.92 0.92 
4 175 31 56 187  0.217 0.92 0.92 
4 54 186 187 56  0.217 0.92 0.92 
4 188 189 190 191  0.217 0.92 0.92 
4 188 191 192 193  0.217 0.92 0.92 
4 191 190 194 195  0.217 0.92 0.92 
4 191 195 196 192  0.217 0.92 0.92 
4 190 197 198 194  0.217 0.92 0.92 
4 198 197 199 200  0.217 0.92 0.92 
4 189 201 197 190  0.217 0.92 0.92 
4 197 201 202 199  0.217 0.92 0.92 
4 66 65 203 204  0.217 0.92 0.92 
4 66 204 205 67  0.217 0.92 0.92 
4 204 203 189 188  0.217 0.92 0.92 
4 204 188 193 205  0.217 0.92 0.92 
4 203 206 201 189  0.217 0.92 0.92 
4 201 206 207 202  0.217 0.92 0.92 
4 65 69 206 203  0.217 0.92 0.92 
4 206 69 71 207  0.217 0.92 0.92 
4 208 205 193 209  0.217 0.92 0.92 
4 208 209 210 211  0.217 0.92 0.92 
4 211 210 212 213  0.217 0.92 0.92 
4 75 67 205 208  0.217 0.92 0.92 
4 75 208 211 76  0.217 0.92 0.92 
4 76 211 214 103  0.217 0.92 0.92 
4 211 213 215 214  0.217 0.92 0.92 
4 78 76 103 88  0.217 0.92 0.92 
4 216 192 196 217  0.217 0.92 0.92 
4 216 217 218 219  0.217 0.92 0.92 
4 217 196 220 218  0.217 0.92 0.92 
4 219 218 220 221  0.217 0.92 0.92 
4 209 193 192 216  0.217 0.92 0.92 
4 209 216 219 210  0.217 0.92 0.92 
4 210 219 221 212  0.217 0.92 0.92 
4 200 199 222 223  0.217 0.92 0.92 
4 199 202 224 222  0.217 0.92 0.92 
4 212 221 225 226  0.217 0.92 0.92 
4 221 220 227 225  0.217 0.92 0.92 
4 223 222 228 229  0.217 0.92 0.92 
4 222 224 230 228  0.217 0.92 0.92 
4 202 207 231 224  0.217 0.92 0.92 
4 207 71 84 231  0.217 0.92 0.92 
4 213 212 226 215  0.217 0.92 0.92 
4 224 231 232 230  0.217 0.92 0.92 
4 231 84 90 232  0.217 0.92 0.92 
4 103 214 233 104  0.217 0.92 0.92 
4 214 215 234 233  0.217 0.92 0.92 
4 104 233 235 236  0.217 0.92 0.92 
4 233 234 237 235  0.217 0.92 0.92 
4 107 104 236 114  0.217 0.92 0.92 
4 236 235 237 114  0.217 0.92 0.92 
4 226 225 238 239  0.217 0.92 0.92 
4 239 238 240 241  0.217 0.92 0.92 
4 225 227 242 238  0.217 0.92 0.92 
4 227 243 244 242  0.217 0.92 0.92 
4 238 242 244 240  0.217 0.92 0.92 
4 243 229 245 244  0.217 0.92 0.92 
4 229 228 246 245  0.217 0.92 0.92 
4 240 244 245 246  0.217 0.92 0.92 
4 228 230 247 246  0.217 0.92 0.92 
4 241 240 246 247  0.217 0.92 0.92 
4 215 226 239 234  0.217 0.92 0.92 
4 230 232 248 247  0.217 0.92 0.92 
4 232 90 112 248  0.217 0.92 0.92 
4 114 237 249 117  0.217 0.92 0.92 
4 234 239 250 237  0.217 0.92 0.92 
4 239 241 251 250  0.217 0.92 0.92 
4 237 250 251 249  0.217 0.92 0.92 
4 241 247 252 251  0.217 0.92 0.92 
4 247 248 253 252  0.217 0.92 0.92 
4 249 251 252 253  0.217 0.92 0.92 
4 248 112 119 253  0.217 0.92 0.92 
4 117 249 253 119  0.217 0.92 0.92 
4 254 255 256 257  0.217 0.92 0.92 
4 254 257 258 259  0.217 0.92 0.92 
4 256 255 260 261  0.217 0.92 0.92 
4 255 254 259 260  0.217 0.92 0.92 
4 257 256 262 263  0.217 0.92 0.92 
4 257 263 264 258  0.217 0.92 0.92 
4 256 265 266 262  0.217 0.92 0.92 
4 262 266 267 268  0.217 0.92 0.92 
4 265 256 261 269  0.217 0.92 0.92 
4 270 271 272 273  0.217 0.92 0.92 
4 270 273 265 274  0.217 0.92 0.92 
4 273 272 275 265  0.217 0.92 0.92 
4 271 276 277 272  0.217 0.92 0.92 
4 272 277 278 275  0.217 0.92 0.92 
4 277 276 279 278  0.217 0.92 0.92 
4 274 265 269 280  0.217 0.92 0.92 
4 265 275 281 266  0.217 0.92 0.92 
4 266 281 282 267  0.217 0.92 0.92 
4 275 278 283 281  0.217 0.92 0.92 
4 283 278 284 285  0.217 0.92 0.92 
4 278 279 286 284  0.217 0.92 0.92 
4 137 138 287 288  0.217 0.92 0.92 
4 137 288 289 159  0.217 0.92 0.92 
4 288 287 271 270  0.217 0.92 0.92 
4 288 270 274 289  0.217 0.92 0.92 
4 287 290 276 271  0.217 0.92 0.92 
4 276 290 291 279  0.217 0.92 0.92 
4 138 141 290 287  0.217 0.92 0.92 
4 290 141 165 291  0.217 0.92 0.92 
4 159 289 292 169  0.217 0.92 0.92 
4 289 274 280 292  0.217 0.92 0.92 
4 279 291 293 286  0.217 0.92 0.92 
4 291 165 171 293  0.217 0.92 0.92 
4 294 295 260 259  0.217 0.92 0.92 
4 294 259 296 297  0.217 0.92 0.92 
4 260 295 298 299  0.217 0.92 0.92 
4 295 294 297 298  0.217 0.92 0.92 
4 297 296 300 301  0.217 0.92 0.92 
4 299 298 302 303  0.217 0.92 0.92 
4 298 297 301 302  0.217 0.92 0.92 
4 259 258 304 296  0.217 0.92 0.92 
4 258 264 305 304  0.217 0.92 0.92 
4 260 280 269 261  0.217 0.92 0.92 
4 280 260 299 306  0.217 0.92 0.92 
4 296 304 307 300  0.217 0.92 0.92 
4 304 305 308 307  0.217 0.92 0.92 
4 306 299 303 309  0.217 0.92 0.92 
4 285 284 310 311  0.217 0.92 0.92 
4 284 286 312 310  0.217 0.92 0.92 
4 313 314 315 316  0.217 0.92 0.92 
4 311 310 317 318  0.217 0.92 0.92 
4 316 315 318 317  0.217 0.92 0.92 
4 310 312 319 317  0.217 0.92 0.92 
4 320 316 317 319  0.217 0.92 0.92 
4 169 292 321 180  0.217 0.92 0.92 
4 180 321 322 181  0.217 0.92 0.92 
4 292 280 306 321  0.217 0.92 0.92 
4 286 293 323 312  0.217 0.92 0.92 
4 293 171 183 323  0.217 0.92 0.92 
4 181 322 323 183  0.217 0.92 0.92 
4 321 306 309 324  0.217 0.92 0.92 
4 322 321 324 325  0.217 0.92 0.92 
4 324 309 320 325  0.217 0.92 0.92 
4 312 323 326 319  0.217 0.92 0.92 
4 323 322 325 326  0.217 0.92 0.92 
4 325 320 319 326  0.217 0.92 0.92 
4 301 300 327 328  0.217 0.92 0.92 
4 303 302 329 330  0.217 0.92 0.92 
4 302 301 328 329  0.217 0.92 0.92 
4 328 327 331 332  0.217 0.92 0.92 
4 330 329 333 334  0.217 0.92 0.92 
4 329 328 332 333  0.217 0.92 0.92 
4 300 307 335 327  0.217 0.92 0.92 
4 307 308 336 335  0.217 0.92 0.92 
4 314 313 337 338  0.217 0.92 0.92 
4 309 303 330 339  0.217 0.92 0.92 
4 327 335 340 331  0.217 0.92 0.92 
4 335 336 341 340  0.217 0.92 0.92 
4 338 337 342 343  0.217 0.92 0.92 
4 339 330 334 344  0.217 0.92 0.92 
4 313 316 345 337  0.217 0.92 0.92 
4 316 320 346 345  0.217 0.92 0.92 
4 320 309 339 346  0.217 0.92 0.92 
4 337 345 347 342  0.217 0.92 0.92 
4 345 346 348 347  0.217 0.92 0.92 
4 346 339 344 348  0.217 0.92 0.92 
4 332 331 349 350  0.217 0.92 0.92 
4 334 333 351 352  0.217 0.92 0.92 
4 333 332 350 351  0.217 0.92 0.92 
4 350 349 353 354  0.217 0.92 0.92 
4 352 351 355 356  0.217 0.92 0.92 
4 351 350 354 355  0.217 0.92 0.92 
4 331 340 357 349  0.217 0.92 0.92 
4 340 341 358 357  0.217 0.92 0.92 
4 343 342 359 360  0.217 0.92 0.92 
4 344 334 352 361  0.217 0.92 0.92 
4 349 357 362 353  0.217 0.92 0.92 
4 357 358 363 362  0.217 0.92 0.92 
4 360 359 364 365  0.217 0.92 0.92 
4 361 352 356 366  0.217 0.92 0.92 
4 342 347 367 359  0.217 0.92 0.92 
4 347 348 368 367  0.217 0.92 0.92 
4 348 344 361 368  0.217 0.92 0.92 
4 359 367 369 364  0.217 0.92 0.92 
4 367 368 370 369  0.217 0.92 0.92 
4 368 361 366 370  0.217 0.92 0.92 
4 354 353 371 372  0.217 0.92 0.92 
4 356 355 373 374  0.217 0.92 0.92 
4 355 354 372 373  0.217 0.92 0.92 
4 372 371 375 376  0.217 0.92 0.92 
4 374 373 377 378  0.217 0.92 0.92 
4 373 372 376 377  0.217 0.92 0.92 
4 376 375 378 377  0.217 0.92 0.92 
4 353 362 379 371  0.217 0.92 0.92 
4 362 363 380 379  0.217 0.92 0.92 
4 366 356 374 381  0.217 0.92 0.92 
4 371 379 382 375  0.217 0.92 0.92 
4 379 380 383 382  0.217 0.92 0.92 
4 381 374 378 384  0.217 0.92 0.92 
4 378 385 386 384  0.217 0.92 0.92 
4 364 369 387 365  0.217 0.92 0.92 
4 369 388 389 387  0.217 0.92 0.92 
4 389 388 390 391  0.217 0.92 0.92 
4 370 392 388 369  0.217 0.92 0.92 
4 388 392 393 390  0.217 0.92 0.92 
4 391 390 394 395  0.217 0.92 0.92 
4 390 393 396 394  0.217 0.92 0.92 
4 397 398 370 366  0.217 0.92 0.92 
4 397 366 381 399  0.217 0.92 0.92 
4 398 397 399 400  0.217 0.92 0.92 
4 398 401 392 370  0.217 0.92 0.92 
4 392 401 402 393  0.217 0.92 0.92 
4 401 398 400 402  0.217 0.92 0.92 
4 195 194 400 399  0.217 0.92 0.92 
4 195 399 403 196  0.217 0.92 0.92 
4 399 381 384 403  0.217 0.92 0.92 
4 393 402 404 396  0.217 0.92 0.92 
4 194 198 402 400  0.217 0.92 0.92 
4 402 198 200 404  0.217 0.92 0.92 
4 375 382 405 406  0.217 0.92 0.92 
4 385 378 407 408  0.217 0.92 0.92 
4 378 375 406 407  0.217 0.92 0.92 
4 406 405 408 407  0.217 0.92 0.92 
4 382 383 409 405  0.217 0.92 0.92 
4 405 409 410 408  0.217 0.92 0.92 
4 411 412 413 410  0.217 0.92 0.92 
4 386 385 408 414  0.217 0.92 0.92 
4 408 410 413 414  0.217 0.92 0.92 
4 384 386 414 415  0.217 0.92 0.92 
4 412 416 417 413  0.217 0.92 0.92 
4 414 413 417 418  0.217 0.92 0.92 
4 395 394 419 420  0.217 0.92 0.92 
4 418 417 420 419  0.217 0.92 0.92 
4 394 396 421 419  0.217 0.92 0.92 
4 415 414 422 423  0.217 0.92 0.92 
4 414 418 424 422  0.217 0.92 0.92 
4 423 422 424 425  0.217 0.92 0.92 
4 418 419 426 424  0.217 0.92 0.92 
4 419 421 427 426  0.217 0.92 0.92 
4 425 424 426 427  0.217 0.92 0.92 
4 196 403 428 220  0.217 0.92 0.92 
4 403 384 415 428  0.217 0.92 0.92 
4 396 404 429 421  0.217 0.92 0.92 
4 404 200 223 429  0.217 0.92 0.92 
4 220 428 430 227  0.217 0.92 0.92 
4 227 430 431 243  0.217 0.92 0.92 
4 428 415 423 430  0.217 0.92 0.92 
4 430 423 425 431  0.217 0.92 0.92 
4 421 429 432 427  0.217 0.92 0.92 
4 431 425 427 432  0.217 0.92 0.92 
4 429 223 229 432  0.217 0.92 0.92 
4 243 431 432 229  0.217 0.92 0.92 
4 263 262 433 434  0.217 0.92 0.92 
4 263 434 435 264  0.217 0.92 0.92 
4 434 433 436 435  0.217 0.92 0.92 
4 433 262 268 436  0.217 0.92 0.92 
4 281 283 437 438  0.217 0.92 0.92 
4 281 438 439 282  0.217 0.92 0.92 
4 438 437 440 439  0.217 0.92 0.92 
4 437 283 285 440  0.217 0.92 0.92 
4 264 435 441 305  0.217 0.92 0.92 
4 435 436 442 441  0.217 0.92 0.92 
4 268 267 443 436  0.217 0.92 0.92 
4 436 443 444 442  0.217 0.92 0.92 
4 305 441 445 308  0.217 0.92 0.92 
4 441 442 446 445  0.217 0.92 0.92 
4 442 444 447 446  0.217 0.92 0.92 
4 448 449 450 451  0.217 0.92 0.92 
4 448 451 452 453  0.217 0.92 0.92 
4 450 449 454 455  0.217 0.92 0.92 
4 449 448 453 454  0.217 0.92 0.92 
4 451 450 456 457  0.217 0.92 0.92 
4 451 457 458 452  0.217 0.92 0.92 
4 456 450 455 459  0.217 0.92 0.92 
4 267 282 439 443  0.217 0.92 0.92 
4 443 439 460 444  0.217 0.92 0.92 
4 439 440 461 460  0.217 0.92 0.92 
4 440 285 311 461  0.217 0.92 0.92 
4 444 460 462 447  0.217 0.92 0.92 
4 460 461 463 462  0.217 0.92 0.92 
4 461 311 318 463  0.217 0.92 0.92 
4 315 462 463 318  0.217 0.92 0.92 
4 308 445 464 336  0.217 0.92 0.92 
4 445 446 454 453  0.217 0.92 0.92 
4 445 453 465 464  0.217 0.92 0.92 
4 446 447 466 454  0.217 0.92 0.92 
4 467 468 469 470  0.217 0.92 0.92 
4 336 464 471 341  0.217 0.92 0.92 
4 464 465 472 471  0.217 0.92 0.92 
4 465 468 473 472  0.217 0.92 0.92 
4 468 467 474 473  0.217 0.92 0.92 
4 467 470 475 474  0.217 0.92 0.92 
4 470 338 343 475  0.217 0.92 0.92 
4 453 452 476 465  0.217 0.92 0.92 
4 465 476 477 468  0.217 0.92 0.92 
4 452 458 478 476  0.217 0.92 0.92 
4 476 478 479 477  0.217 0.92 0.92 
4 455 480 481 459  0.217 0.92 0.92 
4 477 479 482 483  0.217 0.92 0.92 
4 454 466 480 455  0.217 0.92 0.92 
4 468 477 483 469  0.217 0.92 0.92 
4 466 484 485 480  0.217 0.92 0.92 
4 485 484 486 487  0.217 0.92 0.92 
4 469 483 487 486  0.217 0.92 0.92 
4 480 485 488 481  0.217 0.92 0.92 
4 488 485 487 489  0.217 0.92 0.92 
4 483 482 489 487  0.217 0.92 0.92 
4 462 315 490 491  0.217 0.92 0.92 
4 315 314 338 490  0.217 0.92 0.92 
4 338 470 491 490  0.217 0.92 0.92 
4 447 462 484 466  0.217 0.92 0.92 
4 484 462 491 486  0.217 0.92 0.92 
4 470 469 486 491  0.217 0.92 0.92 
4 341 471 492 358  0.217 0.92 0.92 
4 471 472 493 492  0.217 0.92 0.92 
4 472 473 494 493  0.217 0.92 0.92 
4 473 474 495 494  0.217 0.92 0.92 
4 474 475 496 495  0.217 0.92 0.92 
4 475 343 360 496  0.217 0.92 0.92 
4 358 492 497 363  0.217 0.92 0.92 
4 492 493 498 497  0.217 0.92 0.92 
4 497 498 499 500  0.217 0.92 0.92 
4 495 496 501 494  0.217 0.92 0.92 
4 500 499 502 503  0.217 0.92 0.92 
4 493 494 504 505  0.217 0.92 0.92 
4 493 505 506 498  0.217 0.92 0.92 
4 505 504 507 508  0.217 0.92 0.92 
4 505 508 509 506  0.217 0.92 0.92 
4 504 510 511 507  0.217 0.92 0.92 
4 512 513 514 515  0.217 0.92 0.92 
4 494 501 510 504  0.217 0.92 0.92 
4 501 516 517 510  0.217 0.92 0.92 
4 517 516 518 519  0.217 0.92 0.92 
4 510 517 520 511  0.217 0.92 0.92 
4 520 517 519 521  0.217 0.92 0.92 
4 515 514 521 519  0.217 0.92 0.92 
4 360 522 523 496  0.217 0.92 0.92 
4 523 522 387 524  0.217 0.92 0.92 
4 522 360 365 387  0.217 0.92 0.92 
4 496 523 516 501  0.217 0.92 0.92 
4 516 523 524 518  0.217 0.92 0.92 
4 503 502 518 524  0.217 0.92 0.92 
4 363 497 525 380  0.217 0.92 0.92 
4 497 500 526 525  0.217 0.92 0.92 
4 500 503 527 526  0.217 0.92 0.92 
4 380 525 528 383  0.217 0.92 0.92 
4 525 526 529 528  0.217 0.92 0.92 
4 526 527 530 529  0.217 0.92 0.92 
4 411 529 530 412  0.217 0.92 0.92 
4 498 506 531 532  0.217 0.92 0.92 
4 499 498 532 533  0.217 0.92 0.92 
4 532 531 534 533  0.217 0.92 0.92 
4 506 509 535 531  0.217 0.92 0.92 
4 513 512 534 536  0.217 0.92 0.92 
4 531 535 536 534  0.217 0.92 0.92 
4 512 515 537 534  0.217 0.92 0.92 
4 502 499 533 538  0.217 0.92 0.92 
4 533 534 537 538  0.217 0.92 0.92 
4 515 519 539 537  0.217 0.92 0.92 
4 519 518 540 539  0.217 0.92 0.92 
4 518 502 538 540  0.217 0.92 0.92 
4 538 537 539 540  0.217 0.92 0.92 
4 503 524 541 527  0.217 0.92 0.92 
4 387 389 542 524  0.217 0.92 0.92 
4 524 542 543 541  0.217 0.92 0.92 
4 542 389 391 543  0.217 0.92 0.92 
4 527 541 544 530  0.217 0.92 0.92 
4 412 530 544 416  0.217 0.92 0.92 
4 541 543 545 544  0.217 0.92 0.92 
4 543 391 395 545  0.217 0.92 0.92 
4 383 528 546 409  0.217 0.92 0.92 
4 528 529 547 546  0.217 0.92 0.92 
4 529 411 410 547  0.217 0.92 0.92 
4 409 546 547 410  0.217 0.92 0.92 
4 416 544 548 417  0.217 0.92 0.92 
4 544 545 549 548  0.217 0.92 0.92 
4 545 395 420 549  0.217 0.92 0.92 
4 417 548 549 420  0.217 0.92 0.92 
4 457 456 550 551  0.217 0.92 0.92 
4 457 551 552 458  0.217 0.92 0.92 
4 550 456 459 553  0.217 0.92 0.92 
4 551 550 554 555  0.217 0.92 0.92 
4 551 555 556 552  0.217 0.92 0.92 
4 555 554 557 556  0.217 0.92 0.92 
4 550 558 559 554  0.217 0.92 0.92 
4 554 559 560 557  0.217 0.92 0.92 
4 558 550 553 561  0.217 0.92 0.92 
4 562 563 564 558  0.217 0.92 0.92 
4 562 558 561 481  0.217 0.92 0.92 
4 564 563 488 565  0.217 0.92 0.92 
4 563 562 481 488  0.217 0.92 0.92 
4 558 564 566 559  0.217 0.92 0.92 
4 559 566 567 560  0.217 0.92 0.92 
4 566 564 565 567  0.217 0.92 0.92 
4 458 552 568 478  0.217 0.92 0.92 
4 552 556 569 568  0.217 0.92 0.92 
4 556 557 570 569  0.217 0.92 0.92 
4 557 560 571 570  0.217 0.92 0.92 
4 459 481 561 553  0.217 0.92 0.92 
4 479 572 573 482  0.217 0.92 0.92 
4 478 568 574 575  0.217 0.92 0.92 
4 572 479 576 577  0.217 0.92 0.92 
4 479 478 575 576  0.217 0.92 0.92 
4 568 569 578 574  0.217 0.92 0.92 
4 569 570 579 578  0.217 0.92 0.92 
4 570 571 580 579  0.217 0.92 0.92 
4 573 572 577 581  0.217 0.92 0.92 
4 565 488 489 582  0.217 0.92 0.92 
4 560 567 583 571  0.217 0.92 0.92 
4 567 565 582 583  0.217 0.92 0.92 
4 482 573 581 584  0.217 0.92 0.92 
4 582 489 585 586  0.217 0.92 0.92 
4 489 482 584 585  0.217 0.92 0.92 
4 571 583 587 580  0.217 0.92 0.92 
4 583 582 586 587  0.217 0.92 0.92 
4 575 574 588 508  0.217 0.92 0.92 
4 577 576 507 589  0.217 0.92 0.92 
4 576 575 508 507  0.217 0.92 0.92 
4 574 578 590 588  0.217 0.92 0.92 
4 578 579 591 590  0.217 0.92 0.92 
4 579 580 592 591  0.217 0.92 0.92 
4 581 577 589 593  0.217 0.92 0.92 
4 508 588 594 509  0.217 0.92 0.92 
4 588 590 595 594  0.217 0.92 0.92 
4 590 591 596 595  0.217 0.92 0.92 
4 591 592 597 596  0.217 0.92 0.92 
4 507 511 593 589  0.217 0.92 0.92 
4 513 598 599 514  0.217 0.92 0.92 
4 584 581 593 511  0.217 0.92 0.92 
4 586 585 520 600  0.217 0.92 0.92 
4 585 584 511 520  0.217 0.92 0.92 
4 580 587 601 592  0.217 0.92 0.92 
4 587 586 600 601  0.217 0.92 0.92 
4 600 520 521 602  0.217 0.92 0.92 
4 514 599 602 521  0.217 0.92 0.92 
4 592 601 603 597  0.217 0.92 0.92 
4 601 600 602 603  0.217 0.92 0.92 
4 599 597 603 602  0.217 0.92 0.92 
4 509 594 604 535  0.217 0.92 0.92 
4 598 513 536 605  0.217 0.92 0.92 
4 535 604 605 536  0.217 0.92 0.92 
4 594 595 606 604  0.217 0.92 0.92 
4 595 596 607 606  0.217 0.92 0.92 
4 604 606 607 605  0.217 0.92 0.92 
4 596 597 608 607  0.217 0.92 0.92 
4 597 599 609 608  0.217 0.92 0.92 
4 599 598 605 609  0.217 0.92 0.92 
4 605 607 608 609  0.217 0.92 0.92 
