OFF
674 688 0

0 -27.5928 -6.51661
0 -27.5928 -6.51661
0 -28.28 -3.11475
0 -28.28 -3.11475
-8.88178e-16 -24.24 -3.11475
0 -24.7059 -7.24733
0 -24.24 -3.11475
0.237475 -24.4735 -7.20123
0 -25.5783 -8.68602
0 -25.5783 -8.68602
0 -23.7286 -10.5351
0.000270912 -23.7286 -10.5351
0 -29.4634 -4.50215
4.04 -29.4634 -4.50215
4.04 -31.4778 -2.33273
0 -31.4778 -2.33273
4.04 -27.5928 -6.51661
8 -29.4634 -4.50215
8 -31.4778 -2.33273
8 -27.5928 -6.51661
8 -28.28 -3.11475
4.04 -25.5783 -8.68602
4.03945 -23.7391 -10.5264
4.04 -24.2166 -7.1501
4.04 -23.2599 -4.0251
8 -24.24 -7.15475
8 -24.24 -3.11475
8 -25.5783 -8.68602
8 -23.7375 -10.5243
0 -22.6734 -11.1297
7.86e-05 -22.6734 -11.1297
0 -20.2 -11.1948
0 -20.5459 -11.4943
0 -20.2 -11.1948
0.000168005 -20.5459 -11.4943
0 -17.2542 -10.0327
0 -18.9575 -11.1538
0.000136992 -18.9575 -11.1538
0.00118133 -17.2542 -10.0327
0.5 -18.4763 -9.12062
0 -18.1489 -9.49682
0 -16.16 -7.15475
0 -16.16 -7.15475
4.03984 -20.1728 -11.4583
4.04 -18.4763 -9.12062
4.03989 -15.8404 -7.20731
8 -20.2 -11.1948
8 -18.4782 -9.12206
8 -16.16 -7.15475
8 -17.2983 -10.0722
4.03709 -22.5709 -11.1689
4.03651 -20.4792 -11.4856
8 -22.5105 -11.1902
8 -20.4794 -11.4819
4.04014 -18.9574 -11.1539
4.03837 -17.2954 -10.0751
8 -18.9574 -11.154
0 -15.8099 -6.95066
0 -16.2509 -8.6076
0 -15.8099 -6.95066
0 -16.2509 -8.6076
4.05059 -16.2995 -8.70649
4.03845 -15.8116 -6.95056
4.04 -15.785 -3.11475
0 -16.16 -3.11475
0 -15.785 -3.11475
4.04 -15.785 -3.11475
8 -16.16 -3.11475
8 -15.8112 -6.93
8 -15.785 -3.11475
8 -16.3469 -8.8029
-0 16.2509 -8.6076
-0 16.2509 -8.6076
0 15.8099 -6.95066
0 15.8099 -6.95066
0 16.16 -7.15475
0 17.2542 -10.0327
0 16.16 -7.15475
0.00118133 17.2542 -10.0327
4.05059 16.2995 -8.70649
4.0386 15.8097 -6.93009
4.03837 17.2954 -10.0751
4.04 15.785 -3.11475
0 15.785 -3.11475
0 16.16 -3.11475
4.04 15.785 -3.11475
4.03989 15.8404 -7.20731
8 15.8112 -6.93
8 15.785 -3.11475
8 16.16 -7.15475
8 16.16 -3.11475
8 16.3469 -8.8029
8 17.2983 -10.0722
-0 18.9575 -11.1538
0.000136992 18.9575 -11.1538
0 20.2 -11.1948
-0 20.5459 -11.4943
0.000168005 20.5459 -11.4943
0 23.7286 -10.5351
-0 22.6734 -11.1297
0 20.2 -11.1948
0.000270912 23.7286 -10.5351
7.86e-05 22.6734 -11.1297
0 18.1489 -9.49682
0.5 18.4763 -9.12062
4.04015 18.4764 -9.12047
4.03984 20.1728 -11.4583
8 18.4782 -9.12206
8 20.2 -11.1948
4.04014 18.9574 -11.1539
4.03651 20.4792 -11.4856
8 18.9574 -11.154
8 20.4794 -11.4819
4.03945 23.7391 -10.5264
4.03709 22.5709 -11.1689
8 23.7375 -10.5243
8 22.5105 -11.1902
0 24.7059 -7.24733
0.237514 24.4735 -7.20115
0 24.24 -3.11475
0 24.24 -3.11475
0 28.28 -3.11475
0 27.5928 -6.51661
0 28.28 -3.11475
0 27.5928 -6.51661
0 25.5783 -8.68602
0 25.5783 -8.68602
4.04 24.2166 -7.15008
4.04 25.5783 -8.68602
4.04 27.5928 -6.51661
4.04 23.2599 -4.0251
8 24.24 -7.15475
8 24.24 -3.11475
8 27.5928 -6.51661
8 28.28 -3.11475
8 25.5783 -8.68602
0 31.4778 -2.33273
0 29.4634 -4.50215
4.04 29.4634 -4.50215
4.04 31.4778 -2.33273
8 29.4634 -4.50215
8 31.4778 -2.33273
0 -32.4622 0.387463
0 -32.4622 0.387463
0 -32.2234 1.2044
0 -32.2234 1.2044
0 -30.611 2.92774
0 -32.32 0.92525
0.00548186 -30.611 2.92775
0 -32.32 0.92525
0 -32.2699 -1.2055
4.03704 -32.2199 -1.31369
4.0401 -32.4665 0.342898
3.9808 -32.2684 1.09587
4.04 -30.5996 2.94787
8 -32.4666 0.342912
8 -32.3139 0.9863
8 -30.5996 2.94787
8 -32.32 0.92525
8 -32.2037 -1.34287
0 -28.28 4.96525
0 -28.28 0.92525
0 -28.28 4.96525
0 -28.28 0.92525
4.04023 -28.3843 5.06126
4.03996 -26.33 7.62592
0 -26.33 7.62596
0 -24.24 9.00525
0 -24.24 4.96525
4.05078 -24.3058 11.0609
0 -24.2263 11.2214
0 -23.5474 12.7859
4.0418 -23.5552 12.7699
8 -26.3462 7.61321
8 -24.3144 11.0652
8 -23.5642 12.7735
8 -24.24 9.00525
8 -28.28 4.96525
8 -24.24 4.96525
8 -28.28 0.92525
0 -24.24 0.92525
8 -24.24 0.92525
0 -24.24 0.92525
0 -20.2 0.92525
0 -20.0918 -2.56852
0 -20.2 0.92525
0.27842 -20.1457 -2.84082
0 -16.16 0.92525
0 -16.16 -3.11475
0 -16.16 0.92525
0 -20.2 9.00525
0 -20.2 4.96525
0 -20.2 13.0452
8 -20.2 9.00525
8 -20.2 13.0452
8 -20.2 4.96525
0 -16.16 9.00525
0 -16.16 4.96525
0 -16.16 13.0452
8 -16.16 9.00525
8 -16.16 13.0452
8 -16.16 4.96525
4.04 -20.1887 -3.05786
8 -20.2 0.92525
8 -20.1887 -3.05794
8 -16.16 0.92525
0 -14.867 9.74133
0 -15.785 4.96525
4.04 -14.867 9.74133
4.04 -15.785 4.96525
0 -13.857 13.5107
4.04 -13.857 13.5107
8 -14.867 9.74133
8 -13.857 13.5107
8 -15.785 4.96525
0 -15.785 0.92525
4.04 -15.785 0.92525
8 -15.785 0.92525
0 15.785 4.96525
4.04 15.785 4.96525
4.04 14.867 9.74133
0 14.867 9.74133
0 16.16 9.00525
0 16.16 4.96525
4.04 13.857 13.5107
0 13.857 13.5107
0 16.16 13.0452
8 14.867 9.74133
8 13.857 13.5107
8 16.16 9.00525
8 16.16 13.0452
8 15.785 4.96525
8 16.16 4.96525
4.04 15.785 0.92525
0 15.785 0.92525
0 16.16 0.92525
8 15.785 0.92525
8 16.16 0.92525
0 16.16 -3.11475
0 16.16 0.92525
0 20.2 0.92525
0 20.0918 -2.56852
0 20.2 0.92525
0.278338 20.1455 -2.84094
0 24.24 0.92525
0 24.24 0.92525
0 20.2 9.00525
0 20.2 4.96525
0 20.2 13.0452
8 20.2 9.00525
8 20.2 13.0452
8 20.2 4.96525
0 24.24 9.00525
0 24.24 4.96525
0 23.5474 12.7859
8 24.24 9.00525
8 23.5642 12.7735
8 24.24 4.96525
4.04 20.1887 -3.05772
8 20.2 0.92525
8 20.1887 -3.05794
8 24.24 0.92525
0 24.24 9.00525
0 23.5474 12.7859
0 24.2263 11.2214
0 26.33 7.62596
0 24.2263 11.2214
0.00492714 26.33 7.62597
-8.88178e-16 24.24 4.96525
-8.88178e-16 28.28 4.96525
0 28.28 4.96525
4.03996 26.3462 7.61325
4.04023 28.3843 5.06126
4.0418 23.5552 12.7699
4.05078 24.3058 11.0609
8 24.3144 11.0652
8 26.3462 7.61321
8 28.28 4.96525
0 28.28 0.92525
8 28.28 0.92525
0 32.32 0.92525
0 30.611 2.92774
4.04438 30.5954 2.94291
8 30.5996 2.94787
8 32.32 0.92525
0 32.32 0.92525
0 30.611 2.92774
-0 32.2234 1.2044
0 32.4622 0.387463
-0 32.2234 1.2044
9.74461e-05 32.4622 0.387463
0 31.4778 -2.33273
-0 32.2699 -1.2055
-0 32.2699 -1.2055
4.03704 32.2199 -1.31369
4.03865 32.4667 0.355005
3.9808 32.2684 1.09587
8 32.3139 0.9863
8 32.4666 0.342912
8 32.2037 -1.34287
-8 -18.0946 22.8288
-4.04273 -18.1486 22.8968
-4.04037 -19.3833 25.3774
-8 -19.3794 25.3556
-8 -16.16 25.1653
-8 -16.0528 21.4049
-4.04017 -16.0467 21.3994
-4.04061 -19.0454 28.6852
-8 -19.0247 28.7359
-8 -16.16 29.2052
0 -20.0616 25.1282
-0.000609285 -19.0437 28.6844
0 -20.2 21.1253
0 -16.16 21.1253
0 -21.3423 20.3488
4.04 -21.3423 20.3488
4.04 -20.3322 24.1182
0 -20.3322 24.1182
4.04 -20.0616 25.1282
8 -21.3423 20.3488
8 -20.3322 24.1182
8 -20.0616 25.1282
8 -20.2 21.1253
4.03939 -19.0419 28.6836
8 -19.0402 28.6828
8 -16.16 25.1653
8 -16.16 29.2052
8 -16.16 21.1253
4.04 -22.3523 16.5794
0 -22.3523 16.5794
0 -20.2 17.0852
8 -22.3523 16.5794
8 -20.2 17.0852
0 -16.16 17.0852
8 -16.16 17.0852
-8 -12.12 21
-4.04 -12.12 21
-4.04 -12.12 21
-8 -12.12 21.1253
-8 -8.08 21.1253
-8 -8.08 21
-4.04 -8.08 21
-4.04 -8.08 21
-8 -12.12 25.1653
-8 -12.12 29.2052
0 -12.12 21
-8 -8.08 25.1653
-8 -8.08 29.2052
0 -8.08 21
8 -12.12 25.1653
8 -12.12 29.2052
8 -12.12 21.1253
4.04 -11.2501 20.5725
2 -8.08 21.1253
2 -8.08 25.1653
2 -8.08 29.2052
4.04086 -8.99786 28.769
4.04003 -8.635 25.2936
8 -8.6433 25.2734
8 -8.99056 28.7581
8 -10.088 22.4012
0 -12.847 17.28
4.04 -12.847 17.28
8 -12.847 17.28
-8 -4.04 21.1253
-8 -4.04 21
-4.04 -4.04 21
-4.04 -4.04 21
-8 0 21.1253
-8 0 21
-4.04 0 21
-4.04 0 21
-8 -4.04 25.1653
-8 -4.04 29.2052
2 -4.04 25.1653
2 -4.04 29.2052
0 -4.04 21
-8 0 25.1653
-8 0 29.2052
2 0 25.1653
2 0 29.2052
0 0 21
2 -4.04 25.1653
2 -4.04 21.1253
2 0 25.1653
2 0 21.1253
0 -8.08 21
2 -8.08 21
0 -4.04 21
2 -4.04 21
0 0 21
2 0 21
-8 4.04 21.1253
-8 4.04 21
-4.04 4.04 21
-4.04 4.04 21
-8 8.08 21.1253
-8 8.08 21
-4.04 8.08 21
-4.04 8.08 21
-8 4.04 25.1653
-8 4.04 29.2052
2 4.04 25.1653
2 4.04 29.2052
0 4.04 21
-8 8.08 25.1653
-8 8.08 29.2052
2 8.08 25.1653
2 8.08 29.2052
0 8.08 21
2 4.04 25.1653
2 4.04 21.1253
4.04003 8.635 25.2936
2 8.08 21.1253
0 4.04 21
2 4.04 21
0 8.08 21
2 8.08 21
-8 12.12 21.1253
-8 12.12 21
-4.04 12.12 21
-4.04 12.12 21
-8 12.12 25.1653
-8 12.12 29.2052
0 12.12 21
-8 16.16 25.1653
-8 16.0528 21.4049
-4.04017 16.0467 21.3994
-8 16.16 29.2052
0 16.16 21.1253
4.04 11.2501 20.5725
4.04086 8.99786 28.769
8 8.6433 25.2734
8 8.99056 28.7581
8 12.12 25.1653
8 12.12 29.2052
8 10.088 22.4012
8 12.12 21.1253
8 16.16 25.1653
8 16.16 29.2052
8 16.16 21.1253
4.04 12.847 17.28
0 12.847 17.28
0 16.16 17.0852
8 12.847 17.28
8 16.16 17.0852
-8 19.3794 25.3556
-8 18.0946 22.8288
-4.04273 18.1486 22.8968
-4.04037 19.3833 25.3774
-8 19.0247 28.7359
-4.04061 19.0454 28.6852
-0.000609285 19.0437 28.6844
0 20.0616 25.1282
0 20.2 21.1253
4.03939 19.0419 28.6836
4.04 20.0616 25.1282
8 20.0616 25.1282
8 19.0402 28.6828
8 20.2 21.1253
0 20.3322 24.1182
0 21.3423 20.3488
4.04 20.3322 24.1182
4.04 21.3423 20.3488
8 20.3322 24.1182
8 21.3423 20.3488
0 20.2 17.0852
8 20.2 17.0852
0 22.3523 16.5794
4.04 22.3523 16.5794
8 22.3523 16.5794
-4.04035 -17.7178 30.5518
-8 -17.6807 30.5866
-8 -15.6999 31.7305
-4.04057 -15.7124 31.7253
-0.00101986 -17.7557 30.5164
-0.000569842 -15.712 31.7239
4.03835 -17.7913 30.483
4.03943 -15.7116 31.7225
8 -17.7901 30.4816
8 -15.7112 31.7211
-8 -12.12 32
-4.04 -12.12 32
0 -12.12 32
-8 -8.08 32
-4.04 -8.08 32
0 -8.08 32
-8 -8.28296 38.0915
-4.04271 -8.28479 38.1129
-4.04 -8.5 41.3252
-8 -8.5 41.3252
-8 -8.08 41.3252
-8 -8.05047 37.2939
-4.04 -8.05247 37.2937
-4.04 -8.5 45.3653
-8 -8.5 45.3653
-8 -8.08 45.3653
-4.04 -8.5 41.3252
-4.04 -8.5 45.3653
-0.00271658 -8.28205 38.1135
0 -8.5 41.3252
0 -8.5 41.3252
1.51702e-06 -8.05267 37.2936
2 -8.2807 38.1138
2 -8.5 41.3252
2 -8.05277 37.2936
2 -8.08 41.3252
2 -8.5 45.3653
0 -8.5 45.3653
0 -8.5 45.3653
2 -8.08 45.3653
4.04236 -12.5615 31.8047
8 -12.4977 31.7841
2 -8.08 32
8 -10.3036 30.5723
-8 -4.04 33.2452
-8 -5.78061 36.0674
-4.03999 -5.78086 36.0677
-4.03999 -3.57644 33.9917
1.36444e-05 -5.78084 36.0677
-5.21133e-06 -3.57632 33.9916
-8 -0.0124408 33.0007
-4.04 -0.0124418 33.0007
-1.2194e-06 -0.0124429 33.0006
-8 -6.65687 42.1363
-4.04002 -6.65689 42.1363
-8 -4.2098 45.5825
-4.04 -4.20979 45.5826
8.56241e-07 -4.20978 45.5826
1.70298e-05 -6.65673 42.1367
2 -5.78083 36.0677
2 -6.65672 42.1367
2 -4.20978 45.5825
2 -4.04 29.2052
2 -4.04 33.2452
2 0.0124773 33.0006
2 0 29.2052
-8 4.04 33.2452
-4.04 3.57633 33.9916
-3.24717e-06 3.57632 33.9916
-8 8.08 32
-4.04001 5.78095 36.0679
-8 5.78094 36.0679
-8 8.05047 37.2939
-4.04 8.05067 37.2938
-4.04 8.08 32
7.19507e-06 5.78083 36.0677
1.60903e-06 8.05088 37.2937
0 8.08 32
-4.04 6.65668 42.1369
-8 6.65668 42.1369
-8 8.08 41.3252
-4.04 4.20977 45.5826
-8 4.20977 45.5826
-8 8.08 45.3653
7.1032e-06 6.65673 42.1367
3.25741e-07 4.20978 45.5826
0 8.5 45.3653
-4.04 8.5 45.3653
-4.04 8.5 41.3252
0 8.5 41.3252
2 5.78083 36.0677
2 6.65672 42.1367
2 8.05277 37.2936
2 8.08 41.3252
2 4.20978 45.5825
2 8.08 45.3653
2 4.04 33.2452
2 4.04 29.2052
2 8.08 32
-8 12.12 32
-4.04 12.12 32
0 12.12 32
-8 15.6999 31.7305
-4.04057 15.7124 31.7253
-0.000569842 15.712 31.7239
-8 8.5 41.3252
-8 8.28296 38.0915
-4.04271 8.28479 38.1129
-4.04 8.5 41.3252
-8 8.5 45.3653
-4.04 8.5 45.3653
0 8.5 41.3252
-0.00271658 8.28205 38.1135
2 8.2807 38.1138
2 8.5 41.3252
0 8.5 45.3653
2 8.5 45.3653
4.04236 12.5615 31.8047
8 10.3036 30.5723
8 12.4977 31.7841
4.03943 15.7116 31.7225
8 15.7112 31.7211
-8 17.6807 30.5866
-4.04035 17.7178 30.5518
-0.00101986 17.7557 30.5164
4.03835 17.7913 30.483
8 17.7901 30.4816
-5.33779 -8.5 50.1886
-7.95473 -8.5 49.3854
-7.95473 -8.08 49.3854
-5.33802 -8.08097 50.1888
-4.04 -8.5 53.4453
-6.71582 -8.5 52.095
-6.71582 -8.08 52.095
0 -8.5 49.4053
-0.315281 -8.5 52.9602
-0.318575 -8.07981 49.3467
-3.52499 -8.5 53.7224
-5.03416 -8.5 53.317
-5.03416 -8.08 53.317
-3.52499 -8.08 53.7224
-1.45573 -8.5 53.5055
-1.45573 -8.08 53.5055
-0.315281 -8.08 52.9602
1.97219 -8.5 49.2751
1.97219 -8.08 49.2751
1.13071 -8.5 51.5571
1.13071 -8.08 51.5571
-7.95473 -4.04 49.3854
-5.34023 -4.04097 50.1901
-6.71582 -4.04 52.095
-0.31625 -4.03981 49.3471
-7.95473 -0.75 49.3854
-8 0.75 46.9597
-5.08742 0.75 46.9597
-5.29111 -0.75 50.2634
-6.71582 -0.75 52.095
0 0.75 49.4053
-5.03416 -4.04 53.317
-3.52499 -4.04 53.7224
-1.45573 -4.04 53.5055
-0.315281 -4.04 52.9602
-5.03416 -0.75 53.317
-3.52499 -0.75 53.7224
-1.45573 -0.75 53.5055
-0.315281 -0.75 52.9602
1.97219 -4.04 49.2751
1.13071 -4.04 51.5571
0 0.75 46.9597
2 0.75 46.9597
1.97219 -0.75 49.2751
1.13071 -0.75 51.5571
-7.95473 4.04 49.3854
-4.80223 4.03917 49.8215
-6.71582 4.04 52.095
-0.953499 4.0404 49.1978
-7.95473 8.08 49.3854
-4.77704 8.0811 49.8569
-6.71582 8.08 52.095
0 8.5 49.4053
-5.03416 4.04 53.317
-3.52499 4.04 53.7224
-1.45573 4.04 53.5055
-0.315281 4.04 52.9602
-5.01347 8.17266 53.325
-3.52499 8.08 53.7224
-1.45573 8.08 53.5055
-0.315281 8.08 52.9602
1.97219 4.04 49.2751
1.13071 4.04 51.5571
1.97219 8.08 49.2751
1.13071 8.08 51.5571
-7.95473 8.5 49.3854
-5.15097 8.5 50.0134
-6.71582 8.5 52.095
-4.04 8.5 53.4453
0 8.5 49.4053
-0.315281 8.5 52.9602
-5.03416 8.5 53.317
-3.52499 8.5 53.7224
-1.45573 8.5 53.5055
1.97219 8.5 49.2751
1.13071 8.5 51.5571

4 0 1 2 3  0.217 0.92 0.92 
4 0 3 4 5  0.217 0.92 0.92 
4 3 2 6 4  0.217 0.92 0.92 
4 5 4 6 7  0.217 0.92 0.92 
4 8 9 1 0  0.217 0.92 0.92 
4 8 0 5 10  0.217 0.92 0.92 
4 9 8 10 11  0.217 0.92 0.92 
4 10 5 7 11  0.217 0.92 0.92 
4 12 13 14 15  0.217 0.92 0.92 
4 12 15 2 1  0.217 0.92 0.92 
4 13 12 1 16  0.217 0.92 0.92 
4 13 17 18 14  0.217 0.92 0.92 
4 18 17 19 20  0.217 0.92 0.92 
4 17 13 16 19  0.217 0.92 0.92 
4 9 21 16 1  0.217 0.92 0.92 
4 21 9 11 22  0.217 0.92 0.92 
4 11 7 23 22  0.217 0.92 0.92 
4 7 6 24 23  0.217 0.92 0.92 
4 20 19 25 26  0.217 0.92 0.92 
4 23 24 26 25  0.217 0.92 0.92 
4 21 27 19 16  0.217 0.92 0.92 
4 19 27 28 25  0.217 0.92 0.92 
4 27 21 22 28  0.217 0.92 0.92 
4 22 23 25 28  0.217 0.92 0.92 
4 29 30 11 10  0.217 0.92 0.92 
4 29 10 31 32  0.217 0.92 0.92 
4 10 11 33 31  0.217 0.92 0.92 
4 30 29 32 34  0.217 0.92 0.92 
4 32 31 35 36  0.217 0.92 0.92 
4 34 32 36 37  0.217 0.92 0.92 
4 36 35 38 37  0.217 0.92 0.92 
4 31 33 39 40  0.217 0.92 0.92 
4 31 40 41 35  0.217 0.92 0.92 
4 40 39 42 41  0.217 0.92 0.92 
4 33 43 44 39  0.217 0.92 0.92 
4 39 44 45 42  0.217 0.92 0.92 
4 43 46 47 44  0.217 0.92 0.92 
4 44 47 48 45  0.217 0.92 0.92 
4 47 46 49 48  0.217 0.92 0.92 
4 30 50 22 11  0.217 0.92 0.92 
4 11 22 43 33  0.217 0.92 0.92 
4 50 30 34 51  0.217 0.92 0.92 
4 50 52 28 22  0.217 0.92 0.92 
4 22 28 46 43  0.217 0.92 0.92 
4 28 52 53 46  0.217 0.92 0.92 
4 52 50 51 53  0.217 0.92 0.92 
4 51 34 37 54  0.217 0.92 0.92 
4 37 38 55 54  0.217 0.92 0.92 
4 46 53 56 49  0.217 0.92 0.92 
4 53 51 54 56  0.217 0.92 0.92 
4 54 55 49 56  0.217 0.92 0.92 
4 35 41 57 58  0.217 0.92 0.92 
4 41 42 59 57  0.217 0.92 0.92 
4 38 35 58 60  0.217 0.92 0.92 
4 58 57 59 60  0.217 0.92 0.92 
4 55 38 60 61  0.217 0.92 0.92 
4 60 59 62 61  0.217 0.92 0.92 
4 42 45 63 64  0.217 0.92 0.92 
4 42 64 65 59  0.217 0.92 0.92 
4 59 65 66 62  0.217 0.92 0.92 
4 45 48 67 63  0.217 0.92 0.92 
4 67 48 68 69  0.217 0.92 0.92 
4 62 66 69 68  0.217 0.92 0.92 
4 48 49 70 68  0.217 0.92 0.92 
4 49 55 61 70  0.217 0.92 0.92 
4 61 62 68 70  0.217 0.92 0.92 
4 71 72 73 74  0.217 0.92 0.92 
4 71 74 75 76  0.217 0.92 0.92 
4 74 73 77 75  0.217 0.92 0.92 
4 72 71 76 78  0.217 0.92 0.92 
4 72 79 80 73  0.217 0.92 0.92 
4 79 72 78 81  0.217 0.92 0.92 
4 73 80 82 83  0.217 0.92 0.92 
4 73 83 84 77  0.217 0.92 0.92 
4 77 84 85 86  0.217 0.92 0.92 
4 80 87 88 82  0.217 0.92 0.92 
4 88 87 89 90  0.217 0.92 0.92 
4 86 85 90 89  0.217 0.92 0.92 
4 79 91 87 80  0.217 0.92 0.92 
4 87 91 92 89  0.217 0.92 0.92 
4 91 79 81 92  0.217 0.92 0.92 
4 93 94 78 76  0.217 0.92 0.92 
4 93 76 95 96  0.217 0.92 0.92 
4 94 93 96 97  0.217 0.92 0.92 
4 96 95 98 99  0.217 0.92 0.92 
4 95 100 101 98  0.217 0.92 0.92 
4 97 96 99 102  0.217 0.92 0.92 
4 99 98 101 102  0.217 0.92 0.92 
4 76 75 103 95  0.217 0.92 0.92 
4 75 77 104 103  0.217 0.92 0.92 
4 95 103 104 100  0.217 0.92 0.92 
4 77 86 105 104  0.217 0.92 0.92 
4 100 104 105 106  0.217 0.92 0.92 
4 86 89 107 105  0.217 0.92 0.92 
4 89 92 108 107  0.217 0.92 0.92 
4 106 105 107 108  0.217 0.92 0.92 
4 94 109 81 78  0.217 0.92 0.92 
4 109 94 97 110  0.217 0.92 0.92 
4 109 111 92 81  0.217 0.92 0.92 
4 92 111 112 108  0.217 0.92 0.92 
4 111 109 110 112  0.217 0.92 0.92 
4 100 106 113 101  0.217 0.92 0.92 
4 110 97 102 114  0.217 0.92 0.92 
4 102 101 113 114  0.217 0.92 0.92 
4 106 108 115 113  0.217 0.92 0.92 
4 108 112 116 115  0.217 0.92 0.92 
4 112 110 114 116  0.217 0.92 0.92 
4 114 113 115 116  0.217 0.92 0.92 
4 117 118 119 120  0.217 0.92 0.92 
4 117 120 121 122  0.217 0.92 0.92 
4 120 119 123 121  0.217 0.92 0.92 
4 122 121 123 124  0.217 0.92 0.92 
4 98 101 118 117  0.217 0.92 0.92 
4 98 117 122 125  0.217 0.92 0.92 
4 101 98 125 126  0.217 0.92 0.92 
4 125 122 124 126  0.217 0.92 0.92 
4 101 113 127 118  0.217 0.92 0.92 
4 113 101 126 128  0.217 0.92 0.92 
4 126 124 129 128  0.217 0.92 0.92 
4 118 127 130 119  0.217 0.92 0.92 
4 127 131 132 130  0.217 0.92 0.92 
4 132 131 133 134  0.217 0.92 0.92 
4 113 115 131 127  0.217 0.92 0.92 
4 131 115 135 133  0.217 0.92 0.92 
4 115 113 128 135  0.217 0.92 0.92 
4 128 129 133 135  0.217 0.92 0.92 
4 124 123 136 137  0.217 0.92 0.92 
4 129 124 137 138  0.217 0.92 0.92 
4 137 136 139 138  0.217 0.92 0.92 
4 134 133 140 141  0.217 0.92 0.92 
4 133 129 138 140  0.217 0.92 0.92 
4 138 139 141 140  0.217 0.92 0.92 
4 142 143 144 145  0.217 0.92 0.92 
4 142 145 146 147  0.217 0.92 0.92 
4 145 144 148 146  0.217 0.92 0.92 
4 143 142 147 149  0.217 0.92 0.92 
4 150 151 152 143  0.217 0.92 0.92 
4 150 143 149 15  0.217 0.92 0.92 
4 151 150 15 14  0.217 0.92 0.92 
4 143 152 153 144  0.217 0.92 0.92 
4 144 153 154 148  0.217 0.92 0.92 
4 152 155 156 153  0.217 0.92 0.92 
4 153 156 157 154  0.217 0.92 0.92 
4 156 155 158 157  0.217 0.92 0.92 
4 151 159 155 152  0.217 0.92 0.92 
4 155 159 18 158  0.217 0.92 0.92 
4 159 151 14 18  0.217 0.92 0.92 
4 147 146 160 161  0.217 0.92 0.92 
4 146 148 162 160  0.217 0.92 0.92 
4 149 147 161 163  0.217 0.92 0.92 
4 161 160 162 163  0.217 0.92 0.92 
4 162 164 165 166  0.217 0.92 0.92 
4 162 166 167 168  0.217 0.92 0.92 
4 166 165 169 170  0.217 0.92 0.92 
4 166 170 171 167  0.217 0.92 0.92 
4 170 169 172 171  0.217 0.92 0.92 
4 165 173 174 169  0.217 0.92 0.92 
4 169 174 175 172  0.217 0.92 0.92 
4 174 173 176 175  0.217 0.92 0.92 
4 164 177 173 165  0.217 0.92 0.92 
4 173 177 178 176  0.217 0.92 0.92 
4 15 149 163 2  0.217 0.92 0.92 
4 148 154 164 162  0.217 0.92 0.92 
4 154 157 177 164  0.217 0.92 0.92 
4 157 158 179 177  0.217 0.92 0.92 
4 158 18 20 179  0.217 0.92 0.92 
4 2 163 180 6  0.217 0.92 0.92 
4 163 162 168 180  0.217 0.92 0.92 
4 177 179 181 178  0.217 0.92 0.92 
4 179 20 26 181  0.217 0.92 0.92 
4 4 6 180 182  0.217 0.92 0.92 
4 4 182 183 184  0.217 0.92 0.92 
4 182 180 185 183  0.217 0.92 0.92 
4 6 4 184 186  0.217 0.92 0.92 
4 184 183 187 188  0.217 0.92 0.92 
4 183 185 189 187  0.217 0.92 0.92 
4 186 184 188 64  0.217 0.92 0.92 
4 188 187 189 64  0.217 0.92 0.92 
4 168 167 190 191  0.217 0.92 0.92 
4 167 171 192 190  0.217 0.92 0.92 
4 175 176 193 194  0.217 0.92 0.92 
4 176 178 195 193  0.217 0.92 0.92 
4 191 190 196 197  0.217 0.92 0.92 
4 190 192 198 196  0.217 0.92 0.92 
4 194 193 199 200  0.217 0.92 0.92 
4 193 195 201 199  0.217 0.92 0.92 
4 24 6 186 202  0.217 0.92 0.92 
4 180 168 191 185  0.217 0.92 0.92 
4 178 181 203 195  0.217 0.92 0.92 
4 181 26 204 203  0.217 0.92 0.92 
4 26 24 202 204  0.217 0.92 0.92 
4 202 186 64 63  0.217 0.92 0.92 
4 185 191 197 189  0.217 0.92 0.92 
4 195 203 205 201  0.217 0.92 0.92 
4 203 204 67 205  0.217 0.92 0.92 
4 204 202 63 67  0.217 0.92 0.92 
4 197 196 206 207  0.217 0.92 0.92 
4 207 206 208 209  0.217 0.92 0.92 
4 196 198 210 206  0.217 0.92 0.92 
4 206 210 211 208  0.217 0.92 0.92 
4 200 199 212 213  0.217 0.92 0.92 
4 208 211 213 212  0.217 0.92 0.92 
4 199 201 214 212  0.217 0.92 0.92 
4 209 208 212 214  0.217 0.92 0.92 
4 64 189 215 65  0.217 0.92 0.92 
4 65 215 216 66  0.217 0.92 0.92 
4 189 197 207 215  0.217 0.92 0.92 
4 215 207 209 216  0.217 0.92 0.92 
4 201 205 217 214  0.217 0.92 0.92 
4 216 209 214 217  0.217 0.92 0.92 
4 205 67 69 217  0.217 0.92 0.92 
4 66 216 217 69  0.217 0.92 0.92 
4 218 219 220 221  0.217 0.92 0.92 
4 218 221 222 223  0.217 0.92 0.92 
4 221 220 224 225  0.217 0.92 0.92 
4 221 225 226 222  0.217 0.92 0.92 
4 220 227 228 224  0.217 0.92 0.92 
4 228 227 229 230  0.217 0.92 0.92 
4 219 231 227 220  0.217 0.92 0.92 
4 227 231 232 229  0.217 0.92 0.92 
4 83 82 233 234  0.217 0.92 0.92 
4 83 234 235 84  0.217 0.92 0.92 
4 234 233 219 218  0.217 0.92 0.92 
4 234 218 223 235  0.217 0.92 0.92 
4 233 236 231 219  0.217 0.92 0.92 
4 231 236 237 232  0.217 0.92 0.92 
4 82 88 236 233  0.217 0.92 0.92 
4 236 88 90 237  0.217 0.92 0.92 
4 238 84 235 239  0.217 0.92 0.92 
4 238 239 240 241  0.217 0.92 0.92 
4 239 235 242 240  0.217 0.92 0.92 
4 84 238 241 243  0.217 0.92 0.92 
4 241 240 244 120  0.217 0.92 0.92 
4 240 242 245 244  0.217 0.92 0.92 
4 243 241 120 119  0.217 0.92 0.92 
4 120 244 245 119  0.217 0.92 0.92 
4 223 222 246 247  0.217 0.92 0.92 
4 222 226 248 246  0.217 0.92 0.92 
4 230 229 249 250  0.217 0.92 0.92 
4 229 232 251 249  0.217 0.92 0.92 
4 247 246 252 253  0.217 0.92 0.92 
4 246 248 254 252  0.217 0.92 0.92 
4 250 249 255 256  0.217 0.92 0.92 
4 249 251 257 255  0.217 0.92 0.92 
4 85 84 243 258  0.217 0.92 0.92 
4 235 223 247 242  0.217 0.92 0.92 
4 232 237 259 251  0.217 0.92 0.92 
4 237 90 260 259  0.217 0.92 0.92 
4 90 85 258 260  0.217 0.92 0.92 
4 258 243 119 130  0.217 0.92 0.92 
4 242 247 253 245  0.217 0.92 0.92 
4 251 259 261 257  0.217 0.92 0.92 
4 259 260 132 261  0.217 0.92 0.92 
4 260 258 130 132  0.217 0.92 0.92 
4 262 252 254 263  0.217 0.92 0.92 
4 262 263 264 265  0.217 0.92 0.92 
4 263 254 266 264  0.217 0.92 0.92 
4 265 264 266 267  0.217 0.92 0.92 
4 268 253 252 262  0.217 0.92 0.92 
4 268 262 265 269  0.217 0.92 0.92 
4 253 268 269 270  0.217 0.92 0.92 
4 269 265 267 270  0.217 0.92 0.92 
4 270 267 271 272  0.217 0.92 0.92 
4 254 273 274 266  0.217 0.92 0.92 
4 267 266 274 271  0.217 0.92 0.92 
4 273 256 275 274  0.217 0.92 0.92 
4 256 255 276 275  0.217 0.92 0.92 
4 271 274 275 276  0.217 0.92 0.92 
4 255 257 277 276  0.217 0.92 0.92 
4 272 271 276 277  0.217 0.92 0.92 
4 119 245 278 123  0.217 0.92 0.92 
4 245 253 270 278  0.217 0.92 0.92 
4 257 261 279 277  0.217 0.92 0.92 
4 261 132 134 279  0.217 0.92 0.92 
4 123 278 280 136  0.217 0.92 0.92 
4 278 270 281 280  0.217 0.92 0.92 
4 270 272 282 281  0.217 0.92 0.92 
4 272 277 283 282  0.217 0.92 0.92 
4 277 279 284 283  0.217 0.92 0.92 
4 279 134 141 284  0.217 0.92 0.92 
4 285 280 281 286  0.217 0.92 0.92 
4 285 286 287 288  0.217 0.92 0.92 
4 286 281 289 287  0.217 0.92 0.92 
4 288 287 289 290  0.217 0.92 0.92 
4 291 136 280 285  0.217 0.92 0.92 
4 291 285 288 292  0.217 0.92 0.92 
4 136 291 292 293  0.217 0.92 0.92 
4 292 288 290 293  0.217 0.92 0.92 
4 139 136 293 294  0.217 0.92 0.92 
4 293 290 295 294  0.217 0.92 0.92 
4 281 282 296 289  0.217 0.92 0.92 
4 290 289 296 295  0.217 0.92 0.92 
4 282 283 297 296  0.217 0.92 0.92 
4 283 284 298 297  0.217 0.92 0.92 
4 295 296 297 298  0.217 0.92 0.92 
4 284 141 299 298  0.217 0.92 0.92 
4 141 139 294 299  0.217 0.92 0.92 
4 294 295 298 299  0.217 0.92 0.92 
4 300 301 302 303  0.217 0.92 0.92 
4 300 303 304 305  0.217 0.92 0.92 
4 301 300 305 306  0.217 0.92 0.92 
4 303 302 307 308  0.217 0.92 0.92 
4 303 308 309 304  0.217 0.92 0.92 
4 302 310 311 307  0.217 0.92 0.92 
4 301 312 310 302  0.217 0.92 0.92 
4 312 301 306 313  0.217 0.92 0.92 
4 314 315 316 317  0.217 0.92 0.92 
4 314 317 310 312  0.217 0.92 0.92 
4 317 316 318 310  0.217 0.92 0.92 
4 315 319 320 316  0.217 0.92 0.92 
4 316 320 321 318  0.217 0.92 0.92 
4 320 319 322 321  0.217 0.92 0.92 
4 310 318 323 311  0.217 0.92 0.92 
4 318 321 324 323  0.217 0.92 0.92 
4 324 321 325 326  0.217 0.92 0.92 
4 321 322 327 325  0.217 0.92 0.92 
4 171 172 328 329  0.217 0.92 0.92 
4 171 329 330 192  0.217 0.92 0.92 
4 329 328 315 314  0.217 0.92 0.92 
4 329 314 312 330  0.217 0.92 0.92 
4 328 331 319 315  0.217 0.92 0.92 
4 319 331 332 322  0.217 0.92 0.92 
4 172 175 331 328  0.217 0.92 0.92 
4 331 175 194 332  0.217 0.92 0.92 
4 192 330 333 198  0.217 0.92 0.92 
4 330 312 313 333  0.217 0.92 0.92 
4 322 332 334 327  0.217 0.92 0.92 
4 332 194 200 334  0.217 0.92 0.92 
4 335 336 337 338  0.217 0.92 0.92 
4 335 338 339 340  0.217 0.92 0.92 
4 337 336 341 342  0.217 0.92 0.92 
4 336 335 340 341  0.217 0.92 0.92 
4 305 304 343 338  0.217 0.92 0.92 
4 306 305 338 337  0.217 0.92 0.92 
4 304 309 344 343  0.217 0.92 0.92 
4 313 306 337 345  0.217 0.92 0.92 
4 338 343 346 339  0.217 0.92 0.92 
4 343 344 347 346  0.217 0.92 0.92 
4 345 337 342 348  0.217 0.92 0.92 
4 326 325 349 350  0.217 0.92 0.92 
4 325 327 351 349  0.217 0.92 0.92 
4 352 345 348 353  0.217 0.92 0.92 
4 354 355 356 357  0.217 0.92 0.92 
4 350 349 358 359  0.217 0.92 0.92 
4 357 356 359 358  0.217 0.92 0.92 
4 349 351 360 358  0.217 0.92 0.92 
4 351 352 353 360  0.217 0.92 0.92 
4 353 357 358 360  0.217 0.92 0.92 
4 198 333 361 210  0.217 0.92 0.92 
4 210 361 362 211  0.217 0.92 0.92 
4 333 313 345 361  0.217 0.92 0.92 
4 361 345 352 362  0.217 0.92 0.92 
4 327 334 363 351  0.217 0.92 0.92 
4 362 352 351 363  0.217 0.92 0.92 
4 334 200 213 363  0.217 0.92 0.92 
4 211 362 363 213  0.217 0.92 0.92 
4 340 339 364 365  0.217 0.92 0.92 
4 342 341 366 367  0.217 0.92 0.92 
4 341 340 365 366  0.217 0.92 0.92 
4 365 364 368 369  0.217 0.92 0.92 
4 367 366 370 371  0.217 0.92 0.92 
4 366 365 369 370  0.217 0.92 0.92 
4 339 346 372 364  0.217 0.92 0.92 
4 346 347 373 372  0.217 0.92 0.92 
4 355 354 374 375  0.217 0.92 0.92 
4 348 342 367 376  0.217 0.92 0.92 
4 364 372 377 368  0.217 0.92 0.92 
4 372 373 378 377  0.217 0.92 0.92 
4 375 374 379 380  0.217 0.92 0.92 
4 376 367 371 381  0.217 0.92 0.92 
4 354 357 382 374  0.217 0.92 0.92 
4 357 353 383 382  0.217 0.92 0.92 
4 374 382 384 379  0.217 0.92 0.92 
4 382 383 385 384  0.217 0.92 0.92 
4 386 387 353 348  0.217 0.92 0.92 
4 386 348 376 388  0.217 0.92 0.92 
4 353 387 389 383  0.217 0.92 0.92 
4 387 386 388 389  0.217 0.92 0.92 
4 388 376 381 390  0.217 0.92 0.92 
4 383 389 391 385  0.217 0.92 0.92 
4 389 388 390 391  0.217 0.92 0.92 
4 369 368 392 393  0.217 0.92 0.92 
4 371 370 394 395  0.217 0.92 0.92 
4 370 369 393 394  0.217 0.92 0.92 
4 393 392 396 397  0.217 0.92 0.92 
4 395 394 398 399  0.217 0.92 0.92 
4 394 393 397 398  0.217 0.92 0.92 
4 368 377 400 392  0.217 0.92 0.92 
4 377 378 401 400  0.217 0.92 0.92 
4 380 379 402 403  0.217 0.92 0.92 
4 381 371 395 404  0.217 0.92 0.92 
4 392 400 405 396  0.217 0.92 0.92 
4 400 401 406 405  0.217 0.92 0.92 
4 403 402 407 408  0.217 0.92 0.92 
4 404 395 399 409  0.217 0.92 0.92 
4 379 384 410 402  0.217 0.92 0.92 
4 384 385 411 410  0.217 0.92 0.92 
4 402 410 412 407  0.217 0.92 0.92 
4 410 411 413 412  0.217 0.92 0.92 
4 390 381 404 414  0.217 0.92 0.92 
4 385 391 415 411  0.217 0.92 0.92 
4 391 390 414 415  0.217 0.92 0.92 
4 414 404 409 416  0.217 0.92 0.92 
4 411 415 417 413  0.217 0.92 0.92 
4 415 414 416 417  0.217 0.92 0.92 
4 416 409 413 417  0.217 0.92 0.92 
4 397 396 418 419  0.217 0.92 0.92 
4 399 398 420 421  0.217 0.92 0.92 
4 398 397 419 420  0.217 0.92 0.92 
4 419 418 421 420  0.217 0.92 0.92 
4 396 405 422 418  0.217 0.92 0.92 
4 405 406 423 422  0.217 0.92 0.92 
4 409 399 421 424  0.217 0.92 0.92 
4 418 422 425 426  0.217 0.92 0.92 
4 421 418 426 427  0.217 0.92 0.92 
4 422 423 428 425  0.217 0.92 0.92 
4 424 421 427 429  0.217 0.92 0.92 
4 413 409 424 430  0.217 0.92 0.92 
4 407 412 431 408  0.217 0.92 0.92 
4 412 432 433 431  0.217 0.92 0.92 
4 433 432 434 435  0.217 0.92 0.92 
4 413 436 432 412  0.217 0.92 0.92 
4 432 436 437 434  0.217 0.92 0.92 
4 436 413 430 437  0.217 0.92 0.92 
4 435 434 438 439  0.217 0.92 0.92 
4 434 437 440 438  0.217 0.92 0.92 
4 225 224 441 442  0.217 0.92 0.92 
4 225 442 443 226  0.217 0.92 0.92 
4 442 441 430 424  0.217 0.92 0.92 
4 442 424 429 443  0.217 0.92 0.92 
4 441 444 437 430  0.217 0.92 0.92 
4 437 444 445 440  0.217 0.92 0.92 
4 224 228 444 441  0.217 0.92 0.92 
4 444 228 230 445  0.217 0.92 0.92 
4 426 425 446 447  0.217 0.92 0.92 
4 427 426 447 448  0.217 0.92 0.92 
4 447 446 449 448  0.217 0.92 0.92 
4 425 428 450 446  0.217 0.92 0.92 
4 446 450 451 449  0.217 0.92 0.92 
4 449 451 452 453  0.217 0.92 0.92 
4 429 427 448 454  0.217 0.92 0.92 
4 448 449 453 454  0.217 0.92 0.92 
4 453 452 455 456  0.217 0.92 0.92 
4 439 438 457 458  0.217 0.92 0.92 
4 456 455 458 457  0.217 0.92 0.92 
4 438 440 459 457  0.217 0.92 0.92 
4 454 453 460 461  0.217 0.92 0.92 
4 453 456 462 460  0.217 0.92 0.92 
4 461 460 462 463  0.217 0.92 0.92 
4 456 457 464 462  0.217 0.92 0.92 
4 457 459 465 464  0.217 0.92 0.92 
4 463 462 464 465  0.217 0.92 0.92 
4 226 443 466 248  0.217 0.92 0.92 
4 443 429 454 466  0.217 0.92 0.92 
4 440 445 467 459  0.217 0.92 0.92 
4 445 230 250 467  0.217 0.92 0.92 
4 248 466 468 254  0.217 0.92 0.92 
4 254 468 469 273  0.217 0.92 0.92 
4 466 454 461 468  0.217 0.92 0.92 
4 468 461 463 469  0.217 0.92 0.92 
4 459 467 470 465  0.217 0.92 0.92 
4 469 463 465 470  0.217 0.92 0.92 
4 467 250 256 470  0.217 0.92 0.92 
4 273 469 470 256  0.217 0.92 0.92 
4 308 307 471 472  0.217 0.92 0.92 
4 308 472 473 309  0.217 0.92 0.92 
4 472 471 474 473  0.217 0.92 0.92 
4 307 311 475 471  0.217 0.92 0.92 
4 471 475 476 474  0.217 0.92 0.92 
4 311 323 477 475  0.217 0.92 0.92 
4 475 477 478 476  0.217 0.92 0.92 
4 323 324 479 477  0.217 0.92 0.92 
4 477 479 480 478  0.217 0.92 0.92 
4 479 324 326 480  0.217 0.92 0.92 
4 309 473 481 344  0.217 0.92 0.92 
4 473 474 482 481  0.217 0.92 0.92 
4 474 476 483 482  0.217 0.92 0.92 
4 344 481 484 347  0.217 0.92 0.92 
4 481 482 485 484  0.217 0.92 0.92 
4 482 483 486 485  0.217 0.92 0.92 
4 487 488 489 490  0.217 0.92 0.92 
4 487 490 491 492  0.217 0.92 0.92 
4 488 487 492 493  0.217 0.92 0.92 
4 490 489 494 495  0.217 0.92 0.92 
4 490 495 496 491  0.217 0.92 0.92 
4 494 489 497 498  0.217 0.92 0.92 
4 488 499 500 489  0.217 0.92 0.92 
4 489 500 501 497  0.217 0.92 0.92 
4 499 488 493 502  0.217 0.92 0.92 
4 499 503 504 500  0.217 0.92 0.92 
4 504 503 505 506  0.217 0.92 0.92 
4 503 499 502 505  0.217 0.92 0.92 
4 500 504 507 508  0.217 0.92 0.92 
4 500 508 509 501  0.217 0.92 0.92 
4 507 504 506 510  0.217 0.92 0.92 
4 476 478 511 483  0.217 0.92 0.92 
4 478 480 512 511  0.217 0.92 0.92 
4 480 326 350 512  0.217 0.92 0.92 
4 483 511 513 486  0.217 0.92 0.92 
4 511 512 514 513  0.217 0.92 0.92 
4 512 350 359 514  0.217 0.92 0.92 
4 356 513 514 359  0.217 0.92 0.92 
4 347 484 515 373  0.217 0.92 0.92 
4 484 485 493 492  0.217 0.92 0.92 
4 484 492 516 515  0.217 0.92 0.92 
4 515 516 517 518  0.217 0.92 0.92 
4 485 486 502 493  0.217 0.92 0.92 
4 518 517 519 520  0.217 0.92 0.92 
4 373 515 521 378  0.217 0.92 0.92 
4 515 518 522 521  0.217 0.92 0.92 
4 518 520 523 522  0.217 0.92 0.92 
4 492 491 524 516  0.217 0.92 0.92 
4 516 524 525 517  0.217 0.92 0.92 
4 491 496 526 524  0.217 0.92 0.92 
4 524 526 527 525  0.217 0.92 0.92 
4 497 501 509 498  0.217 0.92 0.92 
4 498 509 528 527  0.217 0.92 0.92 
4 525 527 528 529  0.217 0.92 0.92 
4 517 525 529 519  0.217 0.92 0.92 
4 506 505 530 531  0.217 0.92 0.92 
4 519 529 531 530  0.217 0.92 0.92 
4 510 506 531 532  0.217 0.92 0.92 
4 529 528 532 531  0.217 0.92 0.92 
4 513 356 533 534  0.217 0.92 0.92 
4 356 355 375 533  0.217 0.92 0.92 
4 486 513 505 502  0.217 0.92 0.92 
4 505 513 534 530  0.217 0.92 0.92 
4 520 519 530 534  0.217 0.92 0.92 
4 520 534 535 523  0.217 0.92 0.92 
4 534 533 536 535  0.217 0.92 0.92 
4 533 375 380 536  0.217 0.92 0.92 
4 378 521 537 401  0.217 0.92 0.92 
4 521 522 538 537  0.217 0.92 0.92 
4 522 523 539 538  0.217 0.92 0.92 
4 401 537 540 406  0.217 0.92 0.92 
4 537 538 541 542  0.217 0.92 0.92 
4 537 542 543 540  0.217 0.92 0.92 
4 540 543 544 545  0.217 0.92 0.92 
4 538 539 546 541  0.217 0.92 0.92 
4 545 544 547 548  0.217 0.92 0.92 
4 542 541 549 550  0.217 0.92 0.92 
4 542 550 551 543  0.217 0.92 0.92 
4 550 549 552 553  0.217 0.92 0.92 
4 550 553 554 551  0.217 0.92 0.92 
4 549 555 556 552  0.217 0.92 0.92 
4 552 556 557 558  0.217 0.92 0.92 
4 559 558 557 560  0.217 0.92 0.92 
4 541 546 555 549  0.217 0.92 0.92 
4 546 561 562 555  0.217 0.92 0.92 
4 562 561 563 564  0.217 0.92 0.92 
4 555 562 565 556  0.217 0.92 0.92 
4 565 562 564 566  0.217 0.92 0.92 
4 523 535 567 539  0.217 0.92 0.92 
4 535 536 568 567  0.217 0.92 0.92 
4 536 380 403 568  0.217 0.92 0.92 
4 567 568 431 569  0.217 0.92 0.92 
4 568 403 408 431  0.217 0.92 0.92 
4 539 567 561 546  0.217 0.92 0.92 
4 561 567 569 563  0.217 0.92 0.92 
4 548 547 563 569  0.217 0.92 0.92 
4 406 540 570 423  0.217 0.92 0.92 
4 540 545 571 570  0.217 0.92 0.92 
4 545 548 572 571  0.217 0.92 0.92 
4 423 570 573 428  0.217 0.92 0.92 
4 570 571 574 573  0.217 0.92 0.92 
4 571 572 575 574  0.217 0.92 0.92 
4 543 551 576 577  0.217 0.92 0.92 
4 544 543 577 578  0.217 0.92 0.92 
4 577 576 579 578  0.217 0.92 0.92 
4 551 554 580 576  0.217 0.92 0.92 
4 558 559 579 581  0.217 0.92 0.92 
4 576 580 581 579  0.217 0.92 0.92 
4 559 560 582 579  0.217 0.92 0.92 
4 547 544 578 583  0.217 0.92 0.92 
4 578 579 582 583  0.217 0.92 0.92 
4 564 563 584 585  0.217 0.92 0.92 
4 563 547 583 584  0.217 0.92 0.92 
4 583 582 585 584  0.217 0.92 0.92 
4 560 557 586 582  0.217 0.92 0.92 
4 566 564 585 587  0.217 0.92 0.92 
4 582 586 587 585  0.217 0.92 0.92 
4 548 569 588 572  0.217 0.92 0.92 
4 431 433 589 569  0.217 0.92 0.92 
4 569 589 590 588  0.217 0.92 0.92 
4 589 433 435 590  0.217 0.92 0.92 
4 572 588 591 575  0.217 0.92 0.92 
4 588 590 592 591  0.217 0.92 0.92 
4 590 435 439 592  0.217 0.92 0.92 
4 428 573 593 450  0.217 0.92 0.92 
4 573 574 594 593  0.217 0.92 0.92 
4 450 593 594 451  0.217 0.92 0.92 
4 574 575 595 594  0.217 0.92 0.92 
4 451 594 595 452  0.217 0.92 0.92 
4 575 591 596 595  0.217 0.92 0.92 
4 452 595 596 455  0.217 0.92 0.92 
4 591 592 597 596  0.217 0.92 0.92 
4 592 439 458 597  0.217 0.92 0.92 
4 455 596 597 458  0.217 0.92 0.92 
4 495 494 598 599  0.217 0.92 0.92 
4 495 599 600 496  0.217 0.92 0.92 
4 598 494 498 601  0.217 0.92 0.92 
4 599 598 602 603  0.217 0.92 0.92 
4 599 603 604 600  0.217 0.92 0.92 
4 598 605 606 602  0.217 0.92 0.92 
4 605 598 601 607  0.217 0.92 0.92 
4 603 602 608 609  0.217 0.92 0.92 
4 603 609 610 604  0.217 0.92 0.92 
4 609 608 611 610  0.217 0.92 0.92 
4 602 606 612 608  0.217 0.92 0.92 
4 608 612 613 611  0.217 0.92 0.92 
4 612 606 614 613  0.217 0.92 0.92 
4 508 507 615 605  0.217 0.92 0.92 
4 508 605 607 509  0.217 0.92 0.92 
4 615 507 510 616  0.217 0.92 0.92 
4 605 615 617 606  0.217 0.92 0.92 
4 606 617 618 614  0.217 0.92 0.92 
4 617 615 616 618  0.217 0.92 0.92 
4 496 600 619 526  0.217 0.92 0.92 
4 601 498 527 620  0.217 0.92 0.92 
4 600 604 621 619  0.217 0.92 0.92 
4 607 601 620 622  0.217 0.92 0.92 
4 526 619 623 624  0.217 0.92 0.92 
4 620 527 625 626  0.217 0.92 0.92 
4 527 526 624 625  0.217 0.92 0.92 
4 619 621 627 623  0.217 0.92 0.92 
4 622 620 626 628  0.217 0.92 0.92 
4 604 610 629 621  0.217 0.92 0.92 
4 610 611 630 629  0.217 0.92 0.92 
4 611 613 631 630  0.217 0.92 0.92 
4 613 614 632 631  0.217 0.92 0.92 
4 621 629 633 627  0.217 0.92 0.92 
4 629 630 634 633  0.217 0.92 0.92 
4 630 631 635 634  0.217 0.92 0.92 
4 631 632 636 635  0.217 0.92 0.92 
4 509 607 622 528  0.217 0.92 0.92 
4 616 510 532 637  0.217 0.92 0.92 
4 614 618 638 632  0.217 0.92 0.92 
4 618 616 637 638  0.217 0.92 0.92 
4 528 622 628 639  0.217 0.92 0.92 
4 637 532 640 641  0.217 0.92 0.92 
4 532 528 639 640  0.217 0.92 0.92 
4 632 638 642 636  0.217 0.92 0.92 
4 638 637 641 642  0.217 0.92 0.92 
4 624 623 643 553  0.217 0.92 0.92 
4 626 625 552 644  0.217 0.92 0.92 
4 625 624 553 552  0.217 0.92 0.92 
4 623 627 645 643  0.217 0.92 0.92 
4 628 626 644 646  0.217 0.92 0.92 
4 553 643 647 554  0.217 0.92 0.92 
4 644 552 558 648  0.217 0.92 0.92 
4 643 645 649 647  0.217 0.92 0.92 
4 646 644 648 650  0.217 0.92 0.92 
4 627 633 651 645  0.217 0.92 0.92 
4 633 634 652 651  0.217 0.92 0.92 
4 634 635 653 652  0.217 0.92 0.92 
4 635 636 654 653  0.217 0.92 0.92 
4 645 651 655 649  0.217 0.92 0.92 
4 651 652 656 655  0.217 0.92 0.92 
4 652 653 657 656  0.217 0.92 0.92 
4 653 654 658 657  0.217 0.92 0.92 
4 639 628 646 556  0.217 0.92 0.92 
4 641 640 565 659  0.217 0.92 0.92 
4 640 639 556 565  0.217 0.92 0.92 
4 636 642 660 654  0.217 0.92 0.92 
4 642 641 659 660  0.217 0.92 0.92 
4 556 646 650 557  0.217 0.92 0.92 
4 659 565 566 661  0.217 0.92 0.92 
4 654 660 662 658  0.217 0.92 0.92 
4 660 659 661 662  0.217 0.92 0.92 
4 554 647 663 580  0.217 0.92 0.92 
4 648 558 581 664  0.217 0.92 0.92 
4 580 663 664 581  0.217 0.92 0.92 
4 647 649 665 663  0.217 0.92 0.92 
4 663 665 666 664  0.217 0.92 0.92 
4 650 648 664 667  0.217 0.92 0.92 
4 664 666 668 667  0.217 0.92 0.92 
4 649 655 669 665  0.217 0.92 0.92 
4 655 656 670 669  0.217 0.92 0.92 
4 665 669 670 666  0.217 0.92 0.92 
4 656 657 671 670  0.217 0.92 0.92 
4 657 658 668 671  0.217 0.92 0.92 
4 666 670 671 668  0.217 0.92 0.92 
4 557 650 667 586  0.217 0.92 0.92 
4 661 566 587 672  0.217 0.92 0.92 
4 586 667 672 587  0.217 0.92 0.92 
4 658 662 673 668  0.217 0.92 0.92 
4 662 661 672 673  0.217 0.92 0.92 
4 667 668 673 672  0.217 0.92 0.92 
