OFF
448 452 0

0 -28.28 -11.1948
4.04 -28.28 -11.1948
4.04 -28.28 -7.15475
0 -28.28 -7.15475
0 -24.24 -7.15475
0 -24.24 -11.1948
4.04 -24.24 -11.1948
4.04 -29.6072 -4.3472
0 -28.28 -3.11475
0 -24.24 -3.11475
4.04 -23.2599 -4.0251
4.04 -24.2166 -7.1501
8.08 -28.28 -7.15475
8.08 -28.28 -3.11475
8.08 -24.24 -7.15475
8.08 -24.24 -3.11475
8.08 -28.28 -11.1948
8.08 -24.24 -11.1948
0 -20.2 -7.15475
0 -20.2 -11.1948
4.04 -20.2 -7.15475
4.03984 -20.1728 -11.4583
8.08 -20.2 -7.15475
8.08 -20.2 -11.1948
0 -16.16 -7.15475
0 -16.16 -11.1948
4.04 -16.16 -11.1948
4.03989 -15.8404 -7.20731
4.04 -20.2 -3.11475
0 -20.2 -3.11475
0 -16.16 -3.11475
4.04 -15.785 -3.11475
8.08 -20.2 -3.11475
8.08 -16.16 -7.15475
8.08 -16.16 -3.11475
8.08 -16.16 -11.1948
0 16.16 -11.1948
4.04 16.16 -11.1948
4.03989 15.8404 -7.20731
0 16.16 -7.15475
0 20.2 -7.15475
0 20.2 -11.1948
4.03984 20.1728 -11.4583
4.04 15.785 -3.11475
0 16.16 -3.11475
0 20.2 -3.11475
4.04 20.2 -3.11475
4.04 20.2 -7.15475
8.08 16.16 -7.15475
8.08 16.16 -3.11475
8.08 20.2 -7.15475
8.08 20.2 -3.11475
8.08 16.16 -11.1948
8.08 20.2 -11.1948
0 24.24 -7.15475
0 24.24 -11.1948
4.04 24.2166 -7.15008
4.04 24.24 -11.1948
8.08 24.24 -7.15475
8.08 24.24 -11.1948
0 28.28 -7.15475
0 28.28 -11.1948
4.04 28.28 -11.1948
4.04 28.28 -7.15475
4.04 23.2599 -4.0251
0 24.24 -3.11475
0 28.28 -3.11475
4.04 29.6072 -4.3472
8.08 24.24 -3.11475
8.08 28.28 -7.15475
8.08 28.28 -3.11475
8.08 28.28 -11.1948
0 -28.28 4.96525
4.04023 -28.3843 5.06126
4.04 -28.28 9.00525
0 -28.28 9.00525
0 -24.24 9.00525
0 -24.24 4.96525
4.03788 -25.1098 9.54025
8.08 -28.28 4.96525
8.08 -28.28 9.00525
8.08 -24.24 9.00525
8.08 -24.24 4.96525
0 -32.32 -3.11475
4.04 -32.32 -3.11475
4.04001 -32.3335 0.929203
0 -32.32 0.92525
0 -28.28 0.92525
4.04 -32.32 4.96525
0 -32.32 4.96525
8.08 -32.32 0.92525
8.08 -32.32 4.96525
8.08 -28.28 0.92525
8.08 -32.32 -3.11475
0 -24.24 0.92525
8.08 -24.24 0.92525
0 -20.2 9.00525
0 -20.2 4.96525
4.04 -24.24 13.0452
0 -24.24 13.0452
0 -20.2 13.0452
4.03496 -23.1165 13.9548
8.08 -24.24 13.0452
8.08 -20.2 13.0452
8.08 -20.2 9.00525
8.08 -20.2 4.96525
0 -16.16 9.00525
0 -16.16 4.96525
4.04 -15.1377 8.73131
4.04 -15.785 4.96525
0 -16.16 13.0452
4.04 -14.1276 12.5007
8.08 -16.16 9.00525
8.08 -16.16 13.0452
8.08 -16.16 4.96525
0 -20.2 0.92525
8.08 -20.2 0.92525
0 -16.16 0.92525
4.04 -15.785 0.92525
8.08 -16.16 0.92525
0 16.16 4.96525
4.04 15.785 4.96525
4.04 15.1377 8.73131
0 16.16 9.00525
0 20.2 9.00525
0 20.2 4.96525
4.04 14.1276 12.5007
0 16.16 13.0452
0 20.2 13.0452
8.08 16.16 9.00525
8.08 16.16 13.0452
8.08 20.2 9.00525
8.08 20.2 13.0452
8.08 16.16 4.96525
8.08 20.2 4.96525
0 24.24 9.00525
0 24.24 4.96525
0 24.24 13.0452
4.03369 23.1253 13.9314
4.04 24.24 13.0452
4.03831 25.1125 9.53194
8.08 24.24 13.0452
8.08 24.24 9.00525
8.08 24.24 4.96525
4.04 15.785 0.92525
0 16.16 0.92525
0 20.2 0.92525
8.08 16.16 0.92525
8.08 20.2 0.92525
0 24.24 0.92525
8.08 24.24 0.92525
0 28.28 9.00525
0 28.28 4.96525
4.04 28.28 9.00525
4.04023 28.3843 5.06126
8.08 28.28 9.00525
8.08 28.28 4.96525
0 28.28 0.92525
8.08 28.28 0.92525
0 32.32 0.92525
0 32.32 -3.11475
4.04 32.32 -3.11475
4.04001 32.3335 0.929203
0 32.32 4.96525
4.04 32.32 4.96525
8.08 32.32 4.96525
8.08 32.32 0.92525
8.08 32.32 -3.11475
-8.08 -20.2 25.1653
-4.04 -20.2 25.1653
-4.04 -20.2 29.2052
-8.08 -20.2 29.2052
-8.08 -16.16 29.2052
-8.08 -16.16 25.1653
-4.04085 -17.4398 30.784
-4.04135 -18.638 23.5542
0 -20.2 25.1653
0 -20.2 29.2052
-0.000853033 -17.4409 30.7853
0 -18.6035 23.5053
0 -20.2 21.1253
4.04 -21.0716 21.3588
4.04 -20.2 25.1653
0 -16.16 21.1253
4.04 -20.2 29.2052
4.04091 -17.4975 30.7391
8.08 -20.2 25.1653
8.08 -20.2 29.2052
8.08 -16.16 29.2052
8.08 -16.16 25.1653
8.08 -20.2 21.1253
8.08 -16.16 21.1253
4.04 -22.0816 17.5894
0 -20.2 17.0852
0 -16.16 17.0852
8.08 -20.2 17.0852
8.08 -16.16 17.0852
-8.08 -16.16 21.1253
-4.04 -16.16 21.1253
-8.08 -12.12 25.1653
-8.08 -12.12 21.1253
-4.04 -12.12 21
-8.08 -12.12 29.2052
0 -12.12 21
-8.08 -8.08 25.1653
-8.08 -8.08 21.1253
-4.04 -8.08 21
-8.08 -8.08 29.2052
0 -8.08 21
8.08 -12.12 25.1653
8.08 -12.12 29.2052
8.08 -12.12 21.1253
4.04 -11.2501 20.5725
4.04 -8.08 21.1253
2 -8.08 25.1653
2 -8.08 29.2052
4.04 -8.08 29.2052
4.04 -8.08 25.1653
4.0369 -10.7833 30.9551
8.08 -8.08 29.2052
8.08 -8.08 25.1653
8.08 -8.08 21.1253
0 -12.12 17.0852
0 -12.12 13.0452
4.04 -12.12 13.0452
4.04 -12.12 17.0852
8.08 -12.12 17.0852
8.08 -12.12 13.0452
-8.08 -4.04 25.1653
-8.08 -4.04 21.1253
-4.04 -4.04 21
-8.08 -4.04 29.2052
2 -4.04 25.1653
2 -4.04 29.2052
0 -4.04 21
-8.08 0 25.1653
-8.08 0 21.1253
-4.04 0 21
-8.08 0 29.2052
2 0 25.1653
2 0 29.2052
0 0 21
4.04 -4.04 25.1653
4.04 -4.04 21.1253
4.04 0 25.1653
4.04 0 21.1253
-8.08 4.04 25.1653
-8.08 4.04 21.1253
-4.04 4.04 21
-8.08 4.04 29.2052
2 4.04 25.1653
2 4.04 29.2052
0 4.04 21
-8.08 8.08 25.1653
-8.08 8.08 21.1253
-4.04 8.08 21
-8.08 8.08 29.2052
2 8.08 25.1653
2 8.08 29.2052
0 8.08 21
4.04 4.04 25.1653
4.04 4.04 21.1253
4.04 8.08 25.1653
4.04 8.08 21.1253
-8.08 12.12 25.1653
-8.08 12.12 21.1253
-4.04 12.12 21
-8.08 12.12 29.2052
0 12.12 21
-8.08 16.16 25.1653
-8.08 16.16 21.1253
-4.04 16.16 21.1253
-4.04135 18.638 23.5542
-8.08 16.16 29.2052
0 16.16 21.1253
0 18.6035 23.5053
4.04 11.2501 20.5725
4.04 8.08 29.2052
8.08 8.08 25.1653
8.08 8.08 29.2052
8.08 12.12 29.2052
4.0369 10.7833 30.9551
8.08 12.12 25.1653
8.08 8.08 21.1253
8.08 12.12 21.1253
8.08 16.16 25.1653
8.08 16.16 29.2052
8.08 16.16 21.1253
0 12.12 13.0452
4.04 12.12 13.0452
4.04 12.12 17.0852
0 12.12 17.0852
0 16.16 17.0852
8.08 12.12 17.0852
8.08 16.16 17.0852
8.08 12.12 13.0452
-8.08 20.2 29.2052
-8.08 20.2 25.1653
-4.04085 17.4398 30.784
-4.04 20.2 29.2052
-4.04 20.2 25.1653
-0.000853033 17.4409 30.7853
0 20.2 29.2052
0 20.2 25.1653
0 20.2 21.1253
4.04 20.2 25.1653
4.04 21.0716 21.3588
4.04091 17.4975 30.7391
4.04 20.2 29.2052
8.08 20.2 29.2052
8.08 20.2 25.1653
8.08 20.2 21.1253
0 20.2 17.0852
4.04 22.0816 17.5894
8.08 20.2 17.0852
-4.04 -16.16 33.2452
-8.08 -16.16 33.2452
-8.08 -12.12 33.2452
-4.04 -12.12 33.2452
0 -16.16 33.2452
0 -12.12 33.2452
-8.08 -8.08 33.2452
-4.04 -8.08 33.2452
0 -8.08 33.2452
4.04 -16.16 33.2452
4.04 -12.12 33.2452
8.08 -16.16 33.2452
8.08 -12.12 33.2452
4.04 -8.08 33.2452
-8.08 -4.04 33.2452
-4.04 -8.08 37.2852
-8.08 -8.08 37.2852
-8.08 -4.04 37.2852
-4.04 -4.04 37.2852
-4.03999 -3.57644 33.9917
0 -8.08 37.2852
0 -4.04 37.2852
-5.21133e-06 -3.57632 33.9916
-8.08 0 33.2452
-4.04 0 33.2452
0 0 33.2452
-4.04 -8.5 41.3252
-8.08 -8.08 41.3252
-8.08 -4.04 41.3252
-4.04 -4.04 41.3252
-4.04 -8.5 45.3653
-8.08 -8.08 45.3653
-8.08 -4.04 45.3653
-4.04 -4.04 45.3653
0 -8.5 41.3252
0 -8.5 45.3653
0 -4.04 45.3653
0 -4.04 41.3252
4.04 -8.08 37.2852
4.04 -8.08 41.3252
4.04 -4.04 37.2852
4.04 -4.04 41.3252
4.04 -8.08 45.3653
4.04 -4.04 45.3653
4.04 -4.04 29.2052
4.04 -4.04 33.2452
4.04 0 33.2452
4.04 0 29.2052
-8.08 4.04 33.2452
-4.04 3.57633 33.9916
-3.24717e-06 3.57632 33.9916
-8.08 8.08 33.2452
-4.04 4.04 37.2852
-8.08 4.04 37.2852
-8.08 8.08 37.2852
-4.04 8.08 37.2852
-4.04 8.08 33.2452
0 4.04 37.2852
0 8.08 37.2852
0 8.08 33.2452
-4.04 4.04 41.3252
-8.08 4.04 41.3252
-8.08 8.08 41.3252
-4.04 8.5 41.3252
-4.04 4.04 45.3653
-8.08 4.04 45.3653
-8.08 8.08 45.3653
-4.04 8.5 45.3653
0 4.04 41.3252
0 4.04 45.3653
0 8.5 45.3653
0 8.5 41.3252
4.04 4.04 37.2852
4.04 4.04 41.3252
4.04 8.08 37.2852
4.04 8.08 41.3252
4.04 4.04 45.3653
4.04 8.08 45.3653
4.04 4.04 33.2452
4.04 4.04 29.2052
4.04 8.08 33.2452
-8.08 12.12 33.2452
-4.04 12.12 33.2452
0 12.12 33.2452
-8.08 16.16 33.2452
-4.04 16.16 33.2452
0 16.16 33.2452
4.04 12.12 33.2452
4.04 16.16 33.2452
8.08 12.12 33.2452
8.08 16.16 33.2452
-4.04 -8.08 49.4053
-8.08 -8.08 49.4053
-8.08 -4.04 49.4053
-4.04 -4.04 49.4053
-4.08889 -8.08 53.6276
-8.08 -8.08 53.4453
-8.08 -4.04 53.4453
-4.08889 -4.04 53.6276
-0.318575 -8.07981 49.3467
0 -8.08 53.4453
0 -4.04 53.4453
-0.31625 -4.03981 49.3471
-8.08 0 53.4453
-8.08 0 49.4053
-4.04 0 53.4453
-4.04 0 49.4053
0 0 53.4453
0 0 49.4053
4.04 -8.08 49.4053
4.04 -4.04 49.4053
4.04 -8.08 53.4453
4.04 -4.04 53.4453
0 0 45.3653
4.04 0 45.3653
4.04 0 49.4053
4.04 0 53.4453
-8.08 4.04 53.4453
-8.08 4.04 49.4053
-4.08889 4.04 53.6276
-4.04 4.04 49.4053
0 4.04 53.4453
-0.953499 4.0404 49.1978
-8.08 8.08 49.4053
-4.04 8.08 49.4053
-8.08 8.08 53.4453
-4.08889 8.08 53.6276
0 8.08 53.4453
0 8.5 49.4053
4.04 4.04 49.4053
4.04 4.04 53.4453
4.04 8.08 49.4053
4.04 8.08 53.4453

4 0 1 2 3  0.217 0.92 0.92 
4 0 3 4 5  0.217 0.92 0.92 
4 1 0 5 6  0.217 0.92 0.92 
4 3 2 7 8  0.217 0.92 0.92 
4 3 8 9 4  0.217 0.92 0.92 
4 4 9 10 11  0.217 0.92 0.92 
4 2 12 13 7  0.217 0.92 0.92 
4 13 12 14 15  0.217 0.92 0.92 
4 11 10 15 14  0.217 0.92 0.92 
4 1 16 12 2  0.217 0.92 0.92 
4 12 16 17 14  0.217 0.92 0.92 
4 16 1 6 17  0.217 0.92 0.92 
4 5 4 18 19  0.217 0.92 0.92 
4 4 11 20 18  0.217 0.92 0.92 
4 6 5 19 21  0.217 0.92 0.92 
4 11 14 22 20  0.217 0.92 0.92 
4 14 17 23 22  0.217 0.92 0.92 
4 17 6 21 23  0.217 0.92 0.92 
4 19 18 24 25  0.217 0.92 0.92 
4 21 19 25 26  0.217 0.92 0.92 
4 25 24 27 26  0.217 0.92 0.92 
4 18 20 28 29  0.217 0.92 0.92 
4 18 29 30 24  0.217 0.92 0.92 
4 24 30 31 27  0.217 0.92 0.92 
4 20 22 32 28  0.217 0.92 0.92 
4 32 22 33 34  0.217 0.92 0.92 
4 27 31 34 33  0.217 0.92 0.92 
4 22 23 35 33  0.217 0.92 0.92 
4 23 21 26 35  0.217 0.92 0.92 
4 26 27 33 35  0.217 0.92 0.92 
4 36 37 38 39  0.217 0.92 0.92 
4 36 39 40 41  0.217 0.92 0.92 
4 37 36 41 42  0.217 0.92 0.92 
4 39 38 43 44  0.217 0.92 0.92 
4 39 44 45 40  0.217 0.92 0.92 
4 40 45 46 47  0.217 0.92 0.92 
4 38 48 49 43  0.217 0.92 0.92 
4 49 48 50 51  0.217 0.92 0.92 
4 47 46 51 50  0.217 0.92 0.92 
4 37 52 48 38  0.217 0.92 0.92 
4 48 52 53 50  0.217 0.92 0.92 
4 52 37 42 53  0.217 0.92 0.92 
4 41 40 54 55  0.217 0.92 0.92 
4 40 47 56 54  0.217 0.92 0.92 
4 42 41 55 57  0.217 0.92 0.92 
4 47 50 58 56  0.217 0.92 0.92 
4 50 53 59 58  0.217 0.92 0.92 
4 53 42 57 59  0.217 0.92 0.92 
4 55 54 60 61  0.217 0.92 0.92 
4 57 55 61 62  0.217 0.92 0.92 
4 61 60 63 62  0.217 0.92 0.92 
4 54 56 64 65  0.217 0.92 0.92 
4 54 65 66 60  0.217 0.92 0.92 
4 60 66 67 63  0.217 0.92 0.92 
4 56 58 68 64  0.217 0.92 0.92 
4 68 58 69 70  0.217 0.92 0.92 
4 63 67 70 69  0.217 0.92 0.92 
4 58 59 71 69  0.217 0.92 0.92 
4 59 57 62 71  0.217 0.92 0.92 
4 62 63 69 71  0.217 0.92 0.92 
4 72 73 74 75  0.217 0.92 0.92 
4 72 75 76 77  0.217 0.92 0.92 
4 75 74 78 76  0.217 0.92 0.92 
4 73 79 80 74  0.217 0.92 0.92 
4 74 80 81 78  0.217 0.92 0.92 
4 80 79 82 81  0.217 0.92 0.92 
4 83 84 85 86  0.217 0.92 0.92 
4 83 86 87 8  0.217 0.92 0.92 
4 84 83 8 7  0.217 0.92 0.92 
4 86 85 88 89  0.217 0.92 0.92 
4 86 89 72 87  0.217 0.92 0.92 
4 89 88 73 72  0.217 0.92 0.92 
4 85 90 91 88  0.217 0.92 0.92 
4 88 91 79 73  0.217 0.92 0.92 
4 91 90 92 79  0.217 0.92 0.92 
4 84 93 90 85  0.217 0.92 0.92 
4 90 93 13 92  0.217 0.92 0.92 
4 93 84 7 13  0.217 0.92 0.92 
4 8 87 94 9  0.217 0.92 0.92 
4 87 72 77 94  0.217 0.92 0.92 
4 79 92 95 82  0.217 0.92 0.92 
4 92 13 15 95  0.217 0.92 0.92 
4 77 76 96 97  0.217 0.92 0.92 
4 76 78 98 99  0.217 0.92 0.92 
4 76 99 100 96  0.217 0.92 0.92 
4 99 98 101 100  0.217 0.92 0.92 
4 78 81 102 98  0.217 0.92 0.92 
4 98 102 103 101  0.217 0.92 0.92 
4 102 81 104 103  0.217 0.92 0.92 
4 81 82 105 104  0.217 0.92 0.92 
4 97 96 106 107  0.217 0.92 0.92 
4 107 106 108 109  0.217 0.92 0.92 
4 96 100 110 106  0.217 0.92 0.92 
4 106 110 111 108  0.217 0.92 0.92 
4 103 104 112 113  0.217 0.92 0.92 
4 108 111 113 112  0.217 0.92 0.92 
4 104 105 114 112  0.217 0.92 0.92 
4 109 108 112 114  0.217 0.92 0.92 
4 9 94 115 29  0.217 0.92 0.92 
4 10 9 29 28  0.217 0.92 0.92 
4 94 77 97 115  0.217 0.92 0.92 
4 82 95 116 105  0.217 0.92 0.92 
4 95 15 32 116  0.217 0.92 0.92 
4 15 10 28 32  0.217 0.92 0.92 
4 29 115 117 30  0.217 0.92 0.92 
4 30 117 118 31  0.217 0.92 0.92 
4 115 97 107 117  0.217 0.92 0.92 
4 117 107 109 118  0.217 0.92 0.92 
4 105 116 119 114  0.217 0.92 0.92 
4 118 109 114 119  0.217 0.92 0.92 
4 116 32 34 119  0.217 0.92 0.92 
4 31 118 119 34  0.217 0.92 0.92 
4 120 121 122 123  0.217 0.92 0.92 
4 120 123 124 125  0.217 0.92 0.92 
4 123 122 126 127  0.217 0.92 0.92 
4 123 127 128 124  0.217 0.92 0.92 
4 122 129 130 126  0.217 0.92 0.92 
4 130 129 131 132  0.217 0.92 0.92 
4 121 133 129 122  0.217 0.92 0.92 
4 129 133 134 131  0.217 0.92 0.92 
4 125 124 135 136  0.217 0.92 0.92 
4 124 128 137 135  0.217 0.92 0.92 
4 128 138 139 137  0.217 0.92 0.92 
4 135 137 139 140  0.217 0.92 0.92 
4 138 132 141 139  0.217 0.92 0.92 
4 132 131 142 141  0.217 0.92 0.92 
4 140 139 141 142  0.217 0.92 0.92 
4 131 134 143 142  0.217 0.92 0.92 
4 44 43 144 145  0.217 0.92 0.92 
4 44 145 146 45  0.217 0.92 0.92 
4 145 144 121 120  0.217 0.92 0.92 
4 145 120 125 146  0.217 0.92 0.92 
4 144 147 133 121  0.217 0.92 0.92 
4 133 147 148 134  0.217 0.92 0.92 
4 43 49 147 144  0.217 0.92 0.92 
4 147 49 51 148  0.217 0.92 0.92 
4 45 146 149 65  0.217 0.92 0.92 
4 46 45 65 64  0.217 0.92 0.92 
4 146 125 136 149  0.217 0.92 0.92 
4 134 148 150 143  0.217 0.92 0.92 
4 148 51 68 150  0.217 0.92 0.92 
4 51 46 64 68  0.217 0.92 0.92 
4 136 135 151 152  0.217 0.92 0.92 
4 135 140 153 151  0.217 0.92 0.92 
4 152 151 153 154  0.217 0.92 0.92 
4 140 142 155 153  0.217 0.92 0.92 
4 142 143 156 155  0.217 0.92 0.92 
4 154 153 155 156  0.217 0.92 0.92 
4 65 149 157 66  0.217 0.92 0.92 
4 149 136 152 157  0.217 0.92 0.92 
4 143 150 158 156  0.217 0.92 0.92 
4 150 68 70 158  0.217 0.92 0.92 
4 66 157 159 160  0.217 0.92 0.92 
4 67 66 160 161  0.217 0.92 0.92 
4 160 159 162 161  0.217 0.92 0.92 
4 157 152 163 159  0.217 0.92 0.92 
4 152 154 164 163  0.217 0.92 0.92 
4 159 163 164 162  0.217 0.92 0.92 
4 154 156 165 164  0.217 0.92 0.92 
4 156 158 166 165  0.217 0.92 0.92 
4 162 164 165 166  0.217 0.92 0.92 
4 158 70 167 166  0.217 0.92 0.92 
4 70 67 161 167  0.217 0.92 0.92 
4 161 162 166 167  0.217 0.92 0.92 
4 168 169 170 171  0.217 0.92 0.92 
4 168 171 172 173  0.217 0.92 0.92 
4 171 170 174 172  0.217 0.92 0.92 
4 169 168 173 175  0.217 0.92 0.92 
4 169 176 177 170  0.217 0.92 0.92 
4 170 177 178 174  0.217 0.92 0.92 
4 176 169 175 179  0.217 0.92 0.92 
4 180 181 182 176  0.217 0.92 0.92 
4 180 176 179 183  0.217 0.92 0.92 
4 176 182 184 177  0.217 0.92 0.92 
4 177 184 185 178  0.217 0.92 0.92 
4 182 186 187 184  0.217 0.92 0.92 
4 184 187 188 185  0.217 0.92 0.92 
4 187 186 189 188  0.217 0.92 0.92 
4 181 190 186 182  0.217 0.92 0.92 
4 186 190 191 189  0.217 0.92 0.92 
4 100 101 192 193  0.217 0.92 0.92 
4 100 193 194 110  0.217 0.92 0.92 
4 193 192 181 180  0.217 0.92 0.92 
4 193 180 183 194  0.217 0.92 0.92 
4 192 195 190 181  0.217 0.92 0.92 
4 190 195 196 191  0.217 0.92 0.92 
4 101 103 195 192  0.217 0.92 0.92 
4 195 103 113 196  0.217 0.92 0.92 
4 197 198 175 173  0.217 0.92 0.92 
4 197 173 199 200  0.217 0.92 0.92 
4 198 197 200 201  0.217 0.92 0.92 
4 173 172 202 199  0.217 0.92 0.92 
4 198 183 179 175  0.217 0.92 0.92 
4 183 198 201 203  0.217 0.92 0.92 
4 200 199 204 205  0.217 0.92 0.92 
4 201 200 205 206  0.217 0.92 0.92 
4 199 202 207 204  0.217 0.92 0.92 
4 203 201 206 208  0.217 0.92 0.92 
4 188 189 209 210  0.217 0.92 0.92 
4 189 191 211 209  0.217 0.92 0.92 
4 212 203 208 213  0.217 0.92 0.92 
4 214 215 216 217  0.217 0.92 0.92 
4 218 210 219 216  0.217 0.92 0.92 
4 210 209 220 219  0.217 0.92 0.92 
4 217 216 219 220  0.217 0.92 0.92 
4 209 211 221 220  0.217 0.92 0.92 
4 211 212 213 221  0.217 0.92 0.92 
4 213 217 220 221  0.217 0.92 0.92 
4 110 194 222 223  0.217 0.92 0.92 
4 111 110 223 224  0.217 0.92 0.92 
4 223 222 225 224  0.217 0.92 0.92 
4 194 183 203 222  0.217 0.92 0.92 
4 222 203 212 225  0.217 0.92 0.92 
4 191 196 226 211  0.217 0.92 0.92 
4 225 212 211 226  0.217 0.92 0.92 
4 196 113 227 226  0.217 0.92 0.92 
4 113 111 224 227  0.217 0.92 0.92 
4 224 225 226 227  0.217 0.92 0.92 
4 205 204 228 229  0.217 0.92 0.92 
4 206 205 229 230  0.217 0.92 0.92 
4 204 207 231 228  0.217 0.92 0.92 
4 215 214 232 233  0.217 0.92 0.92 
4 208 206 230 234  0.217 0.92 0.92 
4 229 228 235 236  0.217 0.92 0.92 
4 230 229 236 237  0.217 0.92 0.92 
4 228 231 238 235  0.217 0.92 0.92 
4 233 232 239 240  0.217 0.92 0.92 
4 234 230 237 241  0.217 0.92 0.92 
4 214 217 242 232  0.217 0.92 0.92 
4 217 213 243 242  0.217 0.92 0.92 
4 213 208 234 243  0.217 0.92 0.92 
4 232 242 244 239  0.217 0.92 0.92 
4 242 243 245 244  0.217 0.92 0.92 
4 243 234 241 245  0.217 0.92 0.92 
4 236 235 246 247  0.217 0.92 0.92 
4 237 236 247 248  0.217 0.92 0.92 
4 235 238 249 246  0.217 0.92 0.92 
4 240 239 250 251  0.217 0.92 0.92 
4 241 237 248 252  0.217 0.92 0.92 
4 247 246 253 254  0.217 0.92 0.92 
4 248 247 254 255  0.217 0.92 0.92 
4 246 249 256 253  0.217 0.92 0.92 
4 251 250 257 258  0.217 0.92 0.92 
4 252 248 255 259  0.217 0.92 0.92 
4 239 244 260 250  0.217 0.92 0.92 
4 244 245 261 260  0.217 0.92 0.92 
4 245 241 252 261  0.217 0.92 0.92 
4 250 260 262 257  0.217 0.92 0.92 
4 260 261 263 262  0.217 0.92 0.92 
4 261 252 259 263  0.217 0.92 0.92 
4 254 253 264 265  0.217 0.92 0.92 
4 255 254 265 266  0.217 0.92 0.92 
4 253 256 267 264  0.217 0.92 0.92 
4 259 255 266 268  0.217 0.92 0.92 
4 265 264 269 270  0.217 0.92 0.92 
4 266 265 270 271  0.217 0.92 0.92 
4 270 269 272 271  0.217 0.92 0.92 
4 264 267 273 269  0.217 0.92 0.92 
4 268 266 271 274  0.217 0.92 0.92 
4 271 272 275 274  0.217 0.92 0.92 
4 263 259 268 276  0.217 0.92 0.92 
4 257 262 277 258  0.217 0.92 0.92 
4 262 278 279 277  0.217 0.92 0.92 
4 277 279 280 281  0.217 0.92 0.92 
4 279 278 282 280  0.217 0.92 0.92 
4 263 283 278 262  0.217 0.92 0.92 
4 278 283 284 282  0.217 0.92 0.92 
4 283 263 276 284  0.217 0.92 0.92 
4 280 282 285 286  0.217 0.92 0.92 
4 282 284 287 285  0.217 0.92 0.92 
4 288 289 290 291  0.217 0.92 0.92 
4 288 291 292 127  0.217 0.92 0.92 
4 289 288 127 126  0.217 0.92 0.92 
4 291 290 276 268  0.217 0.92 0.92 
4 291 268 274 292  0.217 0.92 0.92 
4 290 293 284 276  0.217 0.92 0.92 
4 284 293 294 287  0.217 0.92 0.92 
4 289 295 293 290  0.217 0.92 0.92 
4 293 295 130 294  0.217 0.92 0.92 
4 295 289 126 130  0.217 0.92 0.92 
4 269 273 296 297  0.217 0.92 0.92 
4 273 298 299 296  0.217 0.92 0.92 
4 272 269 297 300  0.217 0.92 0.92 
4 297 296 299 300  0.217 0.92 0.92 
4 298 301 302 299  0.217 0.92 0.92 
4 275 272 300 303  0.217 0.92 0.92 
4 300 299 302 303  0.217 0.92 0.92 
4 274 275 303 304  0.217 0.92 0.92 
4 304 303 305 306  0.217 0.92 0.92 
4 301 307 308 302  0.217 0.92 0.92 
4 303 302 308 305  0.217 0.92 0.92 
4 307 286 309 308  0.217 0.92 0.92 
4 286 285 310 309  0.217 0.92 0.92 
4 305 308 309 310  0.217 0.92 0.92 
4 285 287 311 310  0.217 0.92 0.92 
4 306 305 310 311  0.217 0.92 0.92 
4 127 292 312 128  0.217 0.92 0.92 
4 128 312 313 138  0.217 0.92 0.92 
4 292 274 304 312  0.217 0.92 0.92 
4 312 304 306 313  0.217 0.92 0.92 
4 287 294 314 311  0.217 0.92 0.92 
4 313 306 311 314  0.217 0.92 0.92 
4 294 130 132 314  0.217 0.92 0.92 
4 138 313 314 132  0.217 0.92 0.92 
4 172 174 315 316  0.217 0.92 0.92 
4 172 316 317 202  0.217 0.92 0.92 
4 316 315 318 317  0.217 0.92 0.92 
4 174 178 319 315  0.217 0.92 0.92 
4 315 319 320 318  0.217 0.92 0.92 
4 202 317 321 207  0.217 0.92 0.92 
4 317 318 322 321  0.217 0.92 0.92 
4 318 320 323 322  0.217 0.92 0.92 
4 178 185 324 319  0.217 0.92 0.92 
4 319 324 325 320  0.217 0.92 0.92 
4 185 188 326 324  0.217 0.92 0.92 
4 324 326 327 325  0.217 0.92 0.92 
4 326 188 210 327  0.217 0.92 0.92 
4 218 325 327 210  0.217 0.92 0.92 
4 320 325 328 323  0.217 0.92 0.92 
4 325 218 216 328  0.217 0.92 0.92 
4 207 321 329 231  0.217 0.92 0.92 
4 321 322 330 331  0.217 0.92 0.92 
4 321 331 332 329  0.217 0.92 0.92 
4 329 332 333 334  0.217 0.92 0.92 
4 322 323 335 330  0.217 0.92 0.92 
4 334 333 336 337  0.217 0.92 0.92 
4 231 329 338 238  0.217 0.92 0.92 
4 329 334 339 338  0.217 0.92 0.92 
4 334 337 340 339  0.217 0.92 0.92 
4 331 330 341 342  0.217 0.92 0.92 
4 331 342 343 332  0.217 0.92 0.92 
4 332 343 344 333  0.217 0.92 0.92 
4 342 341 345 346  0.217 0.92 0.92 
4 342 346 347 343  0.217 0.92 0.92 
4 343 347 348 344  0.217 0.92 0.92 
4 341 349 350 345  0.217 0.92 0.92 
4 344 348 351 352  0.217 0.92 0.92 
4 330 335 349 341  0.217 0.92 0.92 
4 333 344 352 336  0.217 0.92 0.92 
4 335 353 354 349  0.217 0.92 0.92 
4 354 353 355 356  0.217 0.92 0.92 
4 336 352 356 355  0.217 0.92 0.92 
4 349 354 357 350  0.217 0.92 0.92 
4 357 354 356 358  0.217 0.92 0.92 
4 352 351 358 356  0.217 0.92 0.92 
4 328 216 359 360  0.217 0.92 0.92 
4 216 215 233 359  0.217 0.92 0.92 
4 323 328 353 335  0.217 0.92 0.92 
4 353 328 360 355  0.217 0.92 0.92 
4 337 336 355 360  0.217 0.92 0.92 
4 337 360 361 340  0.217 0.92 0.92 
4 360 359 362 361  0.217 0.92 0.92 
4 359 233 240 362  0.217 0.92 0.92 
4 238 338 363 249  0.217 0.92 0.92 
4 338 339 364 363  0.217 0.92 0.92 
4 339 340 365 364  0.217 0.92 0.92 
4 249 363 366 256  0.217 0.92 0.92 
4 363 364 367 368  0.217 0.92 0.92 
4 363 368 369 366  0.217 0.92 0.92 
4 366 369 370 371  0.217 0.92 0.92 
4 364 365 372 367  0.217 0.92 0.92 
4 371 370 373 374  0.217 0.92 0.92 
4 368 367 375 376  0.217 0.92 0.92 
4 368 376 377 369  0.217 0.92 0.92 
4 369 377 378 370  0.217 0.92 0.92 
4 376 375 379 380  0.217 0.92 0.92 
4 376 380 381 377  0.217 0.92 0.92 
4 377 381 382 378  0.217 0.92 0.92 
4 375 383 384 379  0.217 0.92 0.92 
4 378 382 385 386  0.217 0.92 0.92 
4 367 372 383 375  0.217 0.92 0.92 
4 370 378 386 373  0.217 0.92 0.92 
4 372 387 388 383  0.217 0.92 0.92 
4 388 387 389 390  0.217 0.92 0.92 
4 373 386 390 389  0.217 0.92 0.92 
4 383 388 391 384  0.217 0.92 0.92 
4 391 388 390 392  0.217 0.92 0.92 
4 386 385 392 390  0.217 0.92 0.92 
4 340 361 393 365  0.217 0.92 0.92 
4 361 362 394 393  0.217 0.92 0.92 
4 362 240 251 394  0.217 0.92 0.92 
4 393 394 277 395  0.217 0.92 0.92 
4 394 251 258 277  0.217 0.92 0.92 
4 365 393 387 372  0.217 0.92 0.92 
4 387 393 395 389  0.217 0.92 0.92 
4 374 373 389 395  0.217 0.92 0.92 
4 256 366 396 267  0.217 0.92 0.92 
4 366 371 397 396  0.217 0.92 0.92 
4 371 374 398 397  0.217 0.92 0.92 
4 267 396 399 273  0.217 0.92 0.92 
4 396 397 400 399  0.217 0.92 0.92 
4 273 399 400 298  0.217 0.92 0.92 
4 397 398 401 400  0.217 0.92 0.92 
4 298 400 401 301  0.217 0.92 0.92 
4 374 395 402 398  0.217 0.92 0.92 
4 395 277 281 402  0.217 0.92 0.92 
4 398 402 403 401  0.217 0.92 0.92 
4 301 401 403 307  0.217 0.92 0.92 
4 281 280 404 402  0.217 0.92 0.92 
4 402 404 405 403  0.217 0.92 0.92 
4 404 280 286 405  0.217 0.92 0.92 
4 307 403 405 286  0.217 0.92 0.92 
4 346 345 406 407  0.217 0.92 0.92 
4 346 407 408 347  0.217 0.92 0.92 
4 347 408 409 348  0.217 0.92 0.92 
4 407 406 410 411  0.217 0.92 0.92 
4 407 411 412 408  0.217 0.92 0.92 
4 411 410 413 412  0.217 0.92 0.92 
4 406 414 415 410  0.217 0.92 0.92 
4 410 415 416 413  0.217 0.92 0.92 
4 345 350 414 406  0.217 0.92 0.92 
4 348 409 417 351  0.217 0.92 0.92 
4 408 412 418 419  0.217 0.92 0.92 
4 412 413 420 418  0.217 0.92 0.92 
4 409 408 419 421  0.217 0.92 0.92 
4 413 416 422 420  0.217 0.92 0.92 
4 417 409 421 423  0.217 0.92 0.92 
4 350 357 424 414  0.217 0.92 0.92 
4 424 357 358 425  0.217 0.92 0.92 
4 414 424 426 415  0.217 0.92 0.92 
4 415 426 427 416  0.217 0.92 0.92 
4 426 424 425 427  0.217 0.92 0.92 
4 351 417 423 428  0.217 0.92 0.92 
4 425 358 429 430  0.217 0.92 0.92 
4 358 351 428 429  0.217 0.92 0.92 
4 416 427 431 422  0.217 0.92 0.92 
4 427 425 430 431  0.217 0.92 0.92 
4 419 418 432 433  0.217 0.92 0.92 
4 418 420 434 432  0.217 0.92 0.92 
4 421 419 433 435  0.217 0.92 0.92 
4 420 422 436 434  0.217 0.92 0.92 
4 423 421 435 437  0.217 0.92 0.92 
4 380 379 435 433  0.217 0.92 0.92 
4 380 433 438 381  0.217 0.92 0.92 
4 381 438 439 382  0.217 0.92 0.92 
4 433 432 440 438  0.217 0.92 0.92 
4 432 434 441 440  0.217 0.92 0.92 
4 438 440 441 439  0.217 0.92 0.92 
4 434 436 442 441  0.217 0.92 0.92 
4 439 441 442 443  0.217 0.92 0.92 
4 379 384 437 435  0.217 0.92 0.92 
4 382 439 443 385  0.217 0.92 0.92 
4 428 423 437 384  0.217 0.92 0.92 
4 430 429 391 444  0.217 0.92 0.92 
4 429 428 384 391  0.217 0.92 0.92 
4 422 431 445 436  0.217 0.92 0.92 
4 431 430 444 445  0.217 0.92 0.92 
4 444 391 392 446  0.217 0.92 0.92 
4 385 443 446 392  0.217 0.92 0.92 
4 436 445 447 442  0.217 0.92 0.92 
4 445 444 446 447  0.217 0.92 0.92 
4 443 442 447 446  0.217 0.92 0.92 
