OFF
211 218 0

0 -27.4489 -6.67156
0 -27.4489 -6.67156
0 -31.4778 -2.33273
0 -31.4778 -2.33273
-1.77636e-15 -24.24 -3.11475
0 -23.7286 -10.5351
0.000270912 -23.7286 -10.5351
0 -24.24 -3.11475
8 -27.4489 -6.67156
8 -31.4778 -2.33273
8 -23.7375 -10.5243
8 -24.24 -3.11475
0 -22.1595 -11.3071
0 -22.1595 -11.3071
0 -17.2542 -10.0327
0 -18.9575 -11.1538
0.00118133 -17.2542 -10.0327
0.000237993 -18.9575 -11.1538
0 -16.16 -3.11475
8 -17.2983 -10.0722
8 -16.16 -3.11475
8 -21.9358 -11.363
8 -18.9574 -11.154
0 -16.16 -3.11475
0 -15.785 -3.11475
0 -16.0492 -8.1028
0 -15.785 -3.11475
0.00471349 -16.0492 -8.10289
8 -16.1041 -8.2565
8 -15.785 -3.11475
-0 16.0492 -8.1028
0.00471349 16.0492 -8.10289
0 15.785 -3.11475
0 15.785 -3.11475
0 16.16 -3.11475
0 17.2542 -10.0327
0 16.16 -3.11475
0.00118133 17.2542 -10.0327
8 16.1041 -8.2565
8 15.785 -3.11475
8 17.2983 -10.0722
8 16.16 -3.11475
-0 18.9575 -11.1538
0.000237993 18.9575 -11.1538
0 23.7286 -10.5351
-0 22.1595 -11.3071
0.000270912 23.7286 -10.5351
-0 22.1595 -11.3071
8 18.9574 -11.154
8 23.7375 -10.5243
8 21.9358 -11.363
0 24.24 -3.11475
0 24.24 -3.11475
0 31.4778 -2.33273
0 27.4489 -6.67156
0 27.4489 -6.67156
0 31.4778 -2.33273
8 24.24 -3.11475
8 27.4489 -6.67156
8 31.4778 -2.33273
0 -32.3865 -0.8711
0 -32.3865 -0.8711
0 -32.2234 1.2044
0 -32.2234 1.2044
0 -30.611 2.92774
0.00548186 -30.611 2.92775
8 -32.3666 -0.916848
8 -32.3139 0.9863
8 -30.5996 2.94787
0 -24.24 4.96525
0 -24.24 4.96525
0.0165753 -25.5176 8.86125
0 -25.5176 8.86123
0 -23.5474 12.7859
0 -23.5474 12.7859
8 -25.4887 8.92146
8 -23.5642 12.7735
8 -24.24 4.96525
0 -16.16 13.0452
0 -16.16 4.96525
8 -16.16 4.96525
8 -16.16 13.0452
0 -13.5864 14.5207
0 -15.785 4.96525
8 -15.785 4.96525
8 -13.5864 14.5207
0 15.785 4.96525
8 15.785 4.96525
8 13.5864 14.5207
0 13.5864 14.5207
0 16.16 13.0452
0 16.16 4.96525
8 16.16 4.96525
8 16.16 13.0452
0 23.5474 12.7859
0 24.24 4.96525
8 24.24 4.96525
8 23.5642 12.7735
-1.77636e-15 24.24 4.96525
0 30.611 2.92774
0 30.611 2.92774
0 25.5176 8.86123
8 25.4887 8.92146
8 30.5996 2.94787
-0 32.2234 1.2044
-0 32.3865 -0.8711
8 32.3139 0.9863
8 32.3666 -0.916848
-8 -18.8293 23.8802
0 -21.3423 20.3488
0 -19.3222 27.8875
-8 -19.3139 27.8889
-8 -16.16 29.2052
-8 -16.0528 21.4049
0 -16.16 21.1253
8 -21.3423 20.3488
8 -19.3222 27.8875
8 -16.16 21.1253
8 -16.16 29.2052
-8 -8.08 29.2052
-8 -8.08 21.1253
0 -8.08 21
8 -10.088 22.4012
8 -8.99056 28.7581
-8 0 29.2052
-8 0 21.1253
0 0 21
2 -8.08 29.2052
2 0 29.2052
2 0 29.2052
2 0 21.1253
-8 8.08 29.2052
-8 8.08 21.1253
0 8.08 21
8 8.99056 28.7581
2 8.08 29.2052
8 10.088 22.4012
0 0 21
2 0 21
-8 16.16 29.2052
-8 16.0528 21.4049
-0.000853033 17.4409 30.7853
0 16.16 21.1253
8 16.16 21.1253
8 16.16 29.2052
-8 19.3139 27.8889
-8 18.8293 23.8802
0 21.3423 20.3488
0 19.3222 27.8875
8 21.3423 20.3488
8 19.3222 27.8875
0.00141889 -17.7557 30.5164
-8 -17.6807 30.5866
-8 -15.1438 31.8798
-0.00184177 -15.1868 31.8693
8 -17.8307 30.4462
8 -15.1863 31.8667
-8 -8.05047 37.2939
1.51702e-06 -8.05267 37.2936
2 -8.05277 37.2936
-8 -0.21742 33.0111
2.07218e-05 -0.218016 33.0111
0 -8.5 45.3653
-8 -8.08 45.3653
-8 0.75 46.9597
2 -8.08 45.3653
2 0.218015 33.0111
2 0.75 46.9597
-8 8.05047 37.2939
1.60903e-06 8.05088 37.2937
-8 8.08 45.3653
0 8.5 45.3653
2 8.05277 37.2936
2 8.08 45.3653
-0.00184177 15.1868 31.8693
8 15.1863 31.8667
-8 15.1438 31.8798
-8 17.6807 30.5866
0.00141889 17.7557 30.5164
8 17.8307 30.4462
-8 -8.5 45.3653
0 -8.5 45.3653
-0.315281 -8.5 52.9602
-6.71582 -8.5 52.095
-6.71582 -8.08 52.095
-1.9596 -8.5 53.6406
-4.9362 -8.5 53.3547
-4.9362 -8.08 53.3547
-1.9596 -8.08 53.6406
-0.315281 -8.08 52.9602
2 -8.5 45.3653
1.56726 -8.5 50.7847
1.56726 -8.08 50.7847
-6.71582 -0.75 52.095
-4.9362 0.75 53.3547
-1.9596 -0.75 53.6406
-0.315281 -0.75 52.9602
1.56726 -0.75 50.7847
-6.71582 8.08 52.095
-4.9362 8.08 53.3547
-1.9596 8.08 53.6406
-0.315281 8.08 52.9602
1.56726 8.08 50.7847
-6.71582 8.5 52.095
-8 8.5 45.3653
0 8.5 45.3653
-0.315281 8.5 52.9602
-4.9362 8.5 53.3547
-1.9596 8.5 53.6406
1.56726 8.5 50.7847
2 8.5 45.3653

4 0 1 2 3  0.217 0.92 0.92 
4 0 3 4 5  0.217 0.92 0.92 
4 1 0 5 6  0.217 0.92 0.92 
4 5 4 7 6  0.217 0.92 0.92 
4 1 8 9 2  0.217 0.92 0.92 
4 9 8 10 11  0.217 0.92 0.92 
4 8 1 6 10  0.217 0.92 0.92 
4 12 13 6 5  0.217 0.92 0.92 
4 12 5 14 15  0.217 0.92 0.92 
4 5 6 16 14  0.217 0.92 0.92 
4 13 12 15 17  0.217 0.92 0.92 
4 15 14 16 17  0.217 0.92 0.92 
4 6 7 18 16  0.217 0.92 0.92 
4 11 10 19 20  0.217 0.92 0.92 
4 13 21 10 6  0.217 0.92 0.92 
4 10 21 22 19  0.217 0.92 0.92 
4 21 13 17 22  0.217 0.92 0.92 
4 17 16 19 22  0.217 0.92 0.92 
4 14 16 18 23  0.217 0.92 0.92 
4 14 23 24 25  0.217 0.92 0.92 
4 23 18 26 24  0.217 0.92 0.92 
4 16 14 25 27  0.217 0.92 0.92 
4 25 24 26 27  0.217 0.92 0.92 
4 20 19 28 29  0.217 0.92 0.92 
4 19 16 27 28  0.217 0.92 0.92 
4 27 26 29 28  0.217 0.92 0.92 
4 30 31 32 33  0.217 0.92 0.92 
4 30 33 34 35  0.217 0.92 0.92 
4 33 32 36 34  0.217 0.92 0.92 
4 31 30 35 37  0.217 0.92 0.92 
4 35 34 36 37  0.217 0.92 0.92 
4 31 38 39 32  0.217 0.92 0.92 
4 39 38 40 41  0.217 0.92 0.92 
4 38 31 37 40  0.217 0.92 0.92 
4 37 36 41 40  0.217 0.92 0.92 
4 42 43 37 35  0.217 0.92 0.92 
4 42 35 44 45  0.217 0.92 0.92 
4 35 37 46 44  0.217 0.92 0.92 
4 43 42 45 47  0.217 0.92 0.92 
4 45 44 46 47  0.217 0.92 0.92 
4 43 48 40 37  0.217 0.92 0.92 
4 37 40 49 46  0.217 0.92 0.92 
4 40 48 50 49  0.217 0.92 0.92 
4 48 43 47 50  0.217 0.92 0.92 
4 47 46 49 50  0.217 0.92 0.92 
4 44 46 51 52  0.217 0.92 0.92 
4 44 52 53 54  0.217 0.92 0.92 
4 46 44 54 55  0.217 0.92 0.92 
4 54 53 56 55  0.217 0.92 0.92 
4 46 49 57 51  0.217 0.92 0.92 
4 57 49 58 59  0.217 0.92 0.92 
4 49 46 55 58  0.217 0.92 0.92 
4 55 56 59 58  0.217 0.92 0.92 
4 60 61 62 63  0.217 0.92 0.92 
4 60 63 64 3  0.217 0.92 0.92 
4 63 62 65 64  0.217 0.92 0.92 
4 61 60 3 2  0.217 0.92 0.92 
4 61 66 67 62  0.217 0.92 0.92 
4 62 67 68 65  0.217 0.92 0.92 
4 67 66 9 68  0.217 0.92 0.92 
4 66 61 2 9  0.217 0.92 0.92 
4 3 64 69 4  0.217 0.92 0.92 
4 4 69 70 7  0.217 0.92 0.92 
4 64 65 71 72  0.217 0.92 0.92 
4 64 72 73 69  0.217 0.92 0.92 
4 72 71 74 73  0.217 0.92 0.92 
4 69 73 74 70  0.217 0.92 0.92 
4 65 68 75 71  0.217 0.92 0.92 
4 71 75 76 74  0.217 0.92 0.92 
4 75 68 77 76  0.217 0.92 0.92 
4 68 9 11 77  0.217 0.92 0.92 
4 70 74 78 79  0.217 0.92 0.92 
4 76 77 80 81  0.217 0.92 0.92 
4 7 70 79 18  0.217 0.92 0.92 
4 77 11 20 80  0.217 0.92 0.92 
4 79 78 82 83  0.217 0.92 0.92 
4 81 80 84 85  0.217 0.92 0.92 
4 83 82 85 84  0.217 0.92 0.92 
4 18 79 83 26  0.217 0.92 0.92 
4 80 20 29 84  0.217 0.92 0.92 
4 26 83 84 29  0.217 0.92 0.92 
4 86 87 88 89  0.217 0.92 0.92 
4 86 89 90 91  0.217 0.92 0.92 
4 88 87 92 93  0.217 0.92 0.92 
4 32 39 87 86  0.217 0.92 0.92 
4 32 86 91 36  0.217 0.92 0.92 
4 87 39 41 92  0.217 0.92 0.92 
4 91 90 94 95  0.217 0.92 0.92 
4 93 92 96 97  0.217 0.92 0.92 
4 36 91 95 51  0.217 0.92 0.92 
4 92 41 57 96  0.217 0.92 0.92 
4 41 36 51 57  0.217 0.92 0.92 
4 52 51 95 98  0.217 0.92 0.92 
4 52 98 99 53  0.217 0.92 0.92 
4 98 95 100 99  0.217 0.92 0.92 
4 53 99 100 56  0.217 0.92 0.92 
4 95 94 101 100  0.217 0.92 0.92 
4 94 97 102 101  0.217 0.92 0.92 
4 97 96 103 102  0.217 0.92 0.92 
4 100 101 102 103  0.217 0.92 0.92 
4 96 57 59 103  0.217 0.92 0.92 
4 56 100 104 105  0.217 0.92 0.92 
4 100 103 106 104  0.217 0.92 0.92 
4 103 59 107 106  0.217 0.92 0.92 
4 59 56 105 107  0.217 0.92 0.92 
4 105 104 106 107  0.217 0.92 0.92 
4 108 109 110 111  0.217 0.92 0.92 
4 108 111 112 113  0.217 0.92 0.92 
4 109 108 113 114  0.217 0.92 0.92 
4 109 115 116 110  0.217 0.92 0.92 
4 116 115 117 118  0.217 0.92 0.92 
4 74 76 115 109  0.217 0.92 0.92 
4 74 109 114 78  0.217 0.92 0.92 
4 115 76 81 117  0.217 0.92 0.92 
4 113 112 119 120  0.217 0.92 0.92 
4 114 113 120 121  0.217 0.92 0.92 
4 118 117 122 123  0.217 0.92 0.92 
4 78 114 121 82  0.217 0.92 0.92 
4 117 81 85 122  0.217 0.92 0.92 
4 82 121 122 85  0.217 0.92 0.92 
4 120 119 124 125  0.217 0.92 0.92 
4 121 120 125 126  0.217 0.92 0.92 
4 127 123 128 129  0.217 0.92 0.92 
4 123 122 130 128  0.217 0.92 0.92 
4 122 121 126 130  0.217 0.92 0.92 
4 125 124 131 132  0.217 0.92 0.92 
4 126 125 132 133  0.217 0.92 0.92 
4 129 128 134 135  0.217 0.92 0.92 
4 128 130 136 134  0.217 0.92 0.92 
4 137 138 130 126  0.217 0.92 0.92 
4 137 126 133 89  0.217 0.92 0.92 
4 130 138 88 136  0.217 0.92 0.92 
4 138 137 89 88  0.217 0.92 0.92 
4 132 131 139 140  0.217 0.92 0.92 
4 131 135 141 139  0.217 0.92 0.92 
4 133 132 140 142  0.217 0.92 0.92 
4 134 136 143 144  0.217 0.92 0.92 
4 89 133 142 90  0.217 0.92 0.92 
4 136 88 93 143  0.217 0.92 0.92 
4 140 139 145 146  0.217 0.92 0.92 
4 142 140 146 147  0.217 0.92 0.92 
4 146 145 148 147  0.217 0.92 0.92 
4 144 143 149 150  0.217 0.92 0.92 
4 147 148 150 149  0.217 0.92 0.92 
4 90 142 147 94  0.217 0.92 0.92 
4 143 93 97 149  0.217 0.92 0.92 
4 94 147 149 97  0.217 0.92 0.92 
4 111 110 151 152  0.217 0.92 0.92 
4 111 152 153 112  0.217 0.92 0.92 
4 152 151 154 153  0.217 0.92 0.92 
4 110 116 155 151  0.217 0.92 0.92 
4 151 155 156 154  0.217 0.92 0.92 
4 155 116 118 156  0.217 0.92 0.92 
4 112 153 157 119  0.217 0.92 0.92 
4 153 154 158 157  0.217 0.92 0.92 
4 154 156 159 158  0.217 0.92 0.92 
4 156 118 123 159  0.217 0.92 0.92 
4 127 158 159 123  0.217 0.92 0.92 
4 119 157 160 124  0.217 0.92 0.92 
4 158 127 129 161  0.217 0.92 0.92 
4 157 158 162 163  0.217 0.92 0.92 
4 157 163 164 160  0.217 0.92 0.92 
4 158 159 165 162  0.217 0.92 0.92 
4 165 159 166 167  0.217 0.92 0.92 
4 159 158 161 166  0.217 0.92 0.92 
4 124 160 168 131  0.217 0.92 0.92 
4 161 129 135 169  0.217 0.92 0.92 
4 131 168 169 135  0.217 0.92 0.92 
4 160 164 170 168  0.217 0.92 0.92 
4 168 170 171 169  0.217 0.92 0.92 
4 167 166 172 173  0.217 0.92 0.92 
4 166 161 169 172  0.217 0.92 0.92 
4 169 171 173 172  0.217 0.92 0.92 
4 135 134 172 169  0.217 0.92 0.92 
4 135 169 174 141  0.217 0.92 0.92 
4 169 172 175 174  0.217 0.92 0.92 
4 172 134 144 175  0.217 0.92 0.92 
4 139 141 174 176  0.217 0.92 0.92 
4 139 176 177 145  0.217 0.92 0.92 
4 176 174 178 177  0.217 0.92 0.92 
4 145 177 178 148  0.217 0.92 0.92 
4 174 175 179 178  0.217 0.92 0.92 
4 175 144 150 179  0.217 0.92 0.92 
4 148 178 179 150  0.217 0.92 0.92 
4 180 181 182 183  0.217 0.92 0.92 
4 180 183 184 163  0.217 0.92 0.92 
4 181 180 163 162  0.217 0.92 0.92 
4 183 182 185 186  0.217 0.92 0.92 
4 183 186 187 184  0.217 0.92 0.92 
4 186 185 188 187  0.217 0.92 0.92 
4 185 182 189 188  0.217 0.92 0.92 
4 181 190 191 182  0.217 0.92 0.92 
4 182 191 192 189  0.217 0.92 0.92 
4 191 190 165 192  0.217 0.92 0.92 
4 190 181 162 165  0.217 0.92 0.92 
4 163 184 193 164  0.217 0.92 0.92 
4 184 187 194 193  0.217 0.92 0.92 
4 187 188 195 194  0.217 0.92 0.92 
4 188 189 196 195  0.217 0.92 0.92 
4 189 192 197 196  0.217 0.92 0.92 
4 192 165 167 197  0.217 0.92 0.92 
4 164 193 198 170  0.217 0.92 0.92 
4 193 194 199 198  0.217 0.92 0.92 
4 194 195 200 199  0.217 0.92 0.92 
4 195 196 201 200  0.217 0.92 0.92 
4 196 197 202 201  0.217 0.92 0.92 
4 197 167 173 202  0.217 0.92 0.92 
4 170 198 203 204  0.217 0.92 0.92 
4 171 170 204 205  0.217 0.92 0.92 
4 204 203 206 205  0.217 0.92 0.92 
4 198 199 207 203  0.217 0.92 0.92 
4 199 200 208 207  0.217 0.92 0.92 
4 200 201 206 208  0.217 0.92 0.92 
4 203 207 208 206  0.217 0.92 0.92 
4 201 202 209 206  0.217 0.92 0.92 
4 202 173 210 209  0.217 0.92 0.92 
4 173 171 205 210  0.217 0.92 0.92 
4 205 206 209 210  0.217 0.92 0.92 
