OFF
687 704 0

0 -29.4634 -4.50215
0 -29.4634 -4.50215
0 -31.4778 -2.33273
0 -31.4778 -2.33273
0 -28.28 -3.11475
0 -27.5928 -6.51661
0 -28.28 -3.11475
0 -27.5928 -6.51661
-8.88178e-16 -24.24 -3.11475
0 -24.7059 -7.24733
0 -24.24 -3.11475
0.237475 -24.4735 -7.20123
0 -25.5783 -8.68602
0 -25.5783 -8.68602
0 -23.7286 -10.5351
0.000270912 -23.7286 -10.5351
4.04 -29.4634 -4.50215
4.04 -31.4778 -2.33273
4.04 -27.5928 -6.51661
8 -29.4634 -4.50215
8 -31.4778 -2.33273
8 -27.5928 -6.51661
8 -28.28 -3.11475
4.04 -25.5783 -8.68602
4.03945 -23.7391 -10.5264
4.04 -24.2166 -7.1501
4.04 -23.2599 -4.0251
8 -24.24 -7.15475
8 -24.24 -3.11475
8 -25.5783 -8.68602
8 -23.7375 -10.5243
0 -22.6734 -11.1297
7.86e-05 -22.6734 -11.1297
0 -20.2 -11.1948
0 -20.5459 -11.4943
0 -20.2 -11.1948
0.000168005 -20.5459 -11.4943
0 -17.2542 -10.0327
0 -18.9575 -11.1538
0.000136992 -18.9575 -11.1538
0.00118133 -17.2542 -10.0327
0.5 -18.4763 -9.12062
0 -18.1489 -9.49682
0 -16.16 -7.15475
0 -16.16 -7.15475
4.03984 -20.1728 -11.4583
4.04 -18.4763 -9.12062
4.04 -20.1887 -3.05786
0.27842 -20.1457 -2.84082
0 -16.16 -3.11475
8 -18.4782 -9.12206
8 -20.1887 -3.05794
8 -16.16 -7.15475
8 -16.16 -3.11475
8 -20.2 -11.1948
8 -17.2983 -10.0722
4.03709 -22.5709 -11.1689
4.03651 -20.4792 -11.4856
8 -22.5105 -11.1902
8 -20.4794 -11.4819
4.04014 -18.9574 -11.1539
4.03837 -17.2954 -10.0751
8 -18.9574 -11.154
0 -15.8099 -6.95066
0 -16.2509 -8.6076
0 -15.8099 -6.95066
0 -16.2509 -8.6076
4.05059 -16.2995 -8.70649
4.03845 -15.8116 -6.95056
0 -15.785 -3.11475
4.04 -15.785 -3.11475
8 -15.8112 -6.93
8 -15.785 -3.11475
8 -16.3469 -8.8029
-0 16.2509 -8.6076
-0 16.2509 -8.6076
0 15.8099 -6.95066
0 15.8099 -6.95066
0 16.16 -7.15475
0 17.2542 -10.0327
0 16.16 -7.15475
0.00118133 17.2542 -10.0327
4.05059 16.2995 -8.70649
4.0386 15.8097 -6.93009
4.03837 17.2954 -10.0751
4.04 15.785 -3.11475
0 15.785 -3.11475
0 16.16 -3.11475
8 15.8112 -6.93
8 15.785 -3.11475
8 16.16 -7.15475
8 16.16 -3.11475
8 16.3469 -8.8029
8 17.2983 -10.0722
-0 18.9575 -11.1538
0.000136992 18.9575 -11.1538
0 20.2 -11.1948
-0 20.5459 -11.4943
0.000168005 20.5459 -11.4943
0 23.7286 -10.5351
-0 22.6734 -11.1297
0 20.2 -11.1948
0.000270912 23.7286 -10.5351
7.86e-05 22.6734 -11.1297
0 18.1489 -9.49682
0.5 18.4763 -9.12062
0.278338 20.1455 -2.84094
4.04 20.1887 -3.05772
4.04015 18.4764 -9.12047
8 18.4782 -9.12206
8 20.1887 -3.05794
8 20.2 -11.1948
0.237514 24.4735 -7.20115
4.04 24.2166 -7.15008
8 24.24 -7.15475
8 23.7375 -10.5243
4.04014 18.9574 -11.1539
4.03651 20.4792 -11.4856
8 18.9574 -11.154
8 20.4794 -11.4819
4.03709 22.5709 -11.1689
4.03945 23.7391 -10.5264
8 22.5105 -11.1902
0 24.7059 -7.24733
0 24.24 -3.11475
0 24.24 -3.11475
0 28.28 -3.11475
0 27.5928 -6.51661
0 28.28 -3.11475
0 27.5928 -6.51661
0 25.5783 -8.68602
0 25.5783 -8.68602
4.04 25.5783 -8.68602
4.04 27.5928 -6.51661
4.04 23.2599 -4.0251
8 24.24 -3.11475
8 27.5928 -6.51661
8 28.28 -3.11475
8 25.5783 -8.68602
0 31.4778 -2.33273
0 29.4634 -4.50215
4.04 29.4634 -4.50215
4.04 31.4778 -2.33273
8 29.4634 -4.50215
8 31.4778 -2.33273
0 -32.4622 0.387463
0 -32.4622 0.387463
0 -32.2234 1.2044
0 -32.2234 1.2044
0 -30.611 2.92774
0 -32.32 0.92525
0.00548186 -30.611 2.92775
0 -32.32 0.92525
0 -32.2699 -1.2055
4.03704 -32.2199 -1.31369
4.0401 -32.4665 0.342898
3.9808 -32.2684 1.09587
4.04 -30.5996 2.94787
8 -32.4666 0.342912
8 -32.3139 0.9863
8 -30.5996 2.94787
8 -32.32 0.92525
8 -32.2037 -1.34287
0 -28.28 4.96525
0 -28.28 0.92525
0 -28.28 0.92525
0 -28.28 4.96525
0 -28.23 5.23848
0 -28.23 5.23848
0 -26.33 7.62596
0 -26.33 7.62596
4.03096 -28.2252 5.23404
4.03996 -26.33 7.62592
8 -28.0834 5.40765
8 -26.3462 7.61321
8 -28.28 4.96525
0 -24.24 9.00525
0 -24.24 4.96525
4.05078 -24.3058 11.0609
0 -24.2263 11.2214
0 -23.5474 12.7859
4.0418 -23.5552 12.7699
8 -24.3144 11.0652
8 -23.5642 12.7735
8 -24.24 9.00525
8 -24.24 4.96525
8 -28.28 0.92525
0 -24.24 0.92525
8 -24.24 0.92525
0 -24.24 0.92525
0 -20.2 0.92525
0 -20.0918 -2.56852
0 -20.2 0.92525
0 -16.16 0.92525
0 -16.16 -3.11475
0 -16.16 0.92525
0 -20.2 9.00525
0 -20.2 4.96525
0 -20.2 13.0452
8 -20.2 9.00525
8 -20.2 13.0452
8 -20.2 4.96525
0 -16.16 9.00525
0 -16.16 4.96525
0 -16.16 13.0452
8 -16.16 9.00525
8 -16.16 13.0452
8 -16.16 4.96525
8 -20.2 0.92525
8 -16.16 0.92525
0 -14.867 9.74133
0 -15.785 4.96525
4.04 -14.867 9.74133
4.04 -15.785 4.96525
0 -13.857 13.5107
4.04 -13.857 13.5107
8 -14.867 9.74133
8 -13.857 13.5107
8 -15.785 4.96525
0 -15.785 0.92525
4.04 -15.785 0.92525
8 -15.785 0.92525
0 15.785 4.96525
0 15.785 4.96525
0 14.867 9.74133
0 14.867 9.74133
0 16.16 9.00525
0 16.16 4.96525
0 16.16 9.00525
0 16.16 4.96525
4.04 15.785 4.96525
4.04 14.867 9.74133
4.04 13.857 13.5107
0 13.857 13.5107
0 16.16 13.0452
8 14.867 9.74133
8 13.857 13.5107
8 16.16 9.00525
8 16.16 13.0452
8 15.785 4.96525
8 16.16 4.96525
4.04 15.785 0.92525
0 15.785 0.92525
0 16.16 0.92525
8 15.785 0.92525
8 16.16 0.92525
0 16.16 -3.11475
0 16.16 0.92525
0 20.2 0.92525
0 20.0918 -2.56852
0 20.2 0.92525
0 24.24 0.92525
0 24.24 0.92525
0 20.2 9.00525
0 20.2 4.96525
0 20.2 13.0452
8 20.2 9.00525
8 20.2 13.0452
8 20.2 4.96525
0 24.24 9.00525
0 24.24 4.96525
0 23.5474 12.7859
8 24.24 9.00525
8 23.5642 12.7735
8 24.24 4.96525
8 20.2 0.92525
8 24.24 0.92525
0 28.28 0.92525
0 28.28 0.92525
0 28.28 4.96525
-8.88178e-16 28.28 4.96525
0 30.611 2.92774
0 32.32 0.92525
0 30.611 2.92774
0 32.32 0.92525
0 24.24 9.00525
0 23.5474 12.7859
0 24.2263 11.2214
0 26.33 7.62596
0 24.2263 11.2214
0.00492714 26.33 7.62597
-8.88178e-16 24.24 4.96525
4.03996 26.3462 7.61325
4.04023 28.3843 5.06126
4.0418 23.5552 12.7699
4.05078 24.3058 11.0609
8 24.3144 11.0652
8 26.3462 7.61321
8 28.28 4.96525
8 28.28 0.92525
4.04438 30.5954 2.94291
8 30.5996 2.94787
8 32.32 0.92525
-0 32.2234 1.2044
0 32.4622 0.387463
-0 32.2234 1.2044
9.74461e-05 32.4622 0.387463
0 31.4778 -2.33273
-0 32.2699 -1.2055
-0 32.2699 -1.2055
4.03704 32.2199 -1.31369
4.03865 32.4667 0.355005
3.9808 32.2684 1.09587
8 32.3139 0.9863
8 32.4666 0.342912
8 32.2037 -1.34287
-8 -18.0946 22.8288
-4.04273 -18.1486 22.8968
-4.04037 -19.3833 25.3774
-8 -19.3794 25.3556
-8 -16.16 25.1653
-8 -16.0528 21.4049
-4.04017 -16.0467 21.3994
-4.04135 -18.638 23.5542
-4.04061 -19.0454 28.6852
-8 -19.0247 28.7359
-8 -16.16 29.2052
0 -20.0616 25.1282
-0.000609285 -19.0437 28.6844
0 -18.6035 23.5053
0 -21.3423 20.3488
4.04 -21.3423 20.3488
4.04 -20.3322 24.1182
0 -20.3322 24.1182
0 -20.2 21.1253
4.04 -20.0616 25.1282
8 -21.3423 20.3488
8 -20.3322 24.1182
8 -20.0616 25.1282
8 -20.2 21.1253
0 -16.16 21.1253
4.03939 -19.0419 28.6836
8 -19.0402 28.6828
8 -16.16 25.1653
8 -16.16 29.2052
8 -16.16 21.1253
4.04 -22.3523 16.5794
0 -22.3523 16.5794
0 -20.2 17.0852
8 -22.3523 16.5794
8 -20.2 17.0852
0 -16.16 17.0852
8 -16.16 17.0852
-8 -12.12 21
-4.04 -12.12 21
-4.04 -12.12 21
-8 -12.12 21.1253
-8 -8.08 21.1253
-8 -8.08 21
-4.04 -8.08 21
-4.04 -8.08 21
-8 -12.12 25.1653
-8 -12.12 29.2052
0 -12.12 21
-8 -8.08 25.1653
-8 -8.08 29.2052
0 -8.08 21
8 -12.12 25.1653
8 -12.12 29.2052
8 -12.12 21.1253
4.04 -11.2501 20.5725
2 -8.08 21.1253
2 -8.08 25.1653
2 -8.08 29.2052
4.04086 -8.99786 28.769
4.04003 -8.635 25.2936
8 -8.6433 25.2734
8 -8.99056 28.7581
8 -10.088 22.4012
0 -12.847 17.28
4.04 -12.847 17.28
8 -12.847 17.28
2 -8.08 21
8 -11.9168 19.5233
-8 -4.04 21.1253
-8 -4.04 21
-4.04 -4.04 21
-4.04 -4.04 21
-8 0 21.1253
-8 0 21
-4.04 0 21
-4.04 0 21
-8 -4.04 25.1653
-8 -4.04 29.2052
2 -4.04 25.1653
2 -4.04 29.2052
0 -4.04 21
-8 0 25.1653
-8 0 29.2052
2 0 25.1653
2 0 29.2052
0 0 21
2 -4.04 25.1653
2 -4.04 21.1253
2 0 25.1653
2 0 21.1253
0 -8.08 21
0 -4.04 21
2 -4.04 21
0 0 21
2 0 21
-8 4.04 21.1253
-8 4.04 21
-4.04 4.04 21
-4.04 4.04 21
-8 8.08 21.1253
-8 8.08 21
-4.04 8.08 21
-4.04 8.08 21
-8 4.04 25.1653
-8 4.04 29.2052
2 4.04 25.1653
2 4.04 29.2052
0 4.04 21
-8 8.08 25.1653
-8 8.08 29.2052
2 8.08 25.1653
2 8.08 29.2052
0 8.08 21
2 4.04 25.1653
2 4.04 21.1253
4.04003 8.635 25.2936
2 8.08 21.1253
0 4.04 21
2 4.04 21
0 8.08 21
2 8.08 21
-8 12.12 21.1253
-8 12.12 21
-4.04 12.12 21
-4.04 12.12 21
-8 12.12 25.1653
-8 12.12 29.2052
0 12.12 21
-8 16.16 25.1653
-8 16.0528 21.4049
-4.04017 16.0467 21.3994
-8 16.16 29.2052
0 16.16 21.1253
4.04 11.2501 20.5725
4.04086 8.99786 28.769
4.0369 10.7833 30.9551
0 12.12 32
8 8.6433 25.2734
8 8.99056 28.7581
8 12.12 25.1653
8 12.12 29.2052
8 10.088 22.4012
8 12.12 21.1253
8 16.16 25.1653
8 16.16 29.2052
8 16.16 21.1253
4.04 12.847 17.28
0 12.847 17.28
0 16.16 17.0852
8 12.847 17.28
8 16.16 17.0852
-8 19.3794 25.3556
-8 18.0946 22.8288
-4.04273 18.1486 22.8968
-4.04037 19.3833 25.3774
-8 19.0247 28.7359
-4.04061 19.0454 28.6852
-0.000609285 19.0437 28.6844
0 20.0616 25.1282
0 20.2 21.1253
4.03939 19.0419 28.6836
4.04 20.0616 25.1282
8 20.0616 25.1282
8 19.0402 28.6828
8 20.2 21.1253
0 20.3322 24.1182
0 21.3423 20.3488
4.04 20.3322 24.1182
4.04 21.3423 20.3488
8 20.3322 24.1182
8 21.3423 20.3488
0 20.2 17.0852
8 20.2 17.0852
0 22.3523 16.5794
4.04 22.3523 16.5794
8 22.3523 16.5794
-4.04035 -17.7178 30.5518
-8 -17.6807 30.5866
-8 -15.6999 31.7305
-4.04057 -15.7124 31.7253
-0.00101986 -17.7557 30.5164
-0.000569842 -15.712 31.7239
4.03835 -17.7913 30.483
4.03943 -15.7116 31.7225
8 -17.7901 30.4816
8 -15.7112 31.7211
-8 -12.12 32
-4.04 -12.12 32
0 -12.12 32
-8 -8.08 32
-4.04 -8.08 32
0 -8.08 32
-8 -8.28296 38.0915
-4.04271 -8.28479 38.1129
-4.04 -8.5 41.3252
-8 -8.5 41.3252
-8 -8.08 41.3252
-8 -8.05047 37.2939
-4.04 -8.05247 37.2937
-4.04 -8.5 45.3653
-8 -8.5 45.3653
-8 -8.08 45.3653
-4.04 -8.5 41.3252
-4.04 -8.5 45.3653
-0.00271658 -8.28205 38.1135
0 -8.5 41.3252
0 -8.5 41.3252
1.51702e-06 -8.05267 37.2936
2 -8.2807 38.1138
2 -8.5 41.3252
2 -8.05277 37.2936
2 -8.08 41.3252
2 -8.5 45.3653
0 -8.5 45.3653
0 -8.5 45.3653
2 -8.08 45.3653
4.04236 -12.5615 31.8047
8 -12.4977 31.7841
2 -8.08 32
8 -10.3036 30.5723
-8 -4.04 33.2452
-8 -5.78061 36.0674
-4.03999 -5.78086 36.0677
-4.03999 -3.57644 33.9917
1.36444e-05 -5.78084 36.0677
-5.21133e-06 -3.57632 33.9916
-8 -0.0124408 33.0007
-4.04 -0.0124418 33.0007
-1.2194e-06 -0.0124429 33.0006
-8 -6.65687 42.1363
-4.04002 -6.65689 42.1363
-8 -4.2098 45.5825
-4.04 -4.20979 45.5826
8.56241e-07 -4.20978 45.5826
1.70298e-05 -6.65673 42.1367
2 -5.78083 36.0677
2 -6.65672 42.1367
2 -4.20978 45.5825
2 -4.04 29.2052
2 -4.04 33.2452
2 0.0124773 33.0006
2 0 29.2052
-8 4.04 33.2452
-4.04006 -1.40572 33.1426
-8 -1.40532 33.1425
-8 5.78094 36.0679
-4.04001 5.78095 36.0679
-4.04 3.57633 33.9916
-3.24717e-06 3.57632 33.9916
-8 8.08 32
-8 8.05047 37.2939
-4.04 8.05067 37.2938
-4.04 8.08 32
7.19507e-06 5.78083 36.0677
1.60903e-06 8.05088 37.2937
0 8.08 32
-4.04 6.65668 42.1369
-8 6.65668 42.1369
-8 8.08 41.3252
-4.04 4.20977 45.5826
-8 4.20977 45.5826
-8 8.08 45.3653
7.1032e-06 6.65673 42.1367
3.25741e-07 4.20978 45.5826
0 8.5 45.3653
-4.04 8.5 45.3653
-4.04 8.5 41.3252
0 8.5 41.3252
2 5.78083 36.0677
2 6.65672 42.1367
2 8.05277 37.2936
2 8.08 41.3252
2 4.20978 45.5825
2 8.08 45.3653
2 4.04 33.2452
2 4.04 29.2052
2 8.08 32
-8 12.12 32
-4.04 12.12 32
0 12.12 32
-8 15.6999 31.7305
-4.04057 15.7124 31.7253
-0.000569842 15.712 31.7239
-8 8.5 41.3252
-8 8.28296 38.0915
-4.04271 8.28479 38.1129
-4.04 8.5 41.3252
-8 8.5 45.3653
-4.04 8.5 45.3653
0 8.5 41.3252
-0.00271658 8.28205 38.1135
2 8.2807 38.1138
2 8.5 41.3252
0 8.5 45.3653
2 8.5 45.3653
8 10.3036 30.5723
4.04236 12.5615 31.8047
8 12.4977 31.7841
4.03943 15.7116 31.7225
8 15.7112 31.7211
-8 17.6807 30.5866
-4.04035 17.7178 30.5518
-0.00101986 17.7557 30.5164
4.03835 17.7913 30.483
8 17.7901 30.4816
-5.33779 -8.5 50.1886
-7.95473 -8.5 49.3854
-7.95473 -8.08 49.3854
-5.33802 -8.08097 50.1888
-4.04 -8.5 53.4453
-6.71582 -8.5 52.095
-6.71582 -8.08 52.095
0 -8.5 49.4053
-0.315281 -8.5 52.9602
-0.318575 -8.07981 49.3467
-3.52499 -8.5 53.7224
-5.03416 -8.5 53.317
-5.03416 -8.08 53.317
-3.52499 -8.08 53.7224
-1.45573 -8.5 53.5055
-1.45573 -8.08 53.5055
-0.315281 -8.08 52.9602
1.97219 -8.5 49.2751
1.97219 -8.08 49.2751
1.13071 -8.5 51.5571
1.13071 -8.08 51.5571
-7.95473 -4.04 49.3854
-5.34023 -4.04097 50.1901
-6.71582 -4.04 52.095
-0.31625 -4.03981 49.3471
-7.95473 -0.75 49.3854
-8 0.75 46.9597
-5.08742 0.75 46.9597
-5.29111 -0.75 50.2634
-6.71582 -0.75 52.095
0 0.75 49.4053
-5.03416 -4.04 53.317
-3.52499 -4.04 53.7224
-1.45573 -4.04 53.5055
-0.315281 -4.04 52.9602
-5.03416 -0.75 53.317
-3.52499 -0.75 53.7224
-1.45573 -0.75 53.5055
-0.315281 -0.75 52.9602
1.97219 -4.04 49.2751
1.13071 -4.04 51.5571
0 0.75 46.9597
2 0.75 46.9597
1.97219 -0.75 49.2751
1.13071 -0.75 51.5571
-7.95473 4.04 49.3854
-4.80223 4.03917 49.8215
-6.71582 4.04 52.095
-0.953499 4.0404 49.1978
-7.95473 8.08 49.3854
-4.77704 8.0811 49.8569
-6.71582 8.08 52.095
0 8.5 49.4053
-5.03416 4.04 53.317
-3.52499 4.04 53.7224
-1.45573 4.04 53.5055
-0.315281 4.04 52.9602
-5.01347 8.17266 53.325
-3.52499 8.08 53.7224
-1.45573 8.08 53.5055
-0.315281 8.08 52.9602
1.97219 4.04 49.2751
1.13071 4.04 51.5571
1.97219 8.08 49.2751
1.13071 8.08 51.5571
-7.95473 8.5 49.3854
-5.15097 8.5 50.0134
-6.71582 8.5 52.095
-4.04 8.5 53.4453
0 8.5 49.4053
-0.315281 8.5 52.9602
-5.03416 8.5 53.317
-3.52499 8.5 53.7224
-1.45573 8.5 53.5055
1.97219 8.5 49.2751
1.13071 8.5 51.5571

4 0 1 2 3  0.217 0.92 0.92 
4 0 3 4 5  0.217 0.92 0.92 
4 3 2 6 4  0.217 0.92 0.92 
4 1 0 5 7  0.217 0.92 0.92 
4 5 4 8 9  0.217 0.92 0.92 
4 4 6 10 8  0.217 0.92 0.92 
4 9 8 10 11  0.217 0.92 0.92 
4 12 13 7 5  0.217 0.92 0.92 
4 12 5 9 14  0.217 0.92 0.92 
4 13 12 14 15  0.217 0.92 0.92 
4 14 9 11 15  0.217 0.92 0.92 
4 1 16 17 2  0.217 0.92 0.92 
4 16 1 7 18  0.217 0.92 0.92 
4 16 19 20 17  0.217 0.92 0.92 
4 20 19 21 22  0.217 0.92 0.92 
4 19 16 18 21  0.217 0.92 0.92 
4 13 23 18 7  0.217 0.92 0.92 
4 23 13 15 24  0.217 0.92 0.92 
4 15 11 25 24  0.217 0.92 0.92 
4 11 10 26 25  0.217 0.92 0.92 
4 22 21 27 28  0.217 0.92 0.92 
4 25 26 28 27  0.217 0.92 0.92 
4 23 29 21 18  0.217 0.92 0.92 
4 21 29 30 27  0.217 0.92 0.92 
4 29 23 24 30  0.217 0.92 0.92 
4 24 25 27 30  0.217 0.92 0.92 
4 31 32 15 14  0.217 0.92 0.92 
4 31 14 33 34  0.217 0.92 0.92 
4 14 15 35 33  0.217 0.92 0.92 
4 32 31 34 36  0.217 0.92 0.92 
4 34 33 37 38  0.217 0.92 0.92 
4 36 34 38 39  0.217 0.92 0.92 
4 38 37 40 39  0.217 0.92 0.92 
4 33 35 41 42  0.217 0.92 0.92 
4 33 42 43 37  0.217 0.92 0.92 
4 42 41 44 43  0.217 0.92 0.92 
4 35 45 46 41  0.217 0.92 0.92 
4 41 46 47 48  0.217 0.92 0.92 
4 41 48 49 44  0.217 0.92 0.92 
4 46 50 51 47  0.217 0.92 0.92 
4 51 50 52 53  0.217 0.92 0.92 
4 45 54 50 46  0.217 0.92 0.92 
4 50 54 55 52  0.217 0.92 0.92 
4 32 56 24 15  0.217 0.92 0.92 
4 15 24 45 35  0.217 0.92 0.92 
4 56 32 36 57  0.217 0.92 0.92 
4 56 58 30 24  0.217 0.92 0.92 
4 24 30 54 45  0.217 0.92 0.92 
4 30 58 59 54  0.217 0.92 0.92 
4 58 56 57 59  0.217 0.92 0.92 
4 57 36 39 60  0.217 0.92 0.92 
4 39 40 61 60  0.217 0.92 0.92 
4 54 59 62 55  0.217 0.92 0.92 
4 59 57 60 62  0.217 0.92 0.92 
4 60 61 55 62  0.217 0.92 0.92 
4 37 43 63 64  0.217 0.92 0.92 
4 43 44 65 63  0.217 0.92 0.92 
4 40 37 64 66  0.217 0.92 0.92 
4 64 63 65 66  0.217 0.92 0.92 
4 61 40 66 67  0.217 0.92 0.92 
4 66 65 68 67  0.217 0.92 0.92 
4 44 49 69 65  0.217 0.92 0.92 
4 65 69 70 68  0.217 0.92 0.92 
4 53 52 71 72  0.217 0.92 0.92 
4 68 70 72 71  0.217 0.92 0.92 
4 52 55 73 71  0.217 0.92 0.92 
4 55 61 67 73  0.217 0.92 0.92 
4 67 68 71 73  0.217 0.92 0.92 
4 74 75 76 77  0.217 0.92 0.92 
4 74 77 78 79  0.217 0.92 0.92 
4 77 76 80 78  0.217 0.92 0.92 
4 75 74 79 81  0.217 0.92 0.92 
4 75 82 83 76  0.217 0.92 0.92 
4 82 75 81 84  0.217 0.92 0.92 
4 76 83 85 86  0.217 0.92 0.92 
4 76 86 87 80  0.217 0.92 0.92 
4 83 88 89 85  0.217 0.92 0.92 
4 89 88 90 91  0.217 0.92 0.92 
4 82 92 88 83  0.217 0.92 0.92 
4 88 92 93 90  0.217 0.92 0.92 
4 92 82 84 93  0.217 0.92 0.92 
4 94 95 81 79  0.217 0.92 0.92 
4 94 79 96 97  0.217 0.92 0.92 
4 95 94 97 98  0.217 0.92 0.92 
4 97 96 99 100  0.217 0.92 0.92 
4 96 101 102 99  0.217 0.92 0.92 
4 98 97 100 103  0.217 0.92 0.92 
4 100 99 102 103  0.217 0.92 0.92 
4 79 78 104 96  0.217 0.92 0.92 
4 78 80 105 104  0.217 0.92 0.92 
4 96 104 105 101  0.217 0.92 0.92 
4 80 87 106 105  0.217 0.92 0.92 
4 105 106 107 108  0.217 0.92 0.92 
4 91 90 109 110  0.217 0.92 0.92 
4 108 107 110 109  0.217 0.92 0.92 
4 90 93 111 109  0.217 0.92 0.92 
4 101 105 112 102  0.217 0.92 0.92 
4 105 108 113 112  0.217 0.92 0.92 
4 108 109 114 113  0.217 0.92 0.92 
4 109 111 115 114  0.217 0.92 0.92 
4 95 116 84 81  0.217 0.92 0.92 
4 116 95 98 117  0.217 0.92 0.92 
4 116 118 93 84  0.217 0.92 0.92 
4 93 118 119 111  0.217 0.92 0.92 
4 118 116 117 119  0.217 0.92 0.92 
4 117 98 103 120  0.217 0.92 0.92 
4 103 102 121 120  0.217 0.92 0.92 
4 111 119 122 115  0.217 0.92 0.92 
4 119 117 120 122  0.217 0.92 0.92 
4 120 121 115 122  0.217 0.92 0.92 
4 123 112 124 125  0.217 0.92 0.92 
4 123 125 126 127  0.217 0.92 0.92 
4 125 124 128 126  0.217 0.92 0.92 
4 127 126 128 129  0.217 0.92 0.92 
4 99 102 112 123  0.217 0.92 0.92 
4 99 123 127 130  0.217 0.92 0.92 
4 102 99 130 131  0.217 0.92 0.92 
4 130 127 129 131  0.217 0.92 0.92 
4 121 102 131 132  0.217 0.92 0.92 
4 131 129 133 132  0.217 0.92 0.92 
4 112 113 134 124  0.217 0.92 0.92 
4 113 114 135 134  0.217 0.92 0.92 
4 135 114 136 137  0.217 0.92 0.92 
4 114 115 138 136  0.217 0.92 0.92 
4 115 121 132 138  0.217 0.92 0.92 
4 132 133 136 138  0.217 0.92 0.92 
4 129 128 139 140  0.217 0.92 0.92 
4 133 129 140 141  0.217 0.92 0.92 
4 140 139 142 141  0.217 0.92 0.92 
4 137 136 143 144  0.217 0.92 0.92 
4 136 133 141 143  0.217 0.92 0.92 
4 141 142 144 143  0.217 0.92 0.92 
4 145 146 147 148  0.217 0.92 0.92 
4 145 148 149 150  0.217 0.92 0.92 
4 148 147 151 149  0.217 0.92 0.92 
4 146 145 150 152  0.217 0.92 0.92 
4 153 154 155 146  0.217 0.92 0.92 
4 153 146 152 2  0.217 0.92 0.92 
4 154 153 2 17  0.217 0.92 0.92 
4 146 155 156 147  0.217 0.92 0.92 
4 147 156 157 151  0.217 0.92 0.92 
4 155 158 159 156  0.217 0.92 0.92 
4 156 159 160 157  0.217 0.92 0.92 
4 159 158 161 160  0.217 0.92 0.92 
4 154 162 158 155  0.217 0.92 0.92 
4 158 162 20 161  0.217 0.92 0.92 
4 162 154 17 20  0.217 0.92 0.92 
4 150 149 163 164  0.217 0.92 0.92 
4 152 150 164 165  0.217 0.92 0.92 
4 164 163 166 165  0.217 0.92 0.92 
4 149 151 167 168  0.217 0.92 0.92 
4 149 168 169 163  0.217 0.92 0.92 
4 168 167 170 169  0.217 0.92 0.92 
4 163 169 170 166  0.217 0.92 0.92 
4 151 157 171 167  0.217 0.92 0.92 
4 167 171 172 170  0.217 0.92 0.92 
4 157 160 173 171  0.217 0.92 0.92 
4 171 173 174 172  0.217 0.92 0.92 
4 173 160 175 174  0.217 0.92 0.92 
4 166 170 176 177  0.217 0.92 0.92 
4 170 172 178 179  0.217 0.92 0.92 
4 170 179 180 176  0.217 0.92 0.92 
4 179 178 181 180  0.217 0.92 0.92 
4 172 174 182 178  0.217 0.92 0.92 
4 178 182 183 181  0.217 0.92 0.92 
4 182 174 184 183  0.217 0.92 0.92 
4 174 175 185 184  0.217 0.92 0.92 
4 2 152 165 6  0.217 0.92 0.92 
4 160 161 186 175  0.217 0.92 0.92 
4 161 20 22 186  0.217 0.92 0.92 
4 6 165 187 10  0.217 0.92 0.92 
4 165 166 177 187  0.217 0.92 0.92 
4 175 186 188 185  0.217 0.92 0.92 
4 186 22 28 188  0.217 0.92 0.92 
4 8 10 187 189  0.217 0.92 0.92 
4 8 189 190 191  0.217 0.92 0.92 
4 189 187 192 190  0.217 0.92 0.92 
4 10 8 191 48  0.217 0.92 0.92 
4 191 190 193 194  0.217 0.92 0.92 
4 190 192 195 193  0.217 0.92 0.92 
4 48 191 194 49  0.217 0.92 0.92 
4 194 193 195 49  0.217 0.92 0.92 
4 177 176 196 197  0.217 0.92 0.92 
4 176 180 198 196  0.217 0.92 0.92 
4 183 184 199 200  0.217 0.92 0.92 
4 184 185 201 199  0.217 0.92 0.92 
4 197 196 202 203  0.217 0.92 0.92 
4 196 198 204 202  0.217 0.92 0.92 
4 200 199 205 206  0.217 0.92 0.92 
4 199 201 207 205  0.217 0.92 0.92 
4 26 10 48 47  0.217 0.92 0.92 
4 187 177 197 192  0.217 0.92 0.92 
4 185 188 208 201  0.217 0.92 0.92 
4 188 28 51 208  0.217 0.92 0.92 
4 28 26 47 51  0.217 0.92 0.92 
4 192 197 203 195  0.217 0.92 0.92 
4 201 208 209 207  0.217 0.92 0.92 
4 208 51 53 209  0.217 0.92 0.92 
4 203 202 210 211  0.217 0.92 0.92 
4 211 210 212 213  0.217 0.92 0.92 
4 202 204 214 210  0.217 0.92 0.92 
4 210 214 215 212  0.217 0.92 0.92 
4 206 205 216 217  0.217 0.92 0.92 
4 212 215 217 216  0.217 0.92 0.92 
4 205 207 218 216  0.217 0.92 0.92 
4 213 212 216 218  0.217 0.92 0.92 
4 49 195 219 69  0.217 0.92 0.92 
4 69 219 220 70  0.217 0.92 0.92 
4 195 203 211 219  0.217 0.92 0.92 
4 219 211 213 220  0.217 0.92 0.92 
4 207 209 221 218  0.217 0.92 0.92 
4 220 213 218 221  0.217 0.92 0.92 
4 209 53 72 221  0.217 0.92 0.92 
4 70 220 221 72  0.217 0.92 0.92 
4 222 223 224 225  0.217 0.92 0.92 
4 222 225 226 227  0.217 0.92 0.92 
4 225 224 228 226  0.217 0.92 0.92 
4 223 222 227 229  0.217 0.92 0.92 
4 227 226 228 229  0.217 0.92 0.92 
4 223 230 231 224  0.217 0.92 0.92 
4 224 231 232 233  0.217 0.92 0.92 
4 224 233 234 228  0.217 0.92 0.92 
4 231 235 236 232  0.217 0.92 0.92 
4 236 235 237 238  0.217 0.92 0.92 
4 230 239 235 231  0.217 0.92 0.92 
4 235 239 240 237  0.217 0.92 0.92 
4 86 85 241 242  0.217 0.92 0.92 
4 86 242 243 87  0.217 0.92 0.92 
4 242 241 230 223  0.217 0.92 0.92 
4 242 223 229 243  0.217 0.92 0.92 
4 241 244 239 230  0.217 0.92 0.92 
4 239 244 245 240  0.217 0.92 0.92 
4 85 89 244 241  0.217 0.92 0.92 
4 244 89 91 245  0.217 0.92 0.92 
4 246 87 243 247  0.217 0.92 0.92 
4 246 247 248 249  0.217 0.92 0.92 
4 247 243 250 248  0.217 0.92 0.92 
4 87 246 249 106  0.217 0.92 0.92 
4 249 248 251 125  0.217 0.92 0.92 
4 248 250 252 251  0.217 0.92 0.92 
4 106 249 125 124  0.217 0.92 0.92 
4 125 251 252 124  0.217 0.92 0.92 
4 229 228 253 254  0.217 0.92 0.92 
4 228 234 255 253  0.217 0.92 0.92 
4 238 237 256 257  0.217 0.92 0.92 
4 237 240 258 256  0.217 0.92 0.92 
4 254 253 259 260  0.217 0.92 0.92 
4 253 255 261 259  0.217 0.92 0.92 
4 257 256 262 263  0.217 0.92 0.92 
4 256 258 264 262  0.217 0.92 0.92 
4 243 229 254 250  0.217 0.92 0.92 
4 240 245 265 258  0.217 0.92 0.92 
4 245 91 110 265  0.217 0.92 0.92 
4 107 106 124 134  0.217 0.92 0.92 
4 250 254 260 252  0.217 0.92 0.92 
4 258 265 266 264  0.217 0.92 0.92 
4 265 110 135 266  0.217 0.92 0.92 
4 110 107 134 135  0.217 0.92 0.92 
4 267 268 269 270  0.217 0.92 0.92 
4 267 270 271 272  0.217 0.92 0.92 
4 270 269 273 271  0.217 0.92 0.92 
4 268 267 272 274  0.217 0.92 0.92 
4 275 259 261 276  0.217 0.92 0.92 
4 275 276 277 278  0.217 0.92 0.92 
4 276 261 279 277  0.217 0.92 0.92 
4 278 277 279 280  0.217 0.92 0.92 
4 281 260 259 275  0.217 0.92 0.92 
4 281 275 278 270  0.217 0.92 0.92 
4 260 281 270 269  0.217 0.92 0.92 
4 270 278 280 269  0.217 0.92 0.92 
4 269 280 282 283  0.217 0.92 0.92 
4 261 284 285 279  0.217 0.92 0.92 
4 280 279 285 282  0.217 0.92 0.92 
4 284 263 286 285  0.217 0.92 0.92 
4 263 262 287 286  0.217 0.92 0.92 
4 282 285 286 287  0.217 0.92 0.92 
4 262 264 288 287  0.217 0.92 0.92 
4 283 282 287 288  0.217 0.92 0.92 
4 124 252 268 128  0.217 0.92 0.92 
4 252 260 269 268  0.217 0.92 0.92 
4 264 266 289 288  0.217 0.92 0.92 
4 266 135 137 289  0.217 0.92 0.92 
4 128 268 274 139  0.217 0.92 0.92 
4 269 283 290 273  0.217 0.92 0.92 
4 283 288 291 290  0.217 0.92 0.92 
4 288 289 292 291  0.217 0.92 0.92 
4 289 137 144 292  0.217 0.92 0.92 
4 272 271 293 294  0.217 0.92 0.92 
4 271 273 295 293  0.217 0.92 0.92 
4 294 293 295 296  0.217 0.92 0.92 
4 297 139 274 272  0.217 0.92 0.92 
4 297 272 294 298  0.217 0.92 0.92 
4 139 297 298 299  0.217 0.92 0.92 
4 298 294 296 299  0.217 0.92 0.92 
4 142 139 299 300  0.217 0.92 0.92 
4 299 296 301 300  0.217 0.92 0.92 
4 273 290 302 295  0.217 0.92 0.92 
4 296 295 302 301  0.217 0.92 0.92 
4 290 291 303 302  0.217 0.92 0.92 
4 291 292 304 303  0.217 0.92 0.92 
4 301 302 303 304  0.217 0.92 0.92 
4 292 144 305 304  0.217 0.92 0.92 
4 144 142 300 305  0.217 0.92 0.92 
4 300 301 304 305  0.217 0.92 0.92 
4 306 307 308 309  0.217 0.92 0.92 
4 306 309 310 311  0.217 0.92 0.92 
4 308 307 312 313  0.217 0.92 0.92 
4 307 306 311 312  0.217 0.92 0.92 
4 309 308 314 315  0.217 0.92 0.92 
4 309 315 316 310  0.217 0.92 0.92 
4 308 317 318 314  0.217 0.92 0.92 
4 317 308 313 319  0.217 0.92 0.92 
4 320 321 322 323  0.217 0.92 0.92 
4 320 323 317 324  0.217 0.92 0.92 
4 323 322 325 317  0.217 0.92 0.92 
4 321 326 327 322  0.217 0.92 0.92 
4 322 327 328 325  0.217 0.92 0.92 
4 327 326 329 328  0.217 0.92 0.92 
4 324 317 319 330  0.217 0.92 0.92 
4 317 325 331 318  0.217 0.92 0.92 
4 325 328 332 331  0.217 0.92 0.92 
4 332 328 333 334  0.217 0.92 0.92 
4 328 329 335 333  0.217 0.92 0.92 
4 180 181 336 337  0.217 0.92 0.92 
4 180 337 338 198  0.217 0.92 0.92 
4 337 336 321 320  0.217 0.92 0.92 
4 337 320 324 338  0.217 0.92 0.92 
4 336 339 326 321  0.217 0.92 0.92 
4 326 339 340 329  0.217 0.92 0.92 
4 181 183 339 336  0.217 0.92 0.92 
4 339 183 200 340  0.217 0.92 0.92 
4 198 338 341 204  0.217 0.92 0.92 
4 338 324 330 341  0.217 0.92 0.92 
4 329 340 342 335  0.217 0.92 0.92 
4 340 200 206 342  0.217 0.92 0.92 
4 343 344 345 346  0.217 0.92 0.92 
4 343 346 347 348  0.217 0.92 0.92 
4 345 344 349 350  0.217 0.92 0.92 
4 344 343 348 349  0.217 0.92 0.92 
4 311 310 351 346  0.217 0.92 0.92 
4 312 311 346 345  0.217 0.92 0.92 
4 310 316 352 351  0.217 0.92 0.92 
4 312 330 319 313  0.217 0.92 0.92 
4 330 312 345 353  0.217 0.92 0.92 
4 346 351 354 347  0.217 0.92 0.92 
4 351 352 355 354  0.217 0.92 0.92 
4 353 345 350 356  0.217 0.92 0.92 
4 334 333 357 358  0.217 0.92 0.92 
4 333 335 359 357  0.217 0.92 0.92 
4 360 353 356 361  0.217 0.92 0.92 
4 362 363 364 365  0.217 0.92 0.92 
4 358 357 366 367  0.217 0.92 0.92 
4 365 364 367 366  0.217 0.92 0.92 
4 357 359 368 366  0.217 0.92 0.92 
4 361 365 366 368  0.217 0.92 0.92 
4 204 341 369 214  0.217 0.92 0.92 
4 214 369 370 215  0.217 0.92 0.92 
4 341 330 353 369  0.217 0.92 0.92 
4 369 353 360 370  0.217 0.92 0.92 
4 335 342 371 359  0.217 0.92 0.92 
4 342 206 217 371  0.217 0.92 0.92 
4 215 370 371 217  0.217 0.92 0.92 
4 370 360 361 372  0.217 0.92 0.92 
4 359 371 373 368  0.217 0.92 0.92 
4 371 370 372 373  0.217 0.92 0.92 
4 372 361 368 373  0.217 0.92 0.92 
4 348 347 374 375  0.217 0.92 0.92 
4 350 349 376 377  0.217 0.92 0.92 
4 349 348 375 376  0.217 0.92 0.92 
4 375 374 378 379  0.217 0.92 0.92 
4 377 376 380 381  0.217 0.92 0.92 
4 376 375 379 380  0.217 0.92 0.92 
4 347 354 382 374  0.217 0.92 0.92 
4 354 355 383 382  0.217 0.92 0.92 
4 363 362 384 385  0.217 0.92 0.92 
4 356 350 377 386  0.217 0.92 0.92 
4 374 382 387 378  0.217 0.92 0.92 
4 382 383 388 387  0.217 0.92 0.92 
4 385 384 389 390  0.217 0.92 0.92 
4 386 377 381 391  0.217 0.92 0.92 
4 362 365 392 384  0.217 0.92 0.92 
4 365 361 393 392  0.217 0.92 0.92 
4 384 392 394 389  0.217 0.92 0.92 
4 392 393 395 394  0.217 0.92 0.92 
4 396 372 361 356  0.217 0.92 0.92 
4 396 356 386 397  0.217 0.92 0.92 
4 361 372 398 393  0.217 0.92 0.92 
4 372 396 397 398  0.217 0.92 0.92 
4 397 386 391 399  0.217 0.92 0.92 
4 393 398 400 395  0.217 0.92 0.92 
4 398 397 399 400  0.217 0.92 0.92 
4 379 378 401 402  0.217 0.92 0.92 
4 381 380 403 404  0.217 0.92 0.92 
4 380 379 402 403  0.217 0.92 0.92 
4 402 401 405 406  0.217 0.92 0.92 
4 404 403 407 408  0.217 0.92 0.92 
4 403 402 406 407  0.217 0.92 0.92 
4 378 387 409 401  0.217 0.92 0.92 
4 387 388 410 409  0.217 0.92 0.92 
4 390 389 411 412  0.217 0.92 0.92 
4 391 381 404 413  0.217 0.92 0.92 
4 401 409 414 405  0.217 0.92 0.92 
4 409 410 415 414  0.217 0.92 0.92 
4 412 411 416 417  0.217 0.92 0.92 
4 413 404 408 418  0.217 0.92 0.92 
4 389 394 419 411  0.217 0.92 0.92 
4 394 395 420 419  0.217 0.92 0.92 
4 411 419 421 416  0.217 0.92 0.92 
4 419 420 422 421  0.217 0.92 0.92 
4 399 391 413 423  0.217 0.92 0.92 
4 395 400 424 420  0.217 0.92 0.92 
4 400 399 423 424  0.217 0.92 0.92 
4 423 413 418 425  0.217 0.92 0.92 
4 420 424 426 422  0.217 0.92 0.92 
4 424 423 425 426  0.217 0.92 0.92 
4 425 418 422 426  0.217 0.92 0.92 
4 406 405 427 428  0.217 0.92 0.92 
4 408 407 429 430  0.217 0.92 0.92 
4 407 406 428 429  0.217 0.92 0.92 
4 428 427 430 429  0.217 0.92 0.92 
4 405 414 431 427  0.217 0.92 0.92 
4 414 415 432 431  0.217 0.92 0.92 
4 418 408 430 433  0.217 0.92 0.92 
4 427 431 434 435  0.217 0.92 0.92 
4 430 427 435 436  0.217 0.92 0.92 
4 431 432 437 434  0.217 0.92 0.92 
4 433 430 436 438  0.217 0.92 0.92 
4 422 418 433 439  0.217 0.92 0.92 
4 416 421 440 417  0.217 0.92 0.92 
4 417 440 441 442  0.217 0.92 0.92 
4 421 443 444 440  0.217 0.92 0.92 
4 444 443 445 446  0.217 0.92 0.92 
4 422 447 443 421  0.217 0.92 0.92 
4 443 447 448 445  0.217 0.92 0.92 
4 447 422 439 448  0.217 0.92 0.92 
4 446 445 449 450  0.217 0.92 0.92 
4 445 448 451 449  0.217 0.92 0.92 
4 233 232 452 453  0.217 0.92 0.92 
4 233 453 454 234  0.217 0.92 0.92 
4 453 452 439 433  0.217 0.92 0.92 
4 453 433 438 454  0.217 0.92 0.92 
4 452 455 448 439  0.217 0.92 0.92 
4 448 455 456 451  0.217 0.92 0.92 
4 232 236 455 452  0.217 0.92 0.92 
4 455 236 238 456  0.217 0.92 0.92 
4 435 434 457 458  0.217 0.92 0.92 
4 436 435 458 459  0.217 0.92 0.92 
4 458 457 460 459  0.217 0.92 0.92 
4 434 437 461 457  0.217 0.92 0.92 
4 457 461 462 460  0.217 0.92 0.92 
4 460 462 463 464  0.217 0.92 0.92 
4 438 436 459 465  0.217 0.92 0.92 
4 459 460 464 465  0.217 0.92 0.92 
4 464 463 466 467  0.217 0.92 0.92 
4 450 449 468 469  0.217 0.92 0.92 
4 467 466 469 468  0.217 0.92 0.92 
4 449 451 470 468  0.217 0.92 0.92 
4 465 464 471 472  0.217 0.92 0.92 
4 464 467 473 471  0.217 0.92 0.92 
4 472 471 473 474  0.217 0.92 0.92 
4 467 468 475 473  0.217 0.92 0.92 
4 468 470 476 475  0.217 0.92 0.92 
4 474 473 475 476  0.217 0.92 0.92 
4 234 454 477 255  0.217 0.92 0.92 
4 454 438 465 477  0.217 0.92 0.92 
4 451 456 478 470  0.217 0.92 0.92 
4 456 238 257 478  0.217 0.92 0.92 
4 255 477 479 261  0.217 0.92 0.92 
4 261 479 480 284  0.217 0.92 0.92 
4 477 465 472 479  0.217 0.92 0.92 
4 479 472 474 480  0.217 0.92 0.92 
4 470 478 481 476  0.217 0.92 0.92 
4 480 474 476 481  0.217 0.92 0.92 
4 478 257 263 481  0.217 0.92 0.92 
4 284 480 481 263  0.217 0.92 0.92 
4 315 314 482 483  0.217 0.92 0.92 
4 315 483 484 316  0.217 0.92 0.92 
4 483 482 485 484  0.217 0.92 0.92 
4 314 318 486 482  0.217 0.92 0.92 
4 482 486 487 485  0.217 0.92 0.92 
4 318 331 488 486  0.217 0.92 0.92 
4 486 488 489 487  0.217 0.92 0.92 
4 331 332 490 488  0.217 0.92 0.92 
4 488 490 491 489  0.217 0.92 0.92 
4 490 332 334 491  0.217 0.92 0.92 
4 316 484 492 352  0.217 0.92 0.92 
4 484 485 493 492  0.217 0.92 0.92 
4 485 487 494 493  0.217 0.92 0.92 
4 352 492 495 355  0.217 0.92 0.92 
4 492 493 496 495  0.217 0.92 0.92 
4 493 494 497 496  0.217 0.92 0.92 
4 498 499 500 501  0.217 0.92 0.92 
4 498 501 502 503  0.217 0.92 0.92 
4 499 498 503 504  0.217 0.92 0.92 
4 501 500 505 506  0.217 0.92 0.92 
4 501 506 507 502  0.217 0.92 0.92 
4 505 500 508 509  0.217 0.92 0.92 
4 499 510 511 500  0.217 0.92 0.92 
4 500 511 512 508  0.217 0.92 0.92 
4 510 499 504 513  0.217 0.92 0.92 
4 510 514 515 511  0.217 0.92 0.92 
4 515 514 516 517  0.217 0.92 0.92 
4 514 510 513 516  0.217 0.92 0.92 
4 511 515 518 519  0.217 0.92 0.92 
4 511 519 520 512  0.217 0.92 0.92 
4 518 515 517 521  0.217 0.92 0.92 
4 487 489 522 494  0.217 0.92 0.92 
4 489 491 523 522  0.217 0.92 0.92 
4 491 334 358 523  0.217 0.92 0.92 
4 494 522 524 497  0.217 0.92 0.92 
4 522 523 525 524  0.217 0.92 0.92 
4 523 358 367 525  0.217 0.92 0.92 
4 364 524 525 367  0.217 0.92 0.92 
4 355 495 526 383  0.217 0.92 0.92 
4 495 496 504 503  0.217 0.92 0.92 
4 495 503 527 526  0.217 0.92 0.92 
4 526 527 528 529  0.217 0.92 0.92 
4 496 497 513 504  0.217 0.92 0.92 
4 529 528 530 531  0.217 0.92 0.92 
4 383 526 532 388  0.217 0.92 0.92 
4 526 529 533 532  0.217 0.92 0.92 
4 529 531 534 533  0.217 0.92 0.92 
4 503 502 535 527  0.217 0.92 0.92 
4 527 535 536 528  0.217 0.92 0.92 
4 502 507 537 535  0.217 0.92 0.92 
4 535 537 538 536  0.217 0.92 0.92 
4 508 512 520 509  0.217 0.92 0.92 
4 509 520 539 538  0.217 0.92 0.92 
4 536 538 539 540  0.217 0.92 0.92 
4 528 536 540 530  0.217 0.92 0.92 
4 517 516 541 542  0.217 0.92 0.92 
4 530 540 542 541  0.217 0.92 0.92 
4 521 517 542 543  0.217 0.92 0.92 
4 540 539 543 542  0.217 0.92 0.92 
4 524 364 544 545  0.217 0.92 0.92 
4 364 363 385 544  0.217 0.92 0.92 
4 497 524 516 513  0.217 0.92 0.92 
4 516 524 545 541  0.217 0.92 0.92 
4 531 530 541 545  0.217 0.92 0.92 
4 531 545 546 534  0.217 0.92 0.92 
4 545 544 547 546  0.217 0.92 0.92 
4 544 385 390 547  0.217 0.92 0.92 
4 388 532 548 410  0.217 0.92 0.92 
4 532 533 549 550  0.217 0.92 0.92 
4 532 550 551 548  0.217 0.92 0.92 
4 550 549 552 551  0.217 0.92 0.92 
4 549 533 553 552  0.217 0.92 0.92 
4 533 534 554 553  0.217 0.92 0.92 
4 410 548 555 415  0.217 0.92 0.92 
4 548 551 556 555  0.217 0.92 0.92 
4 555 556 557 558  0.217 0.92 0.92 
4 553 554 559 552  0.217 0.92 0.92 
4 558 557 560 561  0.217 0.92 0.92 
4 551 552 562 563  0.217 0.92 0.92 
4 551 563 564 556  0.217 0.92 0.92 
4 563 562 565 566  0.217 0.92 0.92 
4 563 566 567 564  0.217 0.92 0.92 
4 562 568 569 565  0.217 0.92 0.92 
4 565 569 570 571  0.217 0.92 0.92 
4 572 571 570 573  0.217 0.92 0.92 
4 552 559 568 562  0.217 0.92 0.92 
4 559 574 575 568  0.217 0.92 0.92 
4 575 574 576 577  0.217 0.92 0.92 
4 568 575 578 569  0.217 0.92 0.92 
4 578 575 577 579  0.217 0.92 0.92 
4 534 546 580 554  0.217 0.92 0.92 
4 546 547 581 580  0.217 0.92 0.92 
4 547 390 412 581  0.217 0.92 0.92 
4 580 581 440 582  0.217 0.92 0.92 
4 581 412 417 440  0.217 0.92 0.92 
4 417 561 582 440  0.217 0.92 0.92 
4 554 580 574 559  0.217 0.92 0.92 
4 574 580 582 576  0.217 0.92 0.92 
4 561 560 576 582  0.217 0.92 0.92 
4 415 555 583 432  0.217 0.92 0.92 
4 555 558 584 583  0.217 0.92 0.92 
4 558 561 585 584  0.217 0.92 0.92 
4 561 417 442 585  0.217 0.92 0.92 
4 432 583 586 437  0.217 0.92 0.92 
4 583 584 587 586  0.217 0.92 0.92 
4 584 585 588 587  0.217 0.92 0.92 
4 556 564 589 590  0.217 0.92 0.92 
4 557 556 590 591  0.217 0.92 0.92 
4 590 589 592 591  0.217 0.92 0.92 
4 564 567 593 589  0.217 0.92 0.92 
4 571 572 592 594  0.217 0.92 0.92 
4 589 593 594 592  0.217 0.92 0.92 
4 572 573 595 592  0.217 0.92 0.92 
4 560 557 591 596  0.217 0.92 0.92 
4 591 592 595 596  0.217 0.92 0.92 
4 577 576 597 598  0.217 0.92 0.92 
4 576 560 596 597  0.217 0.92 0.92 
4 596 595 598 597  0.217 0.92 0.92 
4 573 570 599 595  0.217 0.92 0.92 
4 579 577 598 600  0.217 0.92 0.92 
4 595 599 600 598  0.217 0.92 0.92 
4 440 444 601 582  0.217 0.92 0.92 
4 440 582 602 441  0.217 0.92 0.92 
4 582 601 603 602  0.217 0.92 0.92 
4 601 444 446 603  0.217 0.92 0.92 
4 442 441 602 585  0.217 0.92 0.92 
4 585 602 604 588  0.217 0.92 0.92 
4 602 603 605 604  0.217 0.92 0.92 
4 603 446 450 605  0.217 0.92 0.92 
4 437 586 606 461  0.217 0.92 0.92 
4 586 587 607 606  0.217 0.92 0.92 
4 461 606 607 462  0.217 0.92 0.92 
4 587 588 608 607  0.217 0.92 0.92 
4 462 607 608 463  0.217 0.92 0.92 
4 588 604 609 608  0.217 0.92 0.92 
4 463 608 609 466  0.217 0.92 0.92 
4 604 605 610 609  0.217 0.92 0.92 
4 605 450 469 610  0.217 0.92 0.92 
4 466 609 610 469  0.217 0.92 0.92 
4 506 505 611 612  0.217 0.92 0.92 
4 506 612 613 507  0.217 0.92 0.92 
4 611 505 509 614  0.217 0.92 0.92 
4 612 611 615 616  0.217 0.92 0.92 
4 612 616 617 613  0.217 0.92 0.92 
4 611 618 619 615  0.217 0.92 0.92 
4 618 611 614 620  0.217 0.92 0.92 
4 616 615 621 622  0.217 0.92 0.92 
4 616 622 623 617  0.217 0.92 0.92 
4 622 621 624 623  0.217 0.92 0.92 
4 615 619 625 621  0.217 0.92 0.92 
4 621 625 626 624  0.217 0.92 0.92 
4 625 619 627 626  0.217 0.92 0.92 
4 519 518 628 618  0.217 0.92 0.92 
4 519 618 620 520  0.217 0.92 0.92 
4 628 518 521 629  0.217 0.92 0.92 
4 618 628 630 619  0.217 0.92 0.92 
4 619 630 631 627  0.217 0.92 0.92 
4 630 628 629 631  0.217 0.92 0.92 
4 507 613 632 537  0.217 0.92 0.92 
4 614 509 538 633  0.217 0.92 0.92 
4 613 617 634 632  0.217 0.92 0.92 
4 620 614 633 635  0.217 0.92 0.92 
4 537 632 636 637  0.217 0.92 0.92 
4 633 538 638 639  0.217 0.92 0.92 
4 538 537 637 638  0.217 0.92 0.92 
4 632 634 640 636  0.217 0.92 0.92 
4 635 633 639 641  0.217 0.92 0.92 
4 617 623 642 634  0.217 0.92 0.92 
4 623 624 643 642  0.217 0.92 0.92 
4 624 626 644 643  0.217 0.92 0.92 
4 626 627 645 644  0.217 0.92 0.92 
4 634 642 646 640  0.217 0.92 0.92 
4 642 643 647 646  0.217 0.92 0.92 
4 643 644 648 647  0.217 0.92 0.92 
4 644 645 649 648  0.217 0.92 0.92 
4 520 620 635 539  0.217 0.92 0.92 
4 629 521 543 650  0.217 0.92 0.92 
4 627 631 651 645  0.217 0.92 0.92 
4 631 629 650 651  0.217 0.92 0.92 
4 539 635 641 652  0.217 0.92 0.92 
4 650 543 653 654  0.217 0.92 0.92 
4 543 539 652 653  0.217 0.92 0.92 
4 645 651 655 649  0.217 0.92 0.92 
4 651 650 654 655  0.217 0.92 0.92 
4 637 636 656 566  0.217 0.92 0.92 
4 639 638 565 657  0.217 0.92 0.92 
4 638 637 566 565  0.217 0.92 0.92 
4 636 640 658 656  0.217 0.92 0.92 
4 641 639 657 659  0.217 0.92 0.92 
4 566 656 660 567  0.217 0.92 0.92 
4 657 565 571 661  0.217 0.92 0.92 
4 656 658 662 660  0.217 0.92 0.92 
4 659 657 661 663  0.217 0.92 0.92 
4 640 646 664 658  0.217 0.92 0.92 
4 646 647 665 664  0.217 0.92 0.92 
4 647 648 666 665  0.217 0.92 0.92 
4 648 649 667 666  0.217 0.92 0.92 
4 658 664 668 662  0.217 0.92 0.92 
4 664 665 669 668  0.217 0.92 0.92 
4 665 666 670 669  0.217 0.92 0.92 
4 666 667 671 670  0.217 0.92 0.92 
4 652 641 659 569  0.217 0.92 0.92 
4 654 653 578 672  0.217 0.92 0.92 
4 653 652 569 578  0.217 0.92 0.92 
4 649 655 673 667  0.217 0.92 0.92 
4 655 654 672 673  0.217 0.92 0.92 
4 569 659 663 570  0.217 0.92 0.92 
4 672 578 579 674  0.217 0.92 0.92 
4 667 673 675 671  0.217 0.92 0.92 
4 673 672 674 675  0.217 0.92 0.92 
4 567 660 676 593  0.217 0.92 0.92 
4 661 571 594 677  0.217 0.92 0.92 
4 593 676 677 594  0.217 0.92 0.92 
4 660 662 678 676  0.217 0.92 0.92 
4 676 678 679 677  0.217 0.92 0.92 
4 663 661 677 680  0.217 0.92 0.92 
4 677 679 681 680  0.217 0.92 0.92 
4 662 668 682 678  0.217 0.92 0.92 
4 668 669 683 682  0.217 0.92 0.92 
4 678 682 683 679  0.217 0.92 0.92 
4 669 670 684 683  0.217 0.92 0.92 
4 670 671 681 684  0.217 0.92 0.92 
4 679 683 684 681  0.217 0.92 0.92 
4 570 663 680 599  0.217 0.92 0.92 
4 674 579 600 685  0.217 0.92 0.92 
4 599 680 685 600  0.217 0.92 0.92 
4 671 675 686 681  0.217 0.92 0.92 
4 675 674 685 686  0.217 0.92 0.92 
4 680 681 686 685  0.217 0.92 0.92 
