OFF
48 44 0

-8.08 -24.24 -19.2748
8.08 -24.24 -19.2748
8.08 -24.24 -3.11475
-8.08 -24.24 -3.11475
-8.08 -8.08 -3.11475
-8.08 -8.08 -19.2748
8.08 -8.08 -19.2748
8.08 -8.08 -3.11475
-8.08 8.08 -19.2748
8.08 8.08 -19.2748
8.08 8.08 -3.11475
-8.08 8.08 -3.11475
-8.08 24.24 -3.11475
-8.08 24.24 -19.2748
8.08 24.24 -19.2748
8.08 24.24 -3.11475
-8.08 -40.4 -3.11475
8.08 -40.4 -3.11475
8.08 -40.4 13.0452
-8.08 -40.4 13.0452
-8.08 -24.24 13.0452
8.08 -24.24 13.0452
-8.08 -8.08 13.0452
8.08 -8.08 13.0452
8.08 8.08 13.0452
-8.08 8.08 13.0452
-8.08 24.24 13.0452
8.08 24.24 13.0452
-8.08 40.4 13.0452
-8.08 40.4 -3.11475
8.08 40.4 13.0452
8.08 40.4 -3.11475
8.08 -24.24 29.2052
-8.08 -24.24 29.2052
-8.08 -8.08 29.2052
8.08 -8.08 29.2052
-8.08 8.08 29.2052
8.08 8.08 29.2052
-8.08 24.24 29.2052
8.08 24.24 29.2052
-8.08 -8.08 45.3653
8.08 -8.08 45.3653
8.08 -8.08 61.5252
-8.08 -8.08 61.5252
-8.08 8.08 61.5252
-8.08 8.08 45.3653
8.08 8.08 61.5252
8.08 8.08 45.3653

4 0 1 2 3  0.217 0.92 0.92 
4 0 3 4 5  0.217 0.92 0.92 
4 2 1 6 7  0.217 0.92 0.92 
4 1 0 5 6  0.217 0.92 0.92 
4 5 4 7 6  0.217 0.92 0.92 
4 8 9 10 11  0.217 0.92 0.92 
4 8 11 12 13  0.217 0.92 0.92 
4 10 9 14 15  0.217 0.92 0.92 
4 9 8 13 14  0.217 0.92 0.92 
4 13 12 15 14  0.217 0.92 0.92 
4 16 17 18 19  0.217 0.92 0.92 
4 16 19 20 3  0.217 0.92 0.92 
4 19 18 21 20  0.217 0.92 0.92 
4 18 17 2 21  0.217 0.92 0.92 
4 17 16 3 2  0.217 0.92 0.92 
4 3 20 22 4  0.217 0.92 0.92 
4 21 2 7 23  0.217 0.92 0.92 
4 4 22 23 7  0.217 0.92 0.92 
4 11 10 24 25  0.217 0.92 0.92 
4 11 25 26 12  0.217 0.92 0.92 
4 24 10 15 27  0.217 0.92 0.92 
4 12 26 28 29  0.217 0.92 0.92 
4 26 27 30 28  0.217 0.92 0.92 
4 27 15 31 30  0.217 0.92 0.92 
4 15 12 29 31  0.217 0.92 0.92 
4 29 28 30 31  0.217 0.92 0.92 
4 20 21 32 33  0.217 0.92 0.92 
4 20 33 34 22  0.217 0.92 0.92 
4 33 32 35 34  0.217 0.92 0.92 
4 32 21 23 35  0.217 0.92 0.92 
4 22 34 36 25  0.217 0.92 0.92 
4 34 35 37 36  0.217 0.92 0.92 
4 35 23 24 37  0.217 0.92 0.92 
4 23 22 25 24  0.217 0.92 0.92 
4 25 36 38 26  0.217 0.92 0.92 
4 36 37 39 38  0.217 0.92 0.92 
4 37 24 27 39  0.217 0.92 0.92 
4 26 38 39 27  0.217 0.92 0.92 
4 40 41 42 43  0.217 0.92 0.92 
4 40 43 44 45  0.217 0.92 0.92 
4 43 42 46 44  0.217 0.92 0.92 
4 42 41 47 46  0.217 0.92 0.92 
4 41 40 45 47  0.217 0.92 0.92 
4 45 44 46 47  0.217 0.92 0.92 
