OFF
481 711 0

67.2734 79.2287 86.5034
63.1675 84.0774 86.4669
63.6422 84.271 82.3236
67.3324 79.508 82.3555
63.9559 84.3726 78.2059
67.1626 79.2279 78.1729
64.6913 84.6824 74.17
67.0538 79.6689 73.8782
66.0793 82.782 69.447
61.6461 87.5954 86.1287
62.3167 87.9969 82.2323
62.7143 88.1597 77.9746
59.7112 92.9958 82.3672
59.9361 93.0598 78.0878
59.0444 92.4858 86.4691
63.0392 88.114 73.9666
62.5576 87.7404 69.8437
59.5899 92.8598 73.8305
59.149 92.5704 69.6942
58.015 96.313 78.2619
55.551 101.24 77.4868
53.9735 100.229 74.7935
57.5462 96.1159 74.1161
54.4353 100.777 69.5034
57.2605 95.9585 69.8001
55.4084 96.9595 86.791
57.771 96.2669 82.1129
54.5215 101.025 86.3563
56.1032 101.163 82.8508
62.6053 87.5192 65.1875
67.0688 83.1628 64.5496
66.5827 87.5562 60.1652
58.9879 92.4896 65.3751
62.735 92.1348 60.3475
66.7616 91.9649 56.2888
55.9727 101.259 65.7941
57.5945 96.2989 64.9715
58.0057 100.81 60.7358
59.0766 96.7522 61.1711
63.0661 96.6247 56.6897
67.5233 96.7378 52.7227
62.1494 100.344 55.6753
66.355 100.344 51.6143
51.5694 105.387 73.7405
53.3142 104.717 68.9564
54.764 104.948 78.4506
51.0292 109.462 73.8507
51.8007 109.586 70.143
51.7953 109.591 77.8486
54.5611 105.233 86.37
55.53 105.358 82.1332
54.5047 109.159 82.527
54.2158 109.243 86.1593
50.9469 113.612 73.8971
51.9882 113.45 70.1233
51.5673 113.674 78.0092
51.651 117.749 73.9279
53.2585 118.282 68.8905
51.6763 117.769 78.0173
53.1099 113.023 83.1253
53.1254 112.861 85.8539
52.0786 117.731 82.1864
51.7377 117.695 86.7083
55.915 109.502 61.7668
58.614 109.446 56.7501
57.4022 104.871 60.4627
54.942 105.215 65.4513
54.1665 109.378 65.035
59.1143 105.215 57.0157
62.8663 104.901 52.3077
62.1864 109.305 51.654
55.8483 113.654 61.7992
58.7512 113.668 56.7871
57.4038 118.376 60.6116
54.0501 113.829 65.0559
54.7184 117.922 65.3607
62.1824 113.846 51.8371
58.8038 117.788 56.8019
62.1694 117.579 51.8948
52.4751 121.698 74.1217
54.2369 122.37 69.2981
52.1323 121.748 77.8283
53.8455 126.672 73.4835
53.4121 126.793 78.4953
58.6623 127.126 69.0365
53.1821 122.384 82.2678
52.4502 121.694 86.9401
55.055 126.205 86.5339
54.7108 126.45 82.4367
59.106 130.718 73.6833
58.259 131.982 77.9419
58.3213 131.22 82.6168
58.9865 130.685 86.58
62.4027 135.55 77.9229
62.3767 135.457 82.648
63.2585 134.797 86.5758
63.0239 131.547 72.9488
63.5866 129.92 70.0354
67.4141 130.87 69.386
67.5476 134.813 73.7369
55.8254 121.721 65.9851
58.1251 122.287 60.9895
59.6466 125.729 65.7654
63.0811 127.164 65.0221
63.4297 126.23 61.2804
66.8701 127.774 61.1119
59.0886 122.15 57.0137
60.1887 122.223 53.4541
63.713 125.658 52.9183
63.5712 125.938 57.0738
67.0106 127.583 57.025
66.8042 127.466 52.7991
68.0263 129.52 65.8703
67.3838 105.105 48.33
66.7478 109.085 47.4147
66.1055 113.657 47.3033
64.1236 117.995 49.1718
68.0752 117.872 44.8583
64.0797 121.797 49.0064
68.0786 122.016 45.1012
66.9172 126.77 48.2229
67.5301 82.7331 95.1628
62.7112 83.5717 91.0774
67.6983 80.2705 90.5876
66.8774 91.7115 116.832
62.7096 92.0387 112.002
66.8478 87.3822 112.481
63.3856 88.3807 107.573
67.8169 84.537 107.465
62.9071 87.1731 104.223
67.3452 83.7087 103.486
61.6475 91.8341 107.846
59.3475 92.7935 103.26
58.2028 96.0126 107.881
54.9837 96.8031 103.359
54.1804 100.968 108.075
52.3311 100.965 103.259
58.975 96.6308 111.842
55.8039 100.826 111.499
58.415 101.247 116.653
62.4972 96.1589 116.796
67.4383 96.5053 120.645
63.2192 101.059 120.491
67.3675 100.799 122.28
55.1255 92.7222 94.9648
57.6555 91.6777 89.7683
58.1134 87.6199 94.9378
57.9568 92.1294 99.9303
63.4122 84.194 99.1433
58.5954 88.3585 99.5531
63.131 83.4684 94.9423
67.5004 83.3662 99.2307
59.1634 88.3715 90.7066
53.2849 96.5697 95.1595
53.7747 96.1974 90.3584
52.933 101.27 94.9795
53.324 101.313 90.1093
53.8131 96.6446 99.299
52.63 100.833 99.3356
68.0628 105.231 122.83
63.455 105.219 120.114
66.4615 109.724 121.669
52.9239 105.619 103.351
56.3292 105.1 111.1
54.4413 105.288 108
58.5081 109.741 112.357
55.2323 109.336 107.394
53.2833 109.062 103.933
59.3161 105.172 115.889
61.899 109.657 117.007
58.4933 113.604 112.173
56.2822 113.508 106.783
54.4256 113.875 103.812
57.627 118.473 108.201
55.167 117.811 103.276
62.0213 113.679 117.273
66.1431 113.449 121.694
62.8168 118.531 116.714
58.8092 117.992 111.895
66.0599 118.084 120.96
54.3084 105.349 95.1263
53.6028 105.233 90.4184
52.3574 109.727 90.717
52.388 109.733 94.925
53.7094 105.402 98.6928
52.38 109.689 99.154
51.4817 113.743 90.9197
51.018 113.736 94.9492
50.9605 117.824 90.7635
50.9877 117.795 94.8705
52.1316 113.671 99.2022
53.3921 118.397 100.312
58.5729 122.835 103.762
63.1652 122.556 111.953
66.6809 123.494 116.323
67.9686 125.302 111.586
62.6078 123.672 108.187
63.4519 126.183 103.317
67.5977 126.318 107.582
67.0501 127.631 103.928
51.9555 121.752 90.6737
53.8801 123.02 95.3106
55.235 126.03 90.6893
58.1051 127.938 91.2289
58.9058 126.728 95.1556
54.7548 122.245 99.2449
59.4578 125.741 98.9601
62.9097 127.265 99.4942
63.8283 129.984 94.5899
67.5531 130.54 99.1838
66.4312 131.575 95.6364
62.709 131.433 91.5257
66.6479 135.236 91.6082
76.0343 79.979 90.7289
75.4213 79.2236 95.311
76.5602 76.7613 90.8479
71.68 79.3994 91.0449
76.271 76.5231 86.3082
76.0343 79.979 86.5206
71.3029 78.4897 86.8636
72.1824 80.9641 94.4652
76.0343 84.1873 90.7289
76.0343 84.1873 94.9371
76.0343 84.1873 86.5206
71.5704 82.6801 99.2772
72.3712 81.3803 103.51
76.0556 80.0422 103.36
75.8168 79.7145 99.1767
76.0343 84.1873 99.1454
76.0343 84.1873 103.354
78.0496 81.8248 101.3
79.7499 78.1766 103.729
71.3974 82.8498 108.245
76.0343 84.1873 107.562
75.6791 83.4654 112.248
76.1897 80.3507 107.409
71.9025 84.4259 111.648
76.0343 88.3955 107.562
76.0343 88.3955 111.77
76.0343 88.3955 103.354
76.0343 92.6038 107.562
76.0343 92.6038 111.77
76.0343 92.6038 103.354
71.712 88.1581 116.286
75.5394 87.1109 117.023
71.9513 92.8402 119.851
75.4388 92.0937 121.017
76.0343 92.6038 115.978
71.1086 96.35 121.669
76.0343 96.812 115.978
76.0343 96.812 120.187
76.0343 96.812 111.77
76.0343 101.02 115.978
76.0343 101.02 120.187
76.0343 101.02 111.77
75.6456 96.585 124.884
72.1286 101.048 123.97
74.9943 100.46 126.032
76.0343 126.27 94.9371
76.0343 126.27 90.7289
76.0343 130.478 90.7289
76.0343 130.478 94.9371
76.0343 126.27 86.5206
76.0343 130.478 86.5206
68.0021 134.41 94.7672
76.0343 134.686 90.7289
76.0343 134.686 94.9371
76.0343 134.686 86.5206
71.5513 130.829 103.599
76.0343 130.478 103.354
76.0343 126.27 103.354
76.0343 126.27 99.1454
76.0343 130.478 99.1454
71.6747 134.773 99.2715
76.2573 134.192 102.803
76.0343 134.686 99.1454
76.0343 117.853 111.77
76.0343 117.853 107.562
76.0343 122.062 107.562
76.0343 122.062 111.77
76.0343 117.853 103.354
76.0343 122.062 103.354
71.0184 127.7 107.905
71.4182 126.817 111.67
76.0343 126.27 111.77
76.0343 126.27 107.562
67.2727 122.252 120.377
76.0343 117.853 120.187
76.0343 117.853 115.978
76.0343 122.062 115.978
76.0343 122.062 120.187
71.0408 127.278 115.802
70.5053 127.12 119.928
76.0343 126.27 120.187
76.0343 126.27 115.978
75.7069 130.808 107.836
75.7948 130.704 111.737
75.4619 131.117 115.824
75.0619 131.641 119.964
71.8344 105.233 124.387
76.0343 105.229 124.395
76.0256 105.221 128.614
76.0343 105.229 120.187
70.7499 108.794 125.446
74.8935 108.565 129.628
76.0343 109.437 124.395
76.0343 109.437 120.187
77.9437 107.137 126.844
79.8348 104.543 130.327
67.8076 113.683 124.284
70.7994 113.432 129.224
76.0343 113.645 124.395
76.0343 113.645 128.603
76.0343 113.645 120.187
67.7432 117.852 124.311
70.5258 118.002 129.335
76.0343 117.853 128.603
76.0343 117.853 124.395
75.7607 113.533 133.287
75.5811 117.887 134.137
68.7482 121.801 124.189
70.8783 122.233 129.092
76.0343 122.062 128.603
76.0343 122.062 124.395
70.3678 126.856 124.657
75.4139 127.755 129.631
76.0343 126.27 124.395
75.6468 122.173 133.808
75.7665 130.928 124.566
71.3268 92.2861 52.1404
76.3859 93.0478 49.5039
75.9524 88.1346 52.6869
76.0343 92.6038 52.8546
72.1697 97.1265 49.15
75.719 96.3701 47.9566
71.2126 100.458 47.7362
76.0343 101.02 52.8546
76.0343 101.02 48.6463
76.0343 96.812 52.8546
76.2814 101.255 44.8239
78.0934 94.6421 50.6462
71.2911 78.3994 69.0163
75.8644 79.7311 65.1206
76.0766 75.8651 69.7398
76.0343 79.979 69.6876
71.6909 83.9075 61.0316
71.8838 80.1262 65.5787
76.0343 84.1873 69.6876
76.0343 84.1873 65.4793
75.9075 83.4189 60.7128
72.1742 76.5944 73.9736
72.1898 76.4362 78.0564
75.4574 74.9852 73.7137
75.5123 74.7728 78.2608
76.0343 79.979 73.8958
76.0343 79.979 78.1041
76.0343 84.1873 73.8958
76.0343 84.1873 78.1041
72.3068 76.9972 82.1083
76.0343 79.979 82.3123
75.9281 75.5017 82.3868
76.0343 84.1873 82.3123
78.0183 77.5312 80.2952
79.9103 74.2884 82.7773
77.927 77.6078 71.6368
79.1285 74.4195 68.63
70.9795 87.3822 56.0502
76.0343 88.3955 61.2711
76.1511 85.1654 57.4792
76.0343 88.3955 57.0628
76.0343 92.6038 57.0628
76.0343 92.6038 61.2711
76.0343 88.3955 65.4793
76.0343 88.3955 69.6876
76.0343 92.6038 65.4793
76.0343 92.6038 69.6876
76.0343 96.812 57.0628
76.0343 96.812 61.2711
76.0343 101.02 57.0628
76.0343 101.02 61.2711
71.4542 109.194 43.8038
76.4176 109.634 41.2413
75.3602 104.588 43.3859
76.0343 109.437 44.4381
72.1218 105.51 44.8999
76.0343 105.229 48.6463
76.0343 105.229 52.8546
76.0343 109.437 48.6463
76.0343 109.437 52.8546
78.0325 102.985 46.3266
70.5802 113.515 43.0366
76.1262 113.67 40.6174
76.0343 113.645 44.4381
70.7125 118.081 42.913
76.0624 117.861 40.3409
76.0343 117.853 44.4381
76.0343 113.645 48.6463
76.0343 113.645 52.8546
76.0343 117.853 48.6463
76.0343 117.853 52.8546
70.9176 122.152 43.1352
76.1078 122.053 40.4002
76.0343 122.062 44.4381
71.2203 126.47 43.7255
76.2108 126.259 40.5919
76.0343 126.27 44.4381
76.0343 122.062 48.6463
76.0343 122.062 52.8546
76.0343 126.27 48.6463
76.0343 126.27 52.8546
72.0276 130.328 44.6982
76.3745 130.374 40.8811
76.0343 130.478 44.4381
75.3589 134.992 43.9306
71.0855 131.026 48.5231
71.5483 130.855 52.9555
76.0343 130.478 52.8546
76.0343 130.478 48.6463
75.1638 135.386 48.7111
75.6783 134.921 53.0498
71.8839 130.382 57.0493
71.9821 130.089 61.3123
76.0343 126.27 61.2711
76.0343 126.27 57.0628
75.0393 132.101 57.4308
75.259 131.769 61.1904
71.7394 130.792 65.2832
76.0343 126.27 65.4793
75.1703 132.003 64.8373
76.0343 126.27 69.6876
76.0343 130.478 69.6876
72.2317 134.159 70.222
75.6676 135.275 69.0929
76.0343 126.27 78.1041
76.0343 126.27 73.8958
76.0343 130.478 73.8958
76.0343 130.478 78.1041
70.9852 135.756 72.6988
76.0343 134.686 73.8958
76.0343 134.686 78.1041
66.7039 139.879 82.4814
67.3385 139.235 86.6377
67.2814 139.274 77.7305
70.3674 139.933 91.4015
71.4958 139.13 95.0894
76.0343 138.895 94.9371
76.0343 138.895 90.7289
76.0343 138.895 86.5206
72.1438 142.543 86.3566
75.9098 143.455 90.7838
76.1602 142.806 94.8662
75.7202 144.014 86.6539
75.9725 139.015 99.3606
71.4515 140.668 76.978
75.6673 139.535 73.2278
76.0343 138.895 78.1041
76.0379 143.095 78.1093
76.0343 134.686 82.3123
76.0343 138.895 82.3123
71.91 142.89 82.2994
75.782 144.217 82.1575
76.0343 101.02 103.354
76.0343 117.853 94.9371
76.0343 117.853 86.5206
76.0343 101.02 69.6876
76.0343 117.853 61.2711
76.0343 117.853 69.6876
76.0343 117.853 78.1041
76.0343 92.6038 86.5206
76.0343 92.6038 94.9371
76.0343 101.02 86.5206
76.0343 101.02 94.9371
76.0343 109.437 86.5206
76.0343 109.437 94.9371
76.0343 109.437 103.354
76.0343 109.437 111.77
76.0343 92.6038 78.1041
76.0343 101.02 78.1041
76.0343 109.437 61.2711
76.0343 109.437 69.6876
76.0343 109.437 78.1041

4 0 1 2 3  0.217 0.92 0.92 
4 3 2 4 5  0.217 0.92 0.92 
4 5 4 6 7  0.217 0.92 0.92 
3 6 8 7  0.217 0.92 0.92 
4 2 1 9 10  0.217 0.92 0.92 
4 4 2 10 11  0.217 0.92 0.92 
4 10 12 13 11  0.217 0.92 0.92 
4 9 14 12 10  0.217 0.92 0.92 
4 6 4 11 15  0.217 0.92 0.92 
3 15 16 8  0.217 0.92 0.92 
3 6 15 8  0.217 0.92 0.92 
4 15 17 18 16  0.217 0.92 0.92 
4 11 13 17 15  0.217 0.92 0.92 
4 19 20 21 22  0.217 0.92 0.92 
4 22 21 23 24  0.217 0.92 0.92 
3 25 26 14  0.217 0.92 0.92 
3 27 28 26  0.217 0.92 0.92 
3 25 27 26  0.217 0.92 0.92 
4 26 28 20 19  0.217 0.92 0.92 
4 13 12 26 19  0.217 0.92 0.92 
3 12 14 26  0.217 0.92 0.92 
4 18 17 22 24  0.217 0.92 0.92 
4 17 13 19 22  0.217 0.92 0.92 
4 8 16 29 30  0.217 0.92 0.92 
3 29 31 30  0.217 0.92 0.92 
3 32 33 29  0.217 0.92 0.92 
4 16 18 32 29  0.217 0.92 0.92 
3 31 29 33  0.217 0.92 0.92 
3 33 34 31  0.217 0.92 0.92 
4 24 23 35 36  0.217 0.92 0.92 
3 35 37 36  0.217 0.92 0.92 
3 36 38 33  0.217 0.92 0.92 
3 32 36 33  0.217 0.92 0.92 
4 32 18 24 36  0.217 0.92 0.92 
3 38 36 37  0.217 0.92 0.92 
3 38 39 33  0.217 0.92 0.92 
3 34 33 39  0.217 0.92 0.92 
3 39 40 34  0.217 0.92 0.92 
4 37 41 39 38  0.217 0.92 0.92 
4 41 42 40 39  0.217 0.92 0.92 
3 43 44 21  0.217 0.92 0.92 
3 45 43 21  0.217 0.92 0.92 
3 20 45 21  0.217 0.92 0.92 
3 23 21 44  0.217 0.92 0.92 
3 46 47 44  0.217 0.92 0.92 
3 43 46 44  0.217 0.92 0.92 
3 46 43 45  0.217 0.92 0.92 
3 48 46 45  0.217 0.92 0.92 
4 28 27 49 50  0.217 0.92 0.92 
4 20 28 50 45  0.217 0.92 0.92 
3 51 48 45  0.217 0.92 0.92 
4 50 49 52 51  0.217 0.92 0.92 
3 50 51 45  0.217 0.92 0.92 
4 47 46 53 54  0.217 0.92 0.92 
4 46 48 55 53  0.217 0.92 0.92 
3 53 56 57  0.217 0.92 0.92 
3 54 53 57  0.217 0.92 0.92 
4 53 55 58 56  0.217 0.92 0.92 
4 59 55 48 51  0.217 0.92 0.92 
4 51 52 60 59  0.217 0.92 0.92 
3 58 55 59  0.217 0.92 0.92 
3 61 58 59  0.217 0.92 0.92 
4 60 62 61 59  0.217 0.92 0.92 
3 63 64 65  0.217 0.92 0.92 
4 35 23 44 66  0.217 0.92 0.92 
4 66 65 37 35  0.217 0.92 0.92 
3 47 67 44  0.217 0.92 0.92 
3 66 44 67  0.217 0.92 0.92 
3 67 63 65  0.217 0.92 0.92 
3 66 67 65  0.217 0.92 0.92 
3 68 69 41  0.217 0.92 0.92 
3 65 68 41  0.217 0.92 0.92 
3 37 65 41  0.217 0.92 0.92 
3 42 41 69  0.217 0.92 0.92 
4 64 70 69 68  0.217 0.92 0.92 
3 68 65 64  0.217 0.92 0.92 
4 71 72 64 63  0.217 0.92 0.92 
3 72 71 73  0.217 0.92 0.92 
4 54 74 67 47  0.217 0.92 0.92 
4 63 67 74 71  0.217 0.92 0.92 
3 74 54 57  0.217 0.92 0.92 
3 75 74 57  0.217 0.92 0.92 
3 74 75 73  0.217 0.92 0.92 
3 71 74 73  0.217 0.92 0.92 
4 72 76 70 64  0.217 0.92 0.92 
4 77 78 76 72  0.217 0.92 0.92 
3 77 72 73  0.217 0.92 0.92 
4 79 80 57 56  0.217 0.92 0.92 
4 56 58 81 79  0.217 0.92 0.92 
3 80 79 82  0.217 0.92 0.92 
4 82 79 81 83  0.217 0.92 0.92 
3 82 84 80  0.217 0.92 0.92 
3 58 61 85  0.217 0.92 0.92 
3 81 58 85  0.217 0.92 0.92 
3 62 86 85  0.217 0.92 0.92 
3 61 62 85  0.217 0.92 0.92 
3 81 85 83  0.217 0.92 0.92 
3 85 86 87  0.217 0.92 0.92 
3 88 85 87  0.217 0.92 0.92 
3 88 83 85  0.217 0.92 0.92 
4 89 82 83 90  0.217 0.92 0.92 
3 84 82 89  0.217 0.92 0.92 
4 91 88 87 92  0.217 0.92 0.92 
4 90 83 88 91  0.217 0.92 0.92 
4 93 90 91 94  0.217 0.92 0.92 
4 94 91 92 95  0.217 0.92 0.92 
3 96 97 84  0.217 0.92 0.92 
3 89 96 84  0.217 0.92 0.92 
3 89 90 96  0.217 0.92 0.92 
3 97 96 98  0.217 0.92 0.92 
3 96 90 93  0.217 0.92 0.92 
3 93 99 96  0.217 0.92 0.92 
3 98 96 99  0.217 0.92 0.92 
4 75 57 80 100  0.217 0.92 0.92 
4 100 101 73 75  0.217 0.92 0.92 
4 102 100 80 84  0.217 0.92 0.92 
3 101 100 102  0.217 0.92 0.92 
3 103 104 101  0.217 0.92 0.92 
3 102 103 101  0.217 0.92 0.92 
3 102 84 103  0.217 0.92 0.92 
3 104 103 105  0.217 0.92 0.92 
3 106 107 78  0.217 0.92 0.92 
3 77 106 78  0.217 0.92 0.92 
4 77 73 101 106  0.217 0.92 0.92 
4 108 107 106 109  0.217 0.92 0.92 
4 109 106 101 104  0.217 0.92 0.92 
4 109 104 105 110  0.217 0.92 0.92 
4 108 109 110 111  0.217 0.92 0.92 
3 103 84 97  0.217 0.92 0.92 
3 98 112 103  0.217 0.92 0.92 
3 97 98 103  0.217 0.92 0.92 
3 105 103 112  0.217 0.92 0.92 
3 69 113 42  0.217 0.92 0.92 
4 70 114 113 69  0.217 0.92 0.92 
4 76 115 114 70  0.217 0.92 0.92 
3 78 116 115  0.217 0.92 0.92 
3 76 78 115  0.217 0.92 0.92 
3 116 117 115  0.217 0.92 0.92 
3 107 118 78  0.217 0.92 0.92 
3 116 78 118  0.217 0.92 0.92 
4 118 119 117 116  0.217 0.92 0.92 
3 118 107 108  0.217 0.92 0.92 
3 111 120 118  0.217 0.92 0.92 
3 108 111 118  0.217 0.92 0.92 
3 119 118 120  0.217 0.92 0.92 
3 121 122 123  0.217 0.92 0.92 
4 123 122 1 0  0.217 0.92 0.92 
3 124 125 126  0.217 0.92 0.92 
3 126 127 128  0.217 0.92 0.92 
4 128 127 129 130  0.217 0.92 0.92 
3 131 132 129  0.217 0.92 0.92 
3 131 127 126  0.217 0.92 0.92 
3 125 131 126  0.217 0.92 0.92 
3 127 131 129  0.217 0.92 0.92 
3 133 134 132  0.217 0.92 0.92 
3 135 136 134  0.217 0.92 0.92 
4 137 138 135 133  0.217 0.92 0.92 
3 134 133 135  0.217 0.92 0.92 
3 139 138 137  0.217 0.92 0.92 
3 140 137 125  0.217 0.92 0.92 
3 141 140 124  0.217 0.92 0.92 
3 125 124 140  0.217 0.92 0.92 
3 137 140 139  0.217 0.92 0.92 
3 142 139 140  0.217 0.92 0.92 
3 143 142 140  0.217 0.92 0.92 
3 141 143 140  0.217 0.92 0.92 
3 132 131 133  0.217 0.92 0.92 
4 125 137 133 131  0.217 0.92 0.92 
3 144 145 146  0.217 0.92 0.92 
3 147 144 146  0.217 0.92 0.92 
4 148 149 146 150  0.217 0.92 0.92 
3 129 149 148  0.217 0.92 0.92 
3 151 130 129  0.217 0.92 0.92 
3 148 151 129  0.217 0.92 0.92 
4 150 121 151 148  0.217 0.92 0.92 
3 149 147 146  0.217 0.92 0.92 
3 147 149 129  0.217 0.92 0.92 
3 132 147 129  0.217 0.92 0.92 
3 152 9 122  0.217 0.92 0.92 
4 150 146 152 122  0.217 0.92 0.92 
3 150 122 121  0.217 0.92 0.92 
3 1 122 9  0.217 0.92 0.92 
3 145 14 9  0.217 0.92 0.92 
3 152 145 9  0.217 0.92 0.92 
3 152 146 145  0.217 0.92 0.92 
3 153 154 145  0.217 0.92 0.92 
3 144 153 145  0.217 0.92 0.92 
4 145 154 25 14  0.217 0.92 0.92 
4 154 153 155 156  0.217 0.92 0.92 
4 25 154 156 27  0.217 0.92 0.92 
4 132 134 157 147  0.217 0.92 0.92 
3 153 144 147  0.217 0.92 0.92 
3 157 153 147  0.217 0.92 0.92 
3 158 155 157  0.217 0.92 0.92 
4 134 136 158 157  0.217 0.92 0.92 
3 153 157 155  0.217 0.92 0.92 
3 159 160 143  0.217 0.92 0.92 
3 160 159 161  0.217 0.92 0.92 
3 136 135 162  0.217 0.92 0.92 
4 135 138 163 164  0.217 0.92 0.92 
3 164 162 135  0.217 0.92 0.92 
3 164 163 165  0.217 0.92 0.92 
3 166 164 165  0.217 0.92 0.92 
4 162 164 166 167  0.217 0.92 0.92 
4 168 163 138 139  0.217 0.92 0.92 
3 163 168 165  0.217 0.92 0.92 
4 160 168 139 142  0.217 0.92 0.92 
3 142 143 160  0.217 0.92 0.92 
3 169 165 168  0.217 0.92 0.92 
3 168 160 169  0.217 0.92 0.92 
3 161 169 160  0.217 0.92 0.92 
4 170 171 166 165  0.217 0.92 0.92 
4 167 166 171 172  0.217 0.92 0.92 
3 171 170 173  0.217 0.92 0.92 
3 172 171 173  0.217 0.92 0.92 
3 174 172 173  0.217 0.92 0.92 
4 175 170 165 169  0.217 0.92 0.92 
4 176 175 169 161  0.217 0.92 0.92 
4 177 178 170 175  0.217 0.92 0.92 
4 179 177 175 176  0.217 0.92 0.92 
4 156 155 180 181  0.217 0.92 0.92 
4 27 156 181 49  0.217 0.92 0.92 
3 182 52 181  0.217 0.92 0.92 
4 180 183 182 181  0.217 0.92 0.92 
3 49 181 52  0.217 0.92 0.92 
3 155 158 184  0.217 0.92 0.92 
4 184 158 136 162  0.217 0.92 0.92 
3 180 155 184  0.217 0.92 0.92 
4 184 185 183 180  0.217 0.92 0.92 
3 167 185 184  0.217 0.92 0.92 
3 162 167 184  0.217 0.92 0.92 
4 186 60 52 182  0.217 0.92 0.92 
4 182 183 187 186  0.217 0.92 0.92 
3 188 62 60  0.217 0.92 0.92 
3 186 188 60  0.217 0.92 0.92 
4 186 187 189 188  0.217 0.92 0.92 
4 183 185 190 187  0.217 0.92 0.92 
4 172 190 185 167  0.217 0.92 0.92 
3 187 190 191  0.217 0.92 0.92 
3 189 187 191  0.217 0.92 0.92 
3 190 172 191  0.217 0.92 0.92 
3 174 191 172  0.217 0.92 0.92 
3 174 173 192  0.217 0.92 0.92 
3 178 177 193  0.217 0.92 0.92 
3 177 179 194  0.217 0.92 0.92 
3 194 193 177  0.217 0.92 0.92 
3 193 194 195  0.217 0.92 0.92 
3 196 192 173  0.217 0.92 0.92 
4 196 173 178 193  0.217 0.92 0.92 
3 192 196 197  0.217 0.92 0.92 
4 198 196 193 195  0.217 0.92 0.92 
3 199 197 196  0.217 0.92 0.92 
3 198 199 196  0.217 0.92 0.92 
4 62 188 200 86  0.217 0.92 0.92 
3 188 189 201  0.217 0.92 0.92 
3 200 188 201  0.217 0.92 0.92 
4 87 86 200 202  0.217 0.92 0.92 
3 200 201 202  0.217 0.92 0.92 
3 203 202 201  0.217 0.92 0.92 
3 204 203 201  0.217 0.92 0.92 
3 202 203 87  0.217 0.92 0.92 
3 189 191 201  0.217 0.92 0.92 
3 191 174 192  0.217 0.92 0.92 
3 205 191 192  0.217 0.92 0.92 
3 205 201 191  0.217 0.92 0.92 
3 205 192 206  0.217 0.92 0.92 
4 204 201 205 206  0.217 0.92 0.92 
3 206 207 204  0.217 0.92 0.92 
3 207 206 192  0.217 0.92 0.92 
3 197 207 192  0.217 0.92 0.92 
3 197 199 207  0.217 0.92 0.92 
3 87 203 92  0.217 0.92 0.92 
3 204 207 208  0.217 0.92 0.92 
3 207 199 209  0.217 0.92 0.92 
3 210 208 207  0.217 0.92 0.92 
3 209 210 207  0.217 0.92 0.92 
3 211 92 203  0.217 0.92 0.92 
4 211 203 204 208  0.217 0.92 0.92 
3 208 210 211  0.217 0.92 0.92 
3 92 211 95  0.217 0.92 0.92 
3 211 210 212  0.217 0.92 0.92 
3 212 95 211  0.217 0.92 0.92 
3 213 214 215  1 1 1 
3 214 216 215  0.217 0.92 0.92 
4 213 215 217 218  1 1 1 
4 215 216 219 217  0.217 0.92 0.92 
4 0 219 216 123  0.217 0.92 0.92 
3 216 220 121  0.217 0.92 0.92 
3 123 216 121  0.217 0.92 0.92 
3 221 214 213  1 1 1 
3 221 222 214  1 1 1 
3 220 216 214  0.217 0.92 0.92 
4 213 218 223 221  1 1 1 
3 224 121 220  0.217 0.92 0.92 
3 130 224 225  0.217 0.92 0.92 
3 226 225 224  0.217 0.92 0.92 
3 227 226 224  0.217 0.92 0.92 
4 222 228 227 214  1 1 1 
3 214 227 224  0.217 0.92 0.92 
3 220 214 224  0.217 0.92 0.92 
3 226 229 230  1 1 1 
3 227 228 230  1 1 1 
3 229 228 230  1 1 1 
3 226 227 231  0.217 0.92 0.92 
3 231 226 230  1 1 1 
3 227 231 230  1 1 1 
3 232 130 225  0.217 0.92 0.92 
3 233 234 235  1 1 1 
3 234 232 235  0.217 0.92 0.92 
4 229 233 235 226  1 1 1 
3 226 235 232  0.217 0.92 0.92 
3 225 226 232  0.217 0.92 0.92 
3 128 130 232  0.217 0.92 0.92 
3 232 236 126  0.217 0.92 0.92 
3 128 232 126  0.217 0.92 0.92 
3 237 234 233  1 1 1 
3 237 238 234  1 1 1 
3 236 232 234  0.217 0.92 0.92 
4 233 229 239 237  1 1 1 
4 238 237 240 241  1 1 1 
4 237 239 242 240  1 1 1 
3 243 126 236  0.217 0.92 0.92 
4 234 244 243 236  0.217 0.92 0.92 
3 238 244 234  1 1 1 
3 126 243 124  0.217 0.92 0.92 
3 245 124 243  0.217 0.92 0.92 
4 244 246 245 243  0.217 0.92 0.92 
3 247 246 244  1 1 1 
3 247 244 241  1 1 1 
3 238 241 244  1 1 1 
3 248 141 124  0.217 0.92 0.92 
3 245 248 124  0.217 0.92 0.92 
3 249 250 246  1 1 1 
3 249 246 247  1 1 1 
3 245 246 248  0.217 0.92 0.92 
4 247 241 251 249  1 1 1 
3 141 248 143  0.217 0.92 0.92 
4 250 249 252 253  1 1 1 
4 249 251 254 252  1 1 1 
3 250 255 246  1 1 1 
3 255 248 246  0.217 0.92 0.92 
3 256 143 248  0.217 0.92 0.92 
3 257 256 248  0.217 0.92 0.92 
4 253 257 255 250  1 1 1 
3 255 257 248  0.217 0.92 0.92 
4 258 259 260 261  1 1 1 
4 259 262 263 260  1 1 1 
3 264 212 210  0.217 0.92 0.92 
4 261 260 265 266  1 1 1 
4 260 263 267 265  1 1 1 
3 268 209 199  0.217 0.92 0.92 
4 269 270 271 272  1 1 1 
4 271 258 261 272  1 1 1 
3 210 209 273  0.217 0.92 0.92 
3 264 210 273  0.217 0.92 0.92 
3 209 268 273  0.217 0.92 0.92 
3 269 272 274  1 1 1 
3 275 274 272  1 1 1 
3 274 273 268  0.217 0.92 0.92 
4 275 272 261 266  1 1 1 
4 276 277 278 279  1 1 1 
4 277 280 281 278  1 1 1 
3 198 282 199  0.217 0.92 0.92 
4 198 195 283 282  0.217 0.92 0.92 
4 284 279 278 285  1 1 1 
4 285 278 281 270  1 1 1 
3 286 194 179  0.217 0.92 0.92 
4 287 288 289 290  1 1 1 
4 288 276 279 289  1 1 1 
3 283 195 194  0.217 0.92 0.92 
3 291 283 194  0.217 0.92 0.92 
4 291 194 286 292  0.217 0.92 0.92 
4 293 290 289 294  1 1 1 
4 294 289 279 284  1 1 1 
3 199 282 268  0.217 0.92 0.92 
4 285 295 296 284  1 1 1 
4 295 282 283 296  0.217 0.92 0.92 
3 285 270 295  1 1 1 
3 269 295 270  1 1 1 
3 295 268 282  0.217 0.92 0.92 
3 268 295 274  0.217 0.92 0.92 
3 295 269 274  1 1 1 
4 294 297 298 293  1 1 1 
4 297 291 292 298  0.217 0.92 0.92 
4 284 296 297 294  1 1 1 
4 296 283 291 297  0.217 0.92 0.92 
3 299 159 143  0.217 0.92 0.92 
3 256 299 143  0.217 0.92 0.92 
3 300 301 257  1 1 1 
3 301 299 257  0.217 0.92 0.92 
3 302 300 257  1 1 1 
3 302 257 253  1 1 1 
3 256 257 299  0.217 0.92 0.92 
3 299 303 161  0.217 0.92 0.92 
3 159 299 161  0.217 0.92 0.92 
4 304 303 299 301  0.217 0.92 0.92 
4 305 300 302 306  1 1 1 
3 305 304 307  1 1 1 
3 301 300 307  1 1 1 
3 305 300 307  1 1 1 
3 301 308 304  0.217 0.92 0.92 
3 308 304 307  1 1 1 
3 301 308 307  1 1 1 
3 176 161 303  0.217 0.92 0.92 
3 309 176 303  0.217 0.92 0.92 
3 310 309 303  0.217 0.92 0.92 
3 311 312 304  1 1 1 
3 304 305 311  1 1 1 
3 303 304 310  0.217 0.92 0.92 
4 305 306 313 311  1 1 1 
4 176 309 314 179  0.217 0.92 0.92 
4 315 314 309 310  0.217 0.92 0.92 
4 316 312 311 317  1 1 1 
4 311 313 287 317  1 1 1 
3 312 318 304  1 1 1 
3 318 310 304  0.217 0.92 0.92 
4 316 319 318 312  1 1 1 
4 319 315 310 318  0.217 0.92 0.92 
4 179 314 320 286  0.217 0.92 0.92 
4 321 320 314 315  0.217 0.92 0.92 
4 322 316 317 323  1 1 1 
4 317 287 290 323  1 1 1 
4 292 286 320 324  0.217 0.92 0.92 
3 320 321 324  0.217 0.92 0.92 
3 322 323 325  1 1 1 
3 326 325 323  1 1 1 
3 325 324 321  0.217 0.92 0.92 
4 326 323 290 293  1 1 1 
4 322 327 319 316  1 1 1 
4 327 321 315 319  0.217 0.92 0.92 
3 321 327 325  0.217 0.92 0.92 
3 327 322 325  1 1 1 
3 324 325 328  0.217 0.92 0.92 
3 325 326 328  1 1 1 
4 293 298 328 326  1 1 1 
4 298 292 324 328  0.217 0.92 0.92 
3 329 330 331  0.217 0.92 0.92 
3 330 332 331  1 1 1 
3 40 333 329  0.217 0.92 0.92 
3 334 330 329  0.217 0.92 0.92 
3 333 334 329  0.217 0.92 0.92 
4 42 335 333 40  0.217 0.92 0.92 
3 336 334 337  1 1 1 
3 336 338 334  1 1 1 
3 333 335 334  0.217 0.92 0.92 
3 335 339 334  0.217 0.92 0.92 
3 339 337 334  1 1 1 
3 330 332 340  1 1 1 
3 330 334 340  1 1 1 
3 334 338 340  1 1 1 
3 332 338 340  1 1 1 
3 341 342 343  0.217 0.92 0.92 
3 342 344 343  1 1 1 
3 30 345 346  0.217 0.92 0.92 
4 341 8 30 346  0.217 0.92 0.92 
3 347 344 342  1 1 1 
3 347 342 348  1 1 1 
3 346 342 341  0.217 0.92 0.92 
4 349 342 346 345  0.217 0.92 0.92 
3 348 342 349  1 1 1 
3 7 341 350  0.217 0.92 0.92 
4 351 5 7 350  0.217 0.92 0.92 
4 350 352 353 351  0.217 0.92 0.92 
4 353 352 354 355  1 1 1 
3 352 350 341  0.217 0.92 0.92 
3 343 352 341  0.217 0.92 0.92 
3 341 7 8  0.217 0.92 0.92 
4 355 354 356 357  1 1 1 
4 354 344 347 356  1 1 1 
4 358 3 5 351  0.217 0.92 0.92 
3 219 3 358  0.217 0.92 0.92 
4 359 218 217 360  1 1 1 
3 360 217 219  0.217 0.92 0.92 
3 358 360 219  0.217 0.92 0.92 
4 351 353 360 358  0.217 0.92 0.92 
3 0 3 219  0.217 0.92 0.92 
4 218 359 361 223  1 1 1 
4 359 355 357 361  1 1 1 
3 360 359 362  1 1 1 
3 353 355 362  1 1 1 
3 359 355 362  1 1 1 
3 360 353 363  0.217 0.92 0.92 
3 363 360 362  1 1 1 
3 353 363 362  1 1 1 
3 354 352 364  1 1 1 
3 343 344 364  1 1 1 
3 354 344 364  1 1 1 
3 343 365 352  0.217 0.92 0.92 
3 365 352 364  1 1 1 
3 343 365 364  1 1 1 
3 31 366 345  0.217 0.92 0.92 
3 349 345 366  0.217 0.92 0.92 
4 367 349 368 369  1 1 1 
3 368 349 366  0.217 0.92 0.92 
3 366 331 368  0.217 0.92 0.92 
3 331 369 368  1 1 1 
3 34 329 366  0.217 0.92 0.92 
3 366 31 34  0.217 0.92 0.92 
4 367 369 370 371  1 1 1 
3 332 370 331  1 1 1 
3 369 331 370  1 1 1 
3 331 366 329  0.217 0.92 0.92 
3 345 30 31  0.217 0.92 0.92 
4 347 348 372 373  1 1 1 
3 367 372 349  1 1 1 
3 348 349 372  1 1 1 
4 373 372 374 375  1 1 1 
4 372 367 371 374  1 1 1 
3 329 34 40  0.217 0.92 0.92 
4 371 370 376 377  1 1 1 
4 370 332 338 376  1 1 1 
4 377 376 378 379  1 1 1 
4 376 338 336 378  1 1 1 
3 380 381 382  0.217 0.92 0.92 
3 381 383 382  1 1 1 
3 113 384 335  0.217 0.92 0.92 
3 335 42 113  0.217 0.92 0.92 
4 336 337 385 386  1 1 1 
3 382 339 335  0.217 0.92 0.92 
3 384 382 335  0.217 0.92 0.92 
4 114 380 384 113  0.217 0.92 0.92 
4 386 385 387 388  1 1 1 
3 387 382 383  1 1 1 
3 387 385 382  1 1 1 
3 384 380 382  0.217 0.92 0.92 
3 339 337 389  1 1 1 
3 339 382 389  1 1 1 
3 382 385 389  1 1 1 
3 337 385 389  1 1 1 
4 390 391 381 380  0.217 0.92 0.92 
4 392 383 381 391  1 1 1 
4 393 394 391 390  0.217 0.92 0.92 
4 395 392 391 394  1 1 1 
4 115 390 380 114  0.217 0.92 0.92 
4 388 387 396 397  1 1 1 
4 392 396 387 383  1 1 1 
3 393 390 115  0.217 0.92 0.92 
3 117 393 115  0.217 0.92 0.92 
4 397 396 398 399  1 1 1 
4 395 398 396 392  1 1 1 
4 400 401 394 393  0.217 0.92 0.92 
4 402 395 394 401  1 1 1 
4 403 404 401 400  0.217 0.92 0.92 
4 405 402 401 404  1 1 1 
4 393 117 119 400  0.217 0.92 0.92 
4 399 398 406 407  1 1 1 
4 402 406 398 395  1 1 1 
3 400 119 120  0.217 0.92 0.92 
3 403 400 120  0.217 0.92 0.92 
4 407 406 408 409  1 1 1 
4 405 408 406 402  1 1 1 
4 410 411 404 403  0.217 0.92 0.92 
4 412 405 404 411  1 1 1 
3 412 411 413  1 1 1 
3 411 410 413  0.217 0.92 0.92 
3 403 120 414  0.217 0.92 0.92 
4 414 120 111 415  0.217 0.92 0.92 
4 416 409 408 417  1 1 1 
4 408 405 412 417  1 1 1 
3 410 403 414  0.217 0.92 0.92 
4 417 418 419 416  1 1 1 
4 418 414 415 419  0.217 0.92 0.92 
4 412 413 418 417  1 1 1 
4 413 410 414 418  0.217 0.92 0.92 
4 415 111 110 420  0.217 0.92 0.92 
4 420 110 105 421  0.217 0.92 0.92 
4 422 423 424 425  1 1 1 
4 420 421 425 424  0.217 0.92 0.92 
3 409 416 424  1 1 1 
3 409 424 423  1 1 1 
3 420 424 415  0.217 0.92 0.92 
3 415 424 419  0.217 0.92 0.92 
3 424 416 419  1 1 1 
3 426 421 105  0.217 0.92 0.92 
3 112 426 105  0.217 0.92 0.92 
3 112 98 426  0.217 0.92 0.92 
3 427 428 429  1 1 1 
3 430 429 428  1 1 1 
4 427 422 425 428  1 1 1 
4 421 426 428 425  0.217 0.92 0.92 
3 426 98 431  0.217 0.92 0.92 
4 432 428 426 431  0.217 0.92 0.92 
3 430 428 432  1 1 1 
4 433 434 435 436  1 1 1 
4 434 429 430 435  1 1 1 
3 437 431 98  0.217 0.92 0.92 
3 99 437 98  0.217 0.92 0.92 
4 438 439 436 435  1 1 1 
3 435 432 438  1 1 1 
3 435 430 432  1 1 1 
3 431 437 432  0.217 0.92 0.92 
4 440 94 95 441  0.217 0.92 0.92 
4 442 93 94 440  0.217 0.92 0.92 
3 99 93 442  0.217 0.92 0.92 
3 95 212 441  0.217 0.92 0.92 
3 443 441 212  0.217 0.92 0.92 
4 443 212 264 444  0.217 0.92 0.92 
4 445 266 265 446  1 1 1 
4 446 265 267 447  1 1 1 
3 441 443 448  0.217 0.92 0.92 
4 446 449 450 445  1 1 1 
4 449 443 444 450  0.217 0.92 0.92 
3 451 448 443  0.217 0.92 0.92 
4 447 451 449 446  1 1 1 
3 449 451 443  0.217 0.92 0.92 
3 264 273 444  0.217 0.92 0.92 
3 273 274 452  0.217 0.92 0.92 
3 274 275 452  1 1 1 
3 275 266 452  1 1 1 
3 445 452 266  1 1 1 
3 452 444 273  0.217 0.92 0.92 
3 444 452 450  0.217 0.92 0.92 
3 452 445 450  1 1 1 
4 453 437 99 442  0.217 0.92 0.92 
3 439 438 454  1 1 1 
3 454 455 439  1 1 1 
3 453 454 437  0.217 0.92 0.92 
3 438 432 454  1 1 1 
3 432 437 454  0.217 0.92 0.92 
3 455 454 456  1 1 1 
3 454 453 456  0.217 0.92 0.92 
3 442 440 453  0.217 0.92 0.92 
4 267 457 458 447  1 1 1 
4 455 458 457 439  1 1 1 
3 453 440 459  0.217 0.92 0.92 
4 459 440 441 448  0.217 0.92 0.92 
4 447 458 460 451  1 1 1 
4 459 448 451 460  0.217 0.92 0.92 
4 458 455 456 460  1 1 1 
3 460 456 453  0.217 0.92 0.92 
3 459 460 453  0.217 0.92 0.92 
3 178 173 170  0.217 0.92 0.92 
3 240 461 251  1 1 1 
3 251 241 240  1 1 1 
3 242 461 240  1 1 1 
3 254 251 461  1 1 1 
3 462 463 259  1 1 1 
3 262 259 463  1 1 1 
3 259 258 462  1 1 1 
3 270 281 271  1 1 1 
3 271 281 462  1 1 1 
3 281 280 462  1 1 1 
3 258 271 462  1 1 1 
3 371 377 374  1 1 1 
3 374 377 464  1 1 1 
3 377 379 464  1 1 1 
3 375 374 464  1 1 1 
3 423 465 407  1 1 1 
3 407 409 423  1 1 1 
3 422 465 423  1 1 1 
3 399 407 465  1 1 1 
3 466 465 427  1 1 1 
3 422 427 465  1 1 1 
3 427 429 466  1 1 1 
3 467 466 434  1 1 1 
3 434 433 467  1 1 1 
3 429 434 466  1 1 1 
4 467 433 262 463  1 1 1 
3 436 457 263  1 1 1 
3 457 267 263  1 1 1 
3 439 457 436  1 1 1 
4 433 436 263 262  1 1 1 
3 468 469 221  1 1 1 
3 222 221 469  1 1 1 
3 221 223 468  1 1 1 
3 228 469 239  1 1 1 
3 239 229 228  1 1 1 
3 222 469 228  1 1 1 
3 242 239 469  1 1 1 
3 151 224 130  0.217 0.92 0.92 
3 151 121 224  0.217 0.92 0.92 
4 468 470 471 469  1 1 1 
4 242 469 471 461  1 1 1 
4 471 470 472 473  1 1 1 
4 474 461 471 473  1 1 1 
4 473 472 463 462  1 1 1 
4 462 280 474 473  1 1 1 
4 475 254 461 474  1 1 1 
3 252 475 302  1 1 1 
3 302 253 252  1 1 1 
3 254 475 252  1 1 1 
3 306 302 475  1 1 1 
3 475 474 277  1 1 1 
3 280 277 474  1 1 1 
3 277 276 475  1 1 1 
3 287 313 288  1 1 1 
3 288 313 475  1 1 1 
3 313 306 475  1 1 1 
3 276 288 475  1 1 1 
3 347 373 356  1 1 1 
3 356 373 476  1 1 1 
3 373 375 476  1 1 1 
3 357 356 476  1 1 1 
3 476 468 361  1 1 1 
3 223 361 468  1 1 1 
3 361 357 476  1 1 1 
4 375 464 477 476  1 1 1 
4 468 476 477 470  1 1 1 
3 336 386 378  1 1 1 
3 378 386 478  1 1 1 
3 386 388 478  1 1 1 
3 379 378 478  1 1 1 
4 479 464 379 478  1 1 1 
3 465 478 397  1 1 1 
3 397 399 465  1 1 1 
3 388 397 478  1 1 1 
4 478 465 466 479  1 1 1 
4 480 477 464 479  1 1 1 
4 472 470 477 480  1 1 1 
4 480 479 466 467  1 1 1 
4 472 480 467 463  1 1 1 
