OFF
409 408 0

0 -28.28 -7.15475
4.04 -28.28 -7.15475
4.04 -29.6072 -4.3472
0 -28.28 -3.11475
0 -24.24 -3.11475
0 -24.24 -7.15475
4.04 -24.2166 -7.1501
4.04 -23.2599 -4.0251
8.08 -28.28 -7.15475
8.08 -28.28 -3.11475
8.08 -24.24 -7.15475
8.08 -24.24 -3.11475
0 -20.2 -11.1948
4.03984 -20.1728 -11.4583
4.04 -20.2 -7.15475
0 -20.2 -7.15475
0 -16.16 -7.15475
0 -16.16 -11.1948
4.03989 -15.8404 -7.20731
4.04 -16.16 -11.1948
8.08 -20.2 -11.1948
8.08 -20.2 -7.15475
8.08 -16.16 -7.15475
8.08 -16.16 -11.1948
0 16.16 -11.1948
4.04 16.16 -11.1948
4.03989 15.8404 -7.20731
0 16.16 -7.15475
0 20.2 -7.15475
0 20.2 -11.1948
4.04 20.2 -7.15475
4.03984 20.1728 -11.4583
8.08 16.16 -11.1948
8.08 16.16 -7.15475
8.08 20.2 -7.15475
8.08 20.2 -11.1948
0 24.24 -7.15475
4.04 24.2166 -7.15008
4.04 23.2599 -4.0251
0 24.24 -3.11475
0 28.28 -3.11475
0 28.28 -7.15475
4.04 28.28 -7.15475
4.04 29.6072 -4.3472
8.08 24.24 -7.15475
8.08 24.24 -3.11475
8.08 28.28 -7.15475
8.08 28.28 -3.11475
0 -28.28 4.96525
4.04023 -28.3843 5.06126
4.04 -28.28 9.00525
0 -28.28 9.00525
0 -24.24 9.00525
0 -24.24 4.96525
4.03788 -25.1098 9.54025
8.08 -28.28 4.96525
8.08 -28.28 9.00525
8.08 -24.24 9.00525
8.08 -24.24 4.96525
0 -32.32 -3.11475
4.04 -32.32 -3.11475
4.04001 -32.3335 0.929203
0 -32.32 0.92525
0 -28.28 0.92525
4.03373 -30.234 3.25485
8.08 -32.32 -3.11475
8.08 -32.32 0.92525
8.08 -28.28 0.92525
0 -24.24 0.92525
8.08 -24.24 0.92525
0 -20.2 9.00525
0 -20.2 4.96525
4.04 -24.24 13.0452
0 -24.24 13.0452
0 -20.2 13.0452
4.03496 -23.1165 13.9548
8.08 -24.24 13.0452
8.08 -20.2 13.0452
8.08 -20.2 9.00525
8.08 -20.2 4.96525
0 -16.16 9.00525
0 -16.16 4.96525
4.04 -15.1377 8.73131
4.04 -15.785 4.96525
0 -16.16 13.0452
4.04 -14.1276 12.5007
8.08 -16.16 9.00525
8.08 -16.16 13.0452
8.08 -16.16 4.96525
0 -20.2 0.92525
0 -20.2 -3.11475
4.04 -20.2 -3.11475
8.08 -20.2 0.92525
8.08 -20.2 -3.11475
0 -16.16 0.92525
0 -16.16 -3.11475
4.04 -15.785 -3.11475
4.04 -15.785 0.92525
8.08 -16.16 0.92525
8.08 -16.16 -3.11475
0 16.16 4.96525
4.04 15.785 4.96525
4.04 15.1377 8.73131
0 16.16 9.00525
0 20.2 9.00525
0 20.2 4.96525
4.04 14.1276 12.5007
0 16.16 13.0452
0 20.2 13.0452
8.08 16.16 9.00525
8.08 16.16 13.0452
8.08 20.2 9.00525
8.08 20.2 13.0452
8.08 16.16 4.96525
8.08 20.2 4.96525
0 24.24 9.00525
0 24.24 4.96525
0 24.24 13.0452
4.03369 23.1253 13.9314
4.04 24.24 13.0452
4.03831 25.1125 9.53194
8.08 24.24 13.0452
8.08 24.24 9.00525
8.08 24.24 4.96525
0 16.16 -3.11475
4.04 15.785 -3.11475
4.04 15.785 0.92525
0 16.16 0.92525
0 20.2 0.92525
0 20.2 -3.11475
4.04 20.2 -3.11475
8.08 16.16 0.92525
8.08 20.2 0.92525
8.08 16.16 -3.11475
8.08 20.2 -3.11475
0 24.24 0.92525
8.08 24.24 0.92525
0 28.28 9.00525
0 28.28 4.96525
4.04 28.28 9.00525
4.04023 28.3843 5.06126
8.08 28.28 9.00525
8.08 28.28 4.96525
0 28.28 0.92525
4.035 30.251 3.23654
8.08 28.28 0.92525
0 32.32 0.92525
0 32.32 -3.11475
4.04001 32.3335 0.929203
4.04 32.32 -3.11475
8.08 32.32 0.92525
8.08 32.32 -3.11475
-8.08 -20.2 25.1653
-4.04 -20.2 25.1653
-4.04 -20.2 29.2052
-8.08 -20.2 29.2052
-8.08 -16.16 29.2052
-8.08 -16.16 25.1653
-4.04085 -17.4398 30.784
-4.04135 -18.638 23.5542
0 -20.2 25.1653
0 -20.2 29.2052
-0.000853033 -17.4409 30.7853
0 -18.6035 23.5053
0 -20.2 21.1253
4.04 -21.0716 21.3588
4.04 -20.2 25.1653
0 -16.16 21.1253
4.04 -20.2 29.2052
4.04091 -17.4975 30.7391
8.08 -20.2 25.1653
8.08 -20.2 29.2052
8.08 -16.16 29.2052
8.08 -16.16 25.1653
8.08 -20.2 21.1253
8.08 -16.16 21.1253
4.04 -22.0816 17.5894
0 -20.2 17.0852
0 -16.16 17.0852
8.08 -20.2 17.0852
8.08 -16.16 17.0852
-8.08 -16.16 21.1253
-4.04 -16.16 21.1253
-8.08 -12.12 25.1653
-8.08 -12.12 21.1253
-4.04 -12.12 21
-8.08 -12.12 29.2052
0 -12.12 32
-4.04 -12.12 32
0 -12.12 21
-8.08 -8.08 25.1653
-8.08 -8.08 21.1253
-4.04 -8.08 21
-8.08 -8.08 29.2052
2 -8.08 29.2052
-4.04 -8.08 32
0 -8.08 21
4.0369 -10.7833 30.9551
8.08 -12.12 25.1653
8.08 -12.12 29.2052
8.08 -12.12 21.1253
4.04 -11.2501 20.5725
4.04 -8.08 21.1253
2 -8.08 25.1653
4.04 -8.08 25.1653
4.04 -8.08 29.2052
8.08 -8.08 29.2052
8.08 -8.08 25.1653
8.08 -8.08 21.1253
0 -12.12 17.0852
0 -12.12 13.0452
4.04 -12.12 13.0452
4.04 -12.12 17.0852
8.08 -12.12 17.0852
8.08 -12.12 13.0452
-8.08 -4.04 25.1653
-8.08 -4.04 21.1253
-4.04 -4.04 21
-8.08 -4.04 29.2052
2 -4.04 25.1653
2 -4.04 29.2052
0 -4.04 21
-8.08 0 25.1653
-8.08 0 21.1253
-4.04 0 21
-8.08 0 29.2052
2 0 25.1653
2 0 29.2052
0 0 21
-8.08 4.04 25.1653
-8.08 4.04 21.1253
-4.04 4.04 21
-8.08 4.04 29.2052
2 4.04 25.1653
2 4.04 29.2052
0 4.04 21
-8.08 8.08 25.1653
-8.08 8.08 21.1253
-4.04 8.08 21
-8.08 8.08 29.2052
2 8.08 25.1653
2 8.08 29.2052
0 8.08 21
-8.08 12.12 25.1653
-8.08 12.12 21.1253
-4.04 12.12 21
-8.08 12.12 29.2052
-4.04 8.08 32
0 12.12 32
-4.04 12.12 32
0 12.12 21
-8.08 16.16 25.1653
-8.08 16.16 21.1253
-4.04 16.16 21.1253
-4.04135 18.638 23.5542
-8.08 16.16 29.2052
-0.000853033 17.4409 30.7853
-4.04085 17.4398 30.784
0 16.16 21.1253
0 18.6035 23.5053
4.04 8.08 21.1253
4.04 8.08 25.1653
4.04 11.2501 20.5725
4.04 8.08 29.2052
4.0369 10.7833 30.9551
8.08 8.08 25.1653
8.08 8.08 29.2052
8.08 12.12 29.2052
8.08 12.12 25.1653
8.08 8.08 21.1253
8.08 12.12 21.1253
4.04091 17.4975 30.7391
8.08 16.16 25.1653
8.08 16.16 29.2052
8.08 16.16 21.1253
0 12.12 13.0452
4.04 12.12 13.0452
4.04 12.12 17.0852
0 12.12 17.0852
0 16.16 17.0852
8.08 12.12 17.0852
8.08 16.16 17.0852
8.08 12.12 13.0452
-8.08 20.2 29.2052
-8.08 20.2 25.1653
-4.04 20.2 29.2052
-4.04 20.2 25.1653
0 20.2 29.2052
0 20.2 25.1653
0 20.2 21.1253
4.04 20.2 25.1653
4.04 21.0716 21.3588
4.04 20.2 29.2052
8.08 20.2 29.2052
8.08 20.2 25.1653
8.08 20.2 21.1253
0 20.2 17.0852
4.04 22.0816 17.5894
8.08 20.2 17.0852
-4.04 -16.16 33.2452
-8.08 -16.16 33.2452
-8.08 -12.12 33.2452
-4.04 -12.12 33.2452
-8.08 -8.08 33.2452
-4.04 -8.08 33.2452
8.08 -16.16 33.2452
4.04 -16.16 33.2452
4.04 -12.12 33.2452
8.08 -12.12 33.2452
-8.08 -4.04 33.2452
-4.04 -8.08 37.2852
-8.08 -8.08 37.2852
-8.08 -4.04 37.2852
-4.04 -4.04 37.2852
-4.03999 -3.57644 33.9917
0 -8.08 33.2452
0 -8.08 37.2852
0 -4.04 37.2852
-5.21133e-06 -3.57632 33.9916
-8.08 0 33.2452
-4.04 0 33.2452
0 0 33.2452
-8.08 -8.08 41.3252
-4.04 -8.5 41.3252
-4.04 -8.5 45.3653
-8.08 -8.08 45.3653
-8.08 -4.04 45.3653
-8.08 -4.04 41.3252
-4.04 -4.04 41.3252
-4.04 -4.04 45.3653
0 -8.5 41.3252
0 -8.5 45.3653
0 -4.04 45.3653
0 -4.04 41.3252
-8.08 4.04 33.2452
-4.04 3.57633 33.9916
-3.24717e-06 3.57632 33.9916
-8.08 8.08 33.2452
-4.04 4.04 37.2852
-8.08 4.04 37.2852
-8.08 8.08 37.2852
-4.04 8.08 37.2852
-4.04 8.08 33.2452
0 4.04 37.2852
0 8.08 37.2852
0 8.08 33.2452
-8.08 4.04 41.3252
-4.04 4.04 41.3252
-4.04 4.04 45.3653
-8.08 4.04 45.3653
-8.08 8.08 45.3653
-8.08 8.08 41.3252
-4.04 8.5 41.3252
-4.04 8.5 45.3653
0 4.04 41.3252
0 4.04 45.3653
0 8.5 45.3653
0 8.5 41.3252
-8.08 12.12 33.2452
-4.04 12.12 33.2452
-8.08 16.16 33.2452
-4.04 16.16 33.2452
8.08 12.12 33.2452
4.04 12.12 33.2452
4.04 16.16 33.2452
8.08 16.16 33.2452
-4.04 -8.08 49.4053
-8.08 -8.08 49.4053
-8.08 -4.04 49.4053
-4.04 -4.04 49.4053
-4.08889 -8.08 53.6276
-8.08 -8.08 53.4453
-8.08 -4.04 53.4453
-4.08889 -4.04 53.6276
-0.318575 -8.07981 49.3467
0 -8.08 53.4453
0 -4.04 53.4453
-0.31625 -4.03981 49.3471
-8.08 0 49.4053
-8.08 0 45.3653
-4.04 0 45.3653
-4.04 0 49.4053
-8.08 0 53.4453
-4.04 0 53.4453
0 0 53.4453
0 0 49.4053
4.04 -8.08 45.3653
4.04 -8.08 49.4053
4.04 -4.04 49.4053
4.04 -4.04 45.3653
0 0 45.3653
4.04 0 49.4053
4.04 0 45.3653
-8.08 4.04 49.4053
-8.08 4.04 53.4453
-4.08889 4.04 53.6276
0 4.04 53.4453
-0.953499 4.0404 49.1978
-4.04 4.04 49.4053
-8.08 8.08 49.4053
-4.04 8.08 49.4053
-8.08 8.08 53.4453
-4.08889 8.08 53.6276
0 8.08 53.4453
0 8.5 49.4053
4.04 4.04 49.4053
4.04 4.04 45.3653
4.04 8.08 49.4053
4.04 8.08 45.3653

4 0 1 2 3  0.217 0.92 0.92 
4 0 3 4 5  0.217 0.92 0.92 
4 1 0 5 6  0.217 0.92 0.92 
4 5 4 7 6  0.217 0.92 0.92 
4 1 8 9 2  0.217 0.92 0.92 
4 9 8 10 11  0.217 0.92 0.92 
4 8 1 6 10  0.217 0.92 0.92 
4 6 7 11 10  0.217 0.92 0.92 
4 12 13 14 15  0.217 0.92 0.92 
4 12 15 16 17  0.217 0.92 0.92 
4 15 14 18 16  0.217 0.92 0.92 
4 13 12 17 19  0.217 0.92 0.92 
4 17 16 18 19  0.217 0.92 0.92 
4 13 20 21 14  0.217 0.92 0.92 
4 14 21 22 18  0.217 0.92 0.92 
4 21 20 23 22  0.217 0.92 0.92 
4 20 13 19 23  0.217 0.92 0.92 
4 19 18 22 23  0.217 0.92 0.92 
4 24 25 26 27  0.217 0.92 0.92 
4 24 27 28 29  0.217 0.92 0.92 
4 27 26 30 28  0.217 0.92 0.92 
4 25 24 29 31  0.217 0.92 0.92 
4 29 28 30 31  0.217 0.92 0.92 
4 25 32 33 26  0.217 0.92 0.92 
4 26 33 34 30  0.217 0.92 0.92 
4 33 32 35 34  0.217 0.92 0.92 
4 32 25 31 35  0.217 0.92 0.92 
4 31 30 34 35  0.217 0.92 0.92 
4 36 37 38 39  0.217 0.92 0.92 
4 36 39 40 41  0.217 0.92 0.92 
4 37 36 41 42  0.217 0.92 0.92 
4 41 40 43 42  0.217 0.92 0.92 
4 37 44 45 38  0.217 0.92 0.92 
4 45 44 46 47  0.217 0.92 0.92 
4 44 37 42 46  0.217 0.92 0.92 
4 42 43 47 46  0.217 0.92 0.92 
4 48 49 50 51  0.217 0.92 0.92 
4 48 51 52 53  0.217 0.92 0.92 
4 51 50 54 52  0.217 0.92 0.92 
4 49 55 56 50  0.217 0.92 0.92 
4 50 56 57 54  0.217 0.92 0.92 
4 56 55 58 57  0.217 0.92 0.92 
4 59 60 61 62  0.217 0.92 0.92 
4 59 62 63 3  0.217 0.92 0.92 
4 62 61 64 63  0.217 0.92 0.92 
4 60 59 3 2  0.217 0.92 0.92 
4 60 65 66 61  0.217 0.92 0.92 
4 61 66 67 64  0.217 0.92 0.92 
4 66 65 9 67  0.217 0.92 0.92 
4 65 60 2 9  0.217 0.92 0.92 
4 3 63 68 4  0.217 0.92 0.92 
4 63 64 49 48  0.217 0.92 0.92 
4 63 48 53 68  0.217 0.92 0.92 
4 64 67 55 49  0.217 0.92 0.92 
4 55 67 69 58  0.217 0.92 0.92 
4 67 9 11 69  0.217 0.92 0.92 
4 53 52 70 71  0.217 0.92 0.92 
4 52 54 72 73  0.217 0.92 0.92 
4 52 73 74 70  0.217 0.92 0.92 
4 73 72 75 74  0.217 0.92 0.92 
4 54 57 76 72  0.217 0.92 0.92 
4 72 76 77 75  0.217 0.92 0.92 
4 76 57 78 77  0.217 0.92 0.92 
4 57 58 79 78  0.217 0.92 0.92 
4 71 70 80 81  0.217 0.92 0.92 
4 81 80 82 83  0.217 0.92 0.92 
4 70 74 84 80  0.217 0.92 0.92 
4 80 84 85 82  0.217 0.92 0.92 
4 77 78 86 87  0.217 0.92 0.92 
4 82 85 87 86  0.217 0.92 0.92 
4 78 79 88 86  0.217 0.92 0.92 
4 83 82 86 88  0.217 0.92 0.92 
4 4 68 89 90  0.217 0.92 0.92 
4 7 4 90 91  0.217 0.92 0.92 
4 68 53 71 89  0.217 0.92 0.92 
4 58 69 92 79  0.217 0.92 0.92 
4 69 11 93 92  0.217 0.92 0.92 
4 11 7 91 93  0.217 0.92 0.92 
4 90 89 94 95  0.217 0.92 0.92 
4 91 90 95 96  0.217 0.92 0.92 
4 95 94 97 96  0.217 0.92 0.92 
4 89 71 81 94  0.217 0.92 0.92 
4 94 81 83 97  0.217 0.92 0.92 
4 79 92 98 88  0.217 0.92 0.92 
4 97 83 88 98  0.217 0.92 0.92 
4 92 93 99 98  0.217 0.92 0.92 
4 93 91 96 99  0.217 0.92 0.92 
4 96 97 98 99  0.217 0.92 0.92 
4 100 101 102 103  0.217 0.92 0.92 
4 100 103 104 105  0.217 0.92 0.92 
4 103 102 106 107  0.217 0.92 0.92 
4 103 107 108 104  0.217 0.92 0.92 
4 102 109 110 106  0.217 0.92 0.92 
4 110 109 111 112  0.217 0.92 0.92 
4 101 113 109 102  0.217 0.92 0.92 
4 109 113 114 111  0.217 0.92 0.92 
4 105 104 115 116  0.217 0.92 0.92 
4 104 108 117 115  0.217 0.92 0.92 
4 108 118 119 117  0.217 0.92 0.92 
4 115 117 119 120  0.217 0.92 0.92 
4 118 112 121 119  0.217 0.92 0.92 
4 112 111 122 121  0.217 0.92 0.92 
4 120 119 121 122  0.217 0.92 0.92 
4 111 114 123 122  0.217 0.92 0.92 
4 124 125 126 127  0.217 0.92 0.92 
4 124 127 128 129  0.217 0.92 0.92 
4 125 124 129 130  0.217 0.92 0.92 
4 127 126 101 100  0.217 0.92 0.92 
4 127 100 105 128  0.217 0.92 0.92 
4 126 131 113 101  0.217 0.92 0.92 
4 113 131 132 114  0.217 0.92 0.92 
4 125 133 131 126  0.217 0.92 0.92 
4 131 133 134 132  0.217 0.92 0.92 
4 133 125 130 134  0.217 0.92 0.92 
4 129 128 135 39  0.217 0.92 0.92 
4 130 129 39 38  0.217 0.92 0.92 
4 128 105 116 135  0.217 0.92 0.92 
4 114 132 136 123  0.217 0.92 0.92 
4 132 134 45 136  0.217 0.92 0.92 
4 134 130 38 45  0.217 0.92 0.92 
4 116 115 137 138  0.217 0.92 0.92 
4 115 120 139 137  0.217 0.92 0.92 
4 138 137 139 140  0.217 0.92 0.92 
4 120 122 141 139  0.217 0.92 0.92 
4 122 123 142 141  0.217 0.92 0.92 
4 140 139 141 142  0.217 0.92 0.92 
4 39 135 143 40  0.217 0.92 0.92 
4 135 116 138 143  0.217 0.92 0.92 
4 143 138 140 144  0.217 0.92 0.92 
4 123 136 145 142  0.217 0.92 0.92 
4 144 140 142 145  0.217 0.92 0.92 
4 136 45 47 145  0.217 0.92 0.92 
4 40 143 146 147  0.217 0.92 0.92 
4 143 144 148 146  0.217 0.92 0.92 
4 43 40 147 149  0.217 0.92 0.92 
4 147 146 148 149  0.217 0.92 0.92 
4 144 145 150 148  0.217 0.92 0.92 
4 145 47 151 150  0.217 0.92 0.92 
4 47 43 149 151  0.217 0.92 0.92 
4 149 148 150 151  0.217 0.92 0.92 
4 152 153 154 155  0.217 0.92 0.92 
4 152 155 156 157  0.217 0.92 0.92 
4 155 154 158 156  0.217 0.92 0.92 
4 153 152 157 159  0.217 0.92 0.92 
4 153 160 161 154  0.217 0.92 0.92 
4 154 161 162 158  0.217 0.92 0.92 
4 160 153 159 163  0.217 0.92 0.92 
4 164 165 166 160  0.217 0.92 0.92 
4 164 160 163 167  0.217 0.92 0.92 
4 160 166 168 161  0.217 0.92 0.92 
4 161 168 169 162  0.217 0.92 0.92 
4 166 170 171 168  0.217 0.92 0.92 
4 168 171 172 169  0.217 0.92 0.92 
4 171 170 173 172  0.217 0.92 0.92 
4 165 174 170 166  0.217 0.92 0.92 
4 170 174 175 173  0.217 0.92 0.92 
4 74 75 176 177  0.217 0.92 0.92 
4 74 177 178 84  0.217 0.92 0.92 
4 177 176 165 164  0.217 0.92 0.92 
4 177 164 167 178  0.217 0.92 0.92 
4 176 179 174 165  0.217 0.92 0.92 
4 174 179 180 175  0.217 0.92 0.92 
4 75 77 179 176  0.217 0.92 0.92 
4 179 77 87 180  0.217 0.92 0.92 
4 181 182 159 157  0.217 0.92 0.92 
4 181 157 183 184  0.217 0.92 0.92 
4 182 181 184 185  0.217 0.92 0.92 
4 157 156 186 183  0.217 0.92 0.92 
4 158 162 187 188  0.217 0.92 0.92 
4 182 167 163 159  0.217 0.92 0.92 
4 167 182 185 189  0.217 0.92 0.92 
4 184 183 190 191  0.217 0.92 0.92 
4 185 184 191 192  0.217 0.92 0.92 
4 183 186 193 190  0.217 0.92 0.92 
4 188 187 194 195  0.217 0.92 0.92 
4 189 185 192 196  0.217 0.92 0.92 
4 162 169 197 187  0.217 0.92 0.92 
4 172 173 198 199  0.217 0.92 0.92 
4 173 175 200 198  0.217 0.92 0.92 
4 201 189 196 202  0.217 0.92 0.92 
4 196 203 204 202  0.217 0.92 0.92 
4 187 197 205 194  0.217 0.92 0.92 
4 203 194 205 204  0.217 0.92 0.92 
4 197 199 206 205  0.217 0.92 0.92 
4 199 198 207 206  0.217 0.92 0.92 
4 204 205 206 207  0.217 0.92 0.92 
4 198 200 208 207  0.217 0.92 0.92 
4 200 201 202 208  0.217 0.92 0.92 
4 202 204 207 208  0.217 0.92 0.92 
4 84 178 209 210  0.217 0.92 0.92 
4 85 84 210 211  0.217 0.92 0.92 
4 210 209 212 211  0.217 0.92 0.92 
4 178 167 189 209  0.217 0.92 0.92 
4 209 189 201 212  0.217 0.92 0.92 
4 175 180 213 200  0.217 0.92 0.92 
4 212 201 200 213  0.217 0.92 0.92 
4 180 87 214 213  0.217 0.92 0.92 
4 87 85 211 214  0.217 0.92 0.92 
4 211 212 213 214  0.217 0.92 0.92 
4 191 190 215 216  0.217 0.92 0.92 
4 192 191 216 217  0.217 0.92 0.92 
4 190 193 218 215  0.217 0.92 0.92 
4 194 203 219 220  0.217 0.92 0.92 
4 203 196 221 219  0.217 0.92 0.92 
4 196 192 217 221  0.217 0.92 0.92 
4 216 215 222 223  0.217 0.92 0.92 
4 217 216 223 224  0.217 0.92 0.92 
4 215 218 225 222  0.217 0.92 0.92 
4 220 219 226 227  0.217 0.92 0.92 
4 219 221 228 226  0.217 0.92 0.92 
4 221 217 224 228  0.217 0.92 0.92 
4 223 222 229 230  0.217 0.92 0.92 
4 224 223 230 231  0.217 0.92 0.92 
4 222 225 232 229  0.217 0.92 0.92 
4 227 226 233 234  0.217 0.92 0.92 
4 226 228 235 233  0.217 0.92 0.92 
4 228 224 231 235  0.217 0.92 0.92 
4 230 229 236 237  0.217 0.92 0.92 
4 231 230 237 238  0.217 0.92 0.92 
4 229 232 239 236  0.217 0.92 0.92 
4 234 233 240 241  0.217 0.92 0.92 
4 233 235 242 240  0.217 0.92 0.92 
4 235 231 238 242  0.217 0.92 0.92 
4 237 236 243 244  0.217 0.92 0.92 
4 238 237 244 245  0.217 0.92 0.92 
4 236 239 246 243  0.217 0.92 0.92 
4 247 241 248 249  0.217 0.92 0.92 
4 242 238 245 250  0.217 0.92 0.92 
4 244 243 251 252  0.217 0.92 0.92 
4 245 244 252 253  0.217 0.92 0.92 
4 252 251 254 253  0.217 0.92 0.92 
4 243 246 255 251  0.217 0.92 0.92 
4 249 248 256 257  0.217 0.92 0.92 
4 250 245 253 258  0.217 0.92 0.92 
4 253 254 259 258  0.217 0.92 0.92 
4 242 260 261 240  0.217 0.92 0.92 
4 260 242 250 262  0.217 0.92 0.92 
4 240 261 263 241  0.217 0.92 0.92 
4 241 263 264 248  0.217 0.92 0.92 
4 261 265 266 263  0.217 0.92 0.92 
4 263 266 267 264  0.217 0.92 0.92 
4 266 265 268 267  0.217 0.92 0.92 
4 260 269 265 261  0.217 0.92 0.92 
4 265 269 270 268  0.217 0.92 0.92 
4 269 260 262 270  0.217 0.92 0.92 
4 248 264 271 256  0.217 0.92 0.92 
4 267 268 272 273  0.217 0.92 0.92 
4 268 270 274 272  0.217 0.92 0.92 
4 275 276 277 278  0.217 0.92 0.92 
4 275 278 279 107  0.217 0.92 0.92 
4 276 275 107 106  0.217 0.92 0.92 
4 278 277 262 250  0.217 0.92 0.92 
4 278 250 258 279  0.217 0.92 0.92 
4 277 280 270 262  0.217 0.92 0.92 
4 270 280 281 274  0.217 0.92 0.92 
4 276 282 280 277  0.217 0.92 0.92 
4 280 282 110 281  0.217 0.92 0.92 
4 282 276 106 110  0.217 0.92 0.92 
4 251 255 283 284  0.217 0.92 0.92 
4 255 257 285 283  0.217 0.92 0.92 
4 254 251 284 286  0.217 0.92 0.92 
4 284 283 285 286  0.217 0.92 0.92 
4 257 256 287 285  0.217 0.92 0.92 
4 259 254 286 288  0.217 0.92 0.92 
4 286 285 287 288  0.217 0.92 0.92 
4 258 259 288 289  0.217 0.92 0.92 
4 289 288 290 291  0.217 0.92 0.92 
4 256 271 292 287  0.217 0.92 0.92 
4 288 287 292 290  0.217 0.92 0.92 
4 271 273 293 292  0.217 0.92 0.92 
4 273 272 294 293  0.217 0.92 0.92 
4 290 292 293 294  0.217 0.92 0.92 
4 272 274 295 294  0.217 0.92 0.92 
4 291 290 294 295  0.217 0.92 0.92 
4 107 279 296 108  0.217 0.92 0.92 
4 108 296 297 118  0.217 0.92 0.92 
4 279 258 289 296  0.217 0.92 0.92 
4 296 289 291 297  0.217 0.92 0.92 
4 274 281 298 295  0.217 0.92 0.92 
4 297 291 295 298  0.217 0.92 0.92 
4 281 110 112 298  0.217 0.92 0.92 
4 118 297 298 112  0.217 0.92 0.92 
4 156 158 299 300  0.217 0.92 0.92 
4 156 300 301 186  0.217 0.92 0.92 
4 300 299 302 301  0.217 0.92 0.92 
4 299 158 188 302  0.217 0.92 0.92 
4 186 301 303 193  0.217 0.92 0.92 
4 301 302 304 303  0.217 0.92 0.92 
4 302 188 195 304  0.217 0.92 0.92 
4 169 172 305 306  0.217 0.92 0.92 
4 169 306 307 197  0.217 0.92 0.92 
4 306 305 308 307  0.217 0.92 0.92 
4 305 172 199 308  0.217 0.92 0.92 
4 197 307 308 199  0.217 0.92 0.92 
4 193 303 309 218  0.217 0.92 0.92 
4 303 304 310 311  0.217 0.92 0.92 
4 303 311 312 309  0.217 0.92 0.92 
4 311 310 313 312  0.217 0.92 0.92 
4 309 312 313 314  0.217 0.92 0.92 
4 304 315 316 310  0.217 0.92 0.92 
4 310 316 317 313  0.217 0.92 0.92 
4 316 315 318 317  0.217 0.92 0.92 
4 314 313 317 318  0.217 0.92 0.92 
4 195 194 315 304  0.217 0.92 0.92 
4 315 194 220 318  0.217 0.92 0.92 
4 218 309 319 225  0.217 0.92 0.92 
4 309 314 320 319  0.217 0.92 0.92 
4 314 318 321 320  0.217 0.92 0.92 
4 318 220 227 321  0.217 0.92 0.92 
4 322 323 324 325  0.217 0.92 0.92 
4 322 325 326 327  0.217 0.92 0.92 
4 323 322 327 328  0.217 0.92 0.92 
4 327 326 329 328  0.217 0.92 0.92 
4 323 330 331 324  0.217 0.92 0.92 
4 324 331 332 329  0.217 0.92 0.92 
4 331 330 333 332  0.217 0.92 0.92 
4 330 323 328 333  0.217 0.92 0.92 
4 328 329 332 333  0.217 0.92 0.92 
4 225 319 334 232  0.217 0.92 0.92 
4 319 320 335 334  0.217 0.92 0.92 
4 320 321 336 335  0.217 0.92 0.92 
4 321 227 234 336  0.217 0.92 0.92 
4 232 334 337 239  0.217 0.92 0.92 
4 334 335 338 339  0.217 0.92 0.92 
4 334 339 340 337  0.217 0.92 0.92 
4 339 338 341 340  0.217 0.92 0.92 
4 337 340 341 342  0.217 0.92 0.92 
4 335 336 343 338  0.217 0.92 0.92 
4 338 343 344 341  0.217 0.92 0.92 
4 343 336 345 344  0.217 0.92 0.92 
4 342 341 344 345  0.217 0.92 0.92 
4 336 234 241 345  0.217 0.92 0.92 
4 247 342 345 241  0.217 0.92 0.92 
4 346 347 348 349  0.217 0.92 0.92 
4 346 349 350 351  0.217 0.92 0.92 
4 347 346 351 352  0.217 0.92 0.92 
4 351 350 353 352  0.217 0.92 0.92 
4 347 354 355 348  0.217 0.92 0.92 
4 348 355 356 353  0.217 0.92 0.92 
4 355 354 357 356  0.217 0.92 0.92 
4 354 347 352 357  0.217 0.92 0.92 
4 352 353 356 357  0.217 0.92 0.92 
4 239 337 358 246  0.217 0.92 0.92 
4 337 342 359 358  0.217 0.92 0.92 
4 342 247 249 359  0.217 0.92 0.92 
4 246 358 360 255  0.217 0.92 0.92 
4 358 359 361 360  0.217 0.92 0.92 
4 359 249 257 361  0.217 0.92 0.92 
4 255 360 361 257  0.217 0.92 0.92 
4 264 267 362 363  0.217 0.92 0.92 
4 264 363 364 271  0.217 0.92 0.92 
4 363 362 365 364  0.217 0.92 0.92 
4 362 267 273 365  0.217 0.92 0.92 
4 271 364 365 273  0.217 0.92 0.92 
4 325 324 366 367  0.217 0.92 0.92 
4 325 367 368 326  0.217 0.92 0.92 
4 366 324 329 369  0.217 0.92 0.92 
4 367 366 370 371  0.217 0.92 0.92 
4 367 371 372 368  0.217 0.92 0.92 
4 371 370 373 372  0.217 0.92 0.92 
4 366 374 375 370  0.217 0.92 0.92 
4 370 375 376 373  0.217 0.92 0.92 
4 375 374 377 376  0.217 0.92 0.92 
4 374 366 369 377  0.217 0.92 0.92 
4 326 368 378 379  0.217 0.92 0.92 
4 369 329 380 381  0.217 0.92 0.92 
4 329 326 379 380  0.217 0.92 0.92 
4 368 372 382 378  0.217 0.92 0.92 
4 372 373 383 382  0.217 0.92 0.92 
4 373 376 384 383  0.217 0.92 0.92 
4 376 377 385 384  0.217 0.92 0.92 
4 377 369 381 385  0.217 0.92 0.92 
4 331 386 387 374  0.217 0.92 0.92 
4 331 374 377 332  0.217 0.92 0.92 
4 374 387 388 377  0.217 0.92 0.92 
4 387 386 389 388  0.217 0.92 0.92 
4 386 331 332 389  0.217 0.92 0.92 
4 332 377 385 390  0.217 0.92 0.92 
4 377 388 391 385  0.217 0.92 0.92 
4 388 389 392 391  0.217 0.92 0.92 
4 389 332 390 392  0.217 0.92 0.92 
4 379 378 393 349  0.217 0.92 0.92 
4 380 379 349 348  0.217 0.92 0.92 
4 378 382 394 393  0.217 0.92 0.92 
4 382 383 395 394  0.217 0.92 0.92 
4 383 384 396 395  0.217 0.92 0.92 
4 384 385 397 396  0.217 0.92 0.92 
4 380 390 385 381  0.217 0.92 0.92 
4 390 380 348 355  0.217 0.92 0.92 
4 348 398 397 355  0.217 0.92 0.92 
4 349 393 399 350  0.217 0.92 0.92 
4 398 348 353 400  0.217 0.92 0.92 
4 350 399 400 353  0.217 0.92 0.92 
4 393 394 401 399  0.217 0.92 0.92 
4 394 395 402 401  0.217 0.92 0.92 
4 399 401 402 400  0.217 0.92 0.92 
4 395 396 403 402  0.217 0.92 0.92 
4 396 397 404 403  0.217 0.92 0.92 
4 397 398 400 404  0.217 0.92 0.92 
4 400 402 403 404  0.217 0.92 0.92 
4 385 391 405 397  0.217 0.92 0.92 
4 391 392 406 405  0.217 0.92 0.92 
4 392 390 355 406  0.217 0.92 0.92 
4 355 397 404 356  0.217 0.92 0.92 
4 397 405 407 404  0.217 0.92 0.92 
4 405 406 408 407  0.217 0.92 0.92 
4 406 355 356 408  0.217 0.92 0.92 
4 356 404 407 408  0.217 0.92 0.92 
