OFF
452 456 0

0 -28.28 -11.1948
4.04 -28.28 -11.1948
4.04 -28.28 -7.15475
0 -28.28 -7.15475
0 -24.24 -7.15475
0 -24.24 -11.1948
4.04 -24.24 -11.1948
4.04 -29.6072 -4.3472
0 -28.28 -3.11475
0 -24.24 -3.11475
4.04 -23.2599 -4.0251
4.04 -24.2166 -7.1501
8.08 -28.28 -7.15475
8.08 -28.28 -3.11475
8.08 -24.24 -7.15475
8.08 -24.24 -3.11475
8.08 -28.28 -11.1948
8.08 -24.24 -11.1948
0 -20.2 -7.15475
0 -20.2 -11.1948
4.04 -20.2 -7.15475
4.03984 -20.1728 -11.4583
8.08 -20.2 -7.15475
8.08 -20.2 -11.1948
0 -16.16 -7.15475
0 -16.16 -11.1948
4.04 -16.16 -11.1948
4.03989 -15.8404 -7.20731
4.04 -20.2 -3.11475
0 -20.2 -3.11475
0 -16.16 -3.11475
4.04 -15.785 -3.11475
8.08 -20.2 -3.11475
8.08 -16.16 -7.15475
8.08 -16.16 -3.11475
8.08 -16.16 -11.1948
0 16.16 -11.1948
4.04 16.16 -11.1948
4.03989 15.8404 -7.20731
0 16.16 -7.15475
0 20.2 -7.15475
0 20.2 -11.1948
4.03984 20.1728 -11.4583
4.04 15.785 -3.11475
0 16.16 -3.11475
0 20.2 -3.11475
4.04 20.2 -3.11475
4.04 20.2 -7.15475
8.08 16.16 -7.15475
8.08 16.16 -3.11475
8.08 20.2 -7.15475
8.08 20.2 -3.11475
8.08 16.16 -11.1948
8.08 20.2 -11.1948
0 24.24 -7.15475
0 24.24 -11.1948
4.04 24.2166 -7.15008
4.04 24.24 -11.1948
8.08 24.24 -7.15475
8.08 24.24 -11.1948
0 28.28 -7.15475
0 28.28 -11.1948
4.04 28.28 -11.1948
4.04 28.28 -7.15475
4.04 23.2599 -4.0251
0 24.24 -3.11475
0 28.28 -3.11475
4.04 29.6072 -4.3472
8.08 24.24 -3.11475
8.08 28.28 -7.15475
8.08 28.28 -3.11475
8.08 28.28 -11.1948
0 -28.28 4.96525
4.04023 -28.3843 5.06126
4.04 -28.28 9.00525
0 -28.28 9.00525
0 -24.24 9.00525
0 -24.24 4.96525
4.03788 -25.1098 9.54025
8.08 -28.28 4.96525
8.08 -28.28 9.00525
8.08 -24.24 9.00525
8.08 -24.24 4.96525
0 -32.32 -3.11475
4.04 -32.32 -3.11475
4.04001 -32.3335 0.929203
0 -32.32 0.92525
0 -28.28 0.92525
4.04 -32.32 4.96525
0 -32.32 4.96525
8.08 -32.32 0.92525
8.08 -32.32 4.96525
8.08 -28.28 0.92525
8.08 -32.32 -3.11475
0 -24.24 0.92525
8.08 -24.24 0.92525
0 -20.2 9.00525
0 -20.2 4.96525
4.04 -24.24 13.0452
0 -24.24 13.0452
0 -20.2 13.0452
4.03496 -23.1165 13.9548
8.08 -24.24 13.0452
8.08 -20.2 13.0452
8.08 -20.2 9.00525
8.08 -20.2 4.96525
0 -16.16 9.00525
0 -16.16 4.96525
4.04 -15.1377 8.73131
4.04 -15.785 4.96525
0 -16.16 13.0452
4.04 -14.1276 12.5007
8.08 -16.16 9.00525
8.08 -16.16 13.0452
8.08 -16.16 4.96525
0 -20.2 0.92525
8.08 -20.2 0.92525
0 -16.16 0.92525
4.04 -15.785 0.92525
8.08 -16.16 0.92525
0 16.16 4.96525
4.04 15.785 4.96525
4.04 15.1377 8.73131
0 16.16 9.00525
0 20.2 9.00525
0 20.2 4.96525
4.04 14.1276 12.5007
0 16.16 13.0452
0 20.2 13.0452
8.08 16.16 9.00525
8.08 16.16 13.0452
8.08 20.2 9.00525
8.08 20.2 13.0452
8.08 16.16 4.96525
8.08 20.2 4.96525
0 24.24 9.00525
0 24.24 4.96525
0 24.24 13.0452
4.03369 23.1253 13.9314
4.04 24.24 13.0452
4.03831 25.1125 9.53194
8.08 24.24 13.0452
8.08 24.24 9.00525
8.08 24.24 4.96525
4.04 15.785 0.92525
0 16.16 0.92525
0 20.2 0.92525
8.08 16.16 0.92525
8.08 20.2 0.92525
0 24.24 0.92525
8.08 24.24 0.92525
0 28.28 9.00525
0 28.28 4.96525
4.04 28.28 9.00525
4.04023 28.3843 5.06126
8.08 28.28 9.00525
8.08 28.28 4.96525
0 28.28 0.92525
8.08 28.28 0.92525
0 32.32 0.92525
0 32.32 -3.11475
4.04 32.32 -3.11475
4.04001 32.3335 0.929203
0 32.32 4.96525
4.04 32.32 4.96525
8.08 32.32 4.96525
8.08 32.32 0.92525
8.08 32.32 -3.11475
-8.08 -20.2 25.1653
-4.04 -20.2 25.1653
-4.04 -20.2 29.2052
-8.08 -20.2 29.2052
-8.08 -16.16 29.2052
-8.08 -16.16 25.1653
-4.04085 -17.4398 30.784
-4.04135 -18.638 23.5542
0 -20.2 25.1653
0 -20.2 29.2052
-0.000853033 -17.4409 30.7853
0 -18.6035 23.5053
0 -20.2 21.1253
4.04 -21.0716 21.3588
4.04 -20.2 25.1653
0 -16.16 21.1253
4.04 -20.2 29.2052
4.04091 -17.4975 30.7391
8.08 -20.2 25.1653
8.08 -20.2 29.2052
8.08 -16.16 29.2052
8.08 -16.16 25.1653
8.08 -20.2 21.1253
8.08 -16.16 21.1253
4.04 -22.0816 17.5894
0 -20.2 17.0852
0 -16.16 17.0852
8.08 -20.2 17.0852
8.08 -16.16 17.0852
-8.08 -16.16 21.1253
-4.04 -16.16 21.1253
-8.08 -12.12 25.1653
-8.08 -12.12 21.1253
-4.04 -12.12 21
-8.08 -12.12 29.2052
0 -12.12 21
-8.08 -8.08 25.1653
-8.08 -8.08 21.1253
-4.04 -8.08 21
-8.08 -8.08 29.2052
0 -8.08 21
8.08 -12.12 25.1653
8.08 -12.12 29.2052
8.08 -12.12 21.1253
2 -8.08 25.1653
2 -8.08 29.2052
4.04 -8.08 29.2052
4.04 -8.08 25.1653
4.0369 -10.7833 30.9551
8.08 -8.08 29.2052
8.08 -8.08 25.1653
8.08 -8.08 21.1253
4.04 -11.2501 20.5725
4.04 -8.08 21.1253
0 -12.12 17.0852
0 -12.12 13.0452
4.04 -12.12 13.0452
4.04 -12.12 17.0852
8.08 -12.12 17.0852
8.08 -12.12 13.0452
0 -8.08 17.0852
4.04 -8.08 17.0852
-8.08 -4.04 25.1653
-8.08 -4.04 21.1253
-4.04 -4.04 21
-8.08 -4.04 29.2052
2 -4.04 25.1653
2 -4.04 29.2052
0 -4.04 21
-8.08 0 25.1653
-8.08 0 21.1253
-4.04 0 21
-8.08 0 29.2052
2 0 25.1653
2 0 29.2052
0 0 21
4.04 -4.04 25.1653
4.04 -4.04 21.1253
4.04 0 25.1653
4.04 0 21.1253
-8.08 4.04 25.1653
-8.08 4.04 21.1253
-4.04 4.04 21
-8.08 4.04 29.2052
2 4.04 25.1653
2 4.04 29.2052
0 4.04 21
-8.08 8.08 25.1653
-8.08 8.08 21.1253
-4.04 8.08 21
-8.08 8.08 29.2052
2 8.08 25.1653
2 8.08 29.2052
0 8.08 21
4.04 4.04 25.1653
4.04 4.04 21.1253
4.04 8.08 25.1653
4.04 8.08 21.1253
-8.08 12.12 25.1653
-8.08 12.12 21.1253
-4.04 12.12 21
-8.08 12.12 29.2052
0 12.12 21
-8.08 16.16 25.1653
-8.08 16.16 21.1253
-4.04 16.16 21.1253
-4.04135 18.638 23.5542
-8.08 16.16 29.2052
0 16.16 21.1253
0 18.6035 23.5053
4.04 8.08 29.2052
8.08 8.08 25.1653
8.08 8.08 29.2052
8.08 12.12 29.2052
4.0369 10.7833 30.9551
8.08 12.12 25.1653
8.08 8.08 21.1253
8.08 12.12 21.1253
4.04 11.2501 20.5725
8.08 16.16 25.1653
8.08 16.16 29.2052
8.08 16.16 21.1253
0 8.08 17.0852
4.04 8.08 17.0852
0 12.12 17.0852
4.04 12.12 17.0852
0 12.12 13.0452
4.04 12.12 13.0452
0 16.16 17.0852
8.08 12.12 17.0852
8.08 16.16 17.0852
8.08 12.12 13.0452
-8.08 20.2 29.2052
-8.08 20.2 25.1653
-4.04085 17.4398 30.784
-4.04 20.2 29.2052
-4.04 20.2 25.1653
-0.000853033 17.4409 30.7853
0 20.2 29.2052
0 20.2 25.1653
0 20.2 21.1253
4.04 20.2 25.1653
4.04 21.0716 21.3588
4.04091 17.4975 30.7391
4.04 20.2 29.2052
8.08 20.2 29.2052
8.08 20.2 25.1653
8.08 20.2 21.1253
0 20.2 17.0852
4.04 22.0816 17.5894
8.08 20.2 17.0852
-4.04 -16.16 33.2452
-8.08 -16.16 33.2452
-8.08 -12.12 33.2452
-4.04 -12.12 33.2452
0 -16.16 33.2452
0 -12.12 33.2452
-8.08 -8.08 33.2452
-4.04 -8.08 33.2452
0 -8.08 33.2452
4.04 -16.16 33.2452
4.04 -12.12 33.2452
8.08 -16.16 33.2452
8.08 -12.12 33.2452
4.04 -8.08 33.2452
-8.08 -4.04 33.2452
-4.04 -8.08 37.2852
-8.08 -8.08 37.2852
-8.08 -4.04 37.2852
-4.04 -4.04 37.2852
-4.03999 -3.57644 33.9917
0 -8.08 37.2852
0 -4.04 37.2852
-5.21133e-06 -3.57632 33.9916
-8.08 0 33.2452
-4.04 0 33.2452
0 0 33.2452
-4.04 -8.5 41.3252
-8.08 -8.08 41.3252
-8.08 -4.04 41.3252
-4.04 -4.04 41.3252
-4.04 -8.5 45.3653
-8.08 -8.08 45.3653
-8.08 -4.04 45.3653
-4.04 -4.04 45.3653
0 -8.5 41.3252
0 -8.5 45.3653
0 -4.04 45.3653
0 -4.04 41.3252
4.04 -8.08 37.2852
4.04 -8.08 41.3252
4.04 -4.04 37.2852
4.04 -4.04 41.3252
4.04 -8.08 45.3653
4.04 -4.04 45.3653
4.04 -4.04 29.2052
4.04 -4.04 33.2452
4.04 0 33.2452
4.04 0 29.2052
-8.08 4.04 33.2452
-4.04 3.57633 33.9916
-3.24717e-06 3.57632 33.9916
-8.08 8.08 33.2452
-4.04 4.04 37.2852
-8.08 4.04 37.2852
-8.08 8.08 37.2852
-4.04 8.08 37.2852
-4.04 8.08 33.2452
0 4.04 37.2852
0 8.08 37.2852
0 8.08 33.2452
-4.04 4.04 41.3252
-8.08 4.04 41.3252
-8.08 8.08 41.3252
-4.04 8.5 41.3252
-4.04 4.04 45.3653
-8.08 4.04 45.3653
-8.08 8.08 45.3653
-4.04 8.5 45.3653
0 4.04 41.3252
0 4.04 45.3653
0 8.5 45.3653
0 8.5 41.3252
4.04 4.04 37.2852
4.04 4.04 41.3252
4.04 8.08 37.2852
4.04 8.08 41.3252
4.04 4.04 45.3653
4.04 8.08 45.3653
4.04 4.04 33.2452
4.04 4.04 29.2052
4.04 8.08 33.2452
-8.08 12.12 33.2452
-4.04 12.12 33.2452
0 12.12 33.2452
-8.08 16.16 33.2452
-4.04 16.16 33.2452
0 16.16 33.2452
4.04 12.12 33.2452
4.04 16.16 33.2452
8.08 12.12 33.2452
8.08 16.16 33.2452
-4.04 -8.08 49.4053
-8.08 -8.08 49.4053
-8.08 -4.04 49.4053
-4.04 -4.04 49.4053
-4.08889 -8.08 53.6276
-8.08 -8.08 53.4453
-8.08 -4.04 53.4453
-4.08889 -4.04 53.6276
-0.318575 -8.07981 49.3467
0 -8.08 53.4453
0 -4.04 53.4453
-0.31625 -4.03981 49.3471
-8.08 0 53.4453
-8.08 0 49.4053
-4.04 0 53.4453
-4.04 0 49.4053
0 0 53.4453
0 0 49.4053
4.04 -8.08 49.4053
4.04 -4.04 49.4053
4.04 -8.08 53.4453
4.04 -4.04 53.4453
0 0 45.3653
4.04 0 45.3653
4.04 0 49.4053
4.04 0 53.4453
-8.08 4.04 53.4453
-8.08 4.04 49.4053
-4.08889 4.04 53.6276
-4.04 4.04 49.4053
0 4.04 53.4453
-0.953499 4.0404 49.1978
-8.08 8.08 49.4053
-4.04 8.08 49.4053
-8.08 8.08 53.4453
-4.08889 8.08 53.6276
0 8.08 53.4453
0 8.5 49.4053
4.04 4.04 49.4053
4.04 4.04 53.4453
4.04 8.08 49.4053
4.04 8.08 53.4453

4 0 1 2 3  0.217 0.92 0.92 
4 0 3 4 5  0.217 0.92 0.92 
4 1 0 5 6  0.217 0.92 0.92 
4 3 2 7 8  0.217 0.92 0.92 
4 3 8 9 4  0.217 0.92 0.92 
4 4 9 10 11  0.217 0.92 0.92 
4 2 12 13 7  0.217 0.92 0.92 
4 13 12 14 15  0.217 0.92 0.92 
4 11 10 15 14  0.217 0.92 0.92 
4 1 16 12 2  0.217 0.92 0.92 
4 12 16 17 14  0.217 0.92 0.92 
4 16 1 6 17  0.217 0.92 0.92 
4 5 4 18 19  0.217 0.92 0.92 
4 4 11 20 18  0.217 0.92 0.92 
4 6 5 19 21  0.217 0.92 0.92 
4 11 14 22 20  0.217 0.92 0.92 
4 14 17 23 22  0.217 0.92 0.92 
4 17 6 21 23  0.217 0.92 0.92 
4 19 18 24 25  0.217 0.92 0.92 
4 21 19 25 26  0.217 0.92 0.92 
4 25 24 27 26  0.217 0.92 0.92 
4 18 20 28 29  0.217 0.92 0.92 
4 18 29 30 24  0.217 0.92 0.92 
4 24 30 31 27  0.217 0.92 0.92 
4 20 22 32 28  0.217 0.92 0.92 
4 32 22 33 34  0.217 0.92 0.92 
4 27 31 34 33  0.217 0.92 0.92 
4 22 23 35 33  0.217 0.92 0.92 
4 23 21 26 35  0.217 0.92 0.92 
4 26 27 33 35  0.217 0.92 0.92 
4 36 37 38 39  0.217 0.92 0.92 
4 36 39 40 41  0.217 0.92 0.92 
4 37 36 41 42  0.217 0.92 0.92 
4 39 38 43 44  0.217 0.92 0.92 
4 39 44 45 40  0.217 0.92 0.92 
4 40 45 46 47  0.217 0.92 0.92 
4 38 48 49 43  0.217 0.92 0.92 
4 49 48 50 51  0.217 0.92 0.92 
4 47 46 51 50  0.217 0.92 0.92 
4 37 52 48 38  0.217 0.92 0.92 
4 48 52 53 50  0.217 0.92 0.92 
4 52 37 42 53  0.217 0.92 0.92 
4 41 40 54 55  0.217 0.92 0.92 
4 40 47 56 54  0.217 0.92 0.92 
4 42 41 55 57  0.217 0.92 0.92 
4 47 50 58 56  0.217 0.92 0.92 
4 50 53 59 58  0.217 0.92 0.92 
4 53 42 57 59  0.217 0.92 0.92 
4 55 54 60 61  0.217 0.92 0.92 
4 57 55 61 62  0.217 0.92 0.92 
4 61 60 63 62  0.217 0.92 0.92 
4 54 56 64 65  0.217 0.92 0.92 
4 54 65 66 60  0.217 0.92 0.92 
4 60 66 67 63  0.217 0.92 0.92 
4 56 58 68 64  0.217 0.92 0.92 
4 68 58 69 70  0.217 0.92 0.92 
4 63 67 70 69  0.217 0.92 0.92 
4 58 59 71 69  0.217 0.92 0.92 
4 59 57 62 71  0.217 0.92 0.92 
4 62 63 69 71  0.217 0.92 0.92 
4 72 73 74 75  0.217 0.92 0.92 
4 72 75 76 77  0.217 0.92 0.92 
4 75 74 78 76  0.217 0.92 0.92 
4 73 79 80 74  0.217 0.92 0.92 
4 74 80 81 78  0.217 0.92 0.92 
4 80 79 82 81  0.217 0.92 0.92 
4 83 84 85 86  0.217 0.92 0.92 
4 83 86 87 8  0.217 0.92 0.92 
4 84 83 8 7  0.217 0.92 0.92 
4 86 85 88 89  0.217 0.92 0.92 
4 86 89 72 87  0.217 0.92 0.92 
4 89 88 73 72  0.217 0.92 0.92 
4 85 90 91 88  0.217 0.92 0.92 
4 88 91 79 73  0.217 0.92 0.92 
4 91 90 92 79  0.217 0.92 0.92 
4 84 93 90 85  0.217 0.92 0.92 
4 90 93 13 92  0.217 0.92 0.92 
4 93 84 7 13  0.217 0.92 0.92 
4 8 87 94 9  0.217 0.92 0.92 
4 87 72 77 94  0.217 0.92 0.92 
4 79 92 95 82  0.217 0.92 0.92 
4 92 13 15 95  0.217 0.92 0.92 
4 77 76 96 97  0.217 0.92 0.92 
4 76 78 98 99  0.217 0.92 0.92 
4 76 99 100 96  0.217 0.92 0.92 
4 99 98 101 100  0.217 0.92 0.92 
4 78 81 102 98  0.217 0.92 0.92 
4 98 102 103 101  0.217 0.92 0.92 
4 102 81 104 103  0.217 0.92 0.92 
4 81 82 105 104  0.217 0.92 0.92 
4 97 96 106 107  0.217 0.92 0.92 
4 107 106 108 109  0.217 0.92 0.92 
4 96 100 110 106  0.217 0.92 0.92 
4 106 110 111 108  0.217 0.92 0.92 
4 103 104 112 113  0.217 0.92 0.92 
4 108 111 113 112  0.217 0.92 0.92 
4 104 105 114 112  0.217 0.92 0.92 
4 109 108 112 114  0.217 0.92 0.92 
4 9 94 115 29  0.217 0.92 0.92 
4 10 9 29 28  0.217 0.92 0.92 
4 94 77 97 115  0.217 0.92 0.92 
4 82 95 116 105  0.217 0.92 0.92 
4 95 15 32 116  0.217 0.92 0.92 
4 15 10 28 32  0.217 0.92 0.92 
4 29 115 117 30  0.217 0.92 0.92 
4 30 117 118 31  0.217 0.92 0.92 
4 115 97 107 117  0.217 0.92 0.92 
4 117 107 109 118  0.217 0.92 0.92 
4 105 116 119 114  0.217 0.92 0.92 
4 118 109 114 119  0.217 0.92 0.92 
4 116 32 34 119  0.217 0.92 0.92 
4 31 118 119 34  0.217 0.92 0.92 
4 120 121 122 123  0.217 0.92 0.92 
4 120 123 124 125  0.217 0.92 0.92 
4 123 122 126 127  0.217 0.92 0.92 
4 123 127 128 124  0.217 0.92 0.92 
4 122 129 130 126  0.217 0.92 0.92 
4 130 129 131 132  0.217 0.92 0.92 
4 121 133 129 122  0.217 0.92 0.92 
4 129 133 134 131  0.217 0.92 0.92 
4 125 124 135 136  0.217 0.92 0.92 
4 124 128 137 135  0.217 0.92 0.92 
4 128 138 139 137  0.217 0.92 0.92 
4 135 137 139 140  0.217 0.92 0.92 
4 138 132 141 139  0.217 0.92 0.92 
4 132 131 142 141  0.217 0.92 0.92 
4 140 139 141 142  0.217 0.92 0.92 
4 131 134 143 142  0.217 0.92 0.92 
4 44 43 144 145  0.217 0.92 0.92 
4 44 145 146 45  0.217 0.92 0.92 
4 145 144 121 120  0.217 0.92 0.92 
4 145 120 125 146  0.217 0.92 0.92 
4 144 147 133 121  0.217 0.92 0.92 
4 133 147 148 134  0.217 0.92 0.92 
4 43 49 147 144  0.217 0.92 0.92 
4 147 49 51 148  0.217 0.92 0.92 
4 45 146 149 65  0.217 0.92 0.92 
4 46 45 65 64  0.217 0.92 0.92 
4 146 125 136 149  0.217 0.92 0.92 
4 134 148 150 143  0.217 0.92 0.92 
4 148 51 68 150  0.217 0.92 0.92 
4 51 46 64 68  0.217 0.92 0.92 
4 136 135 151 152  0.217 0.92 0.92 
4 135 140 153 151  0.217 0.92 0.92 
4 152 151 153 154  0.217 0.92 0.92 
4 140 142 155 153  0.217 0.92 0.92 
4 142 143 156 155  0.217 0.92 0.92 
4 154 153 155 156  0.217 0.92 0.92 
4 65 149 157 66  0.217 0.92 0.92 
4 149 136 152 157  0.217 0.92 0.92 
4 143 150 158 156  0.217 0.92 0.92 
4 150 68 70 158  0.217 0.92 0.92 
4 66 157 159 160  0.217 0.92 0.92 
4 67 66 160 161  0.217 0.92 0.92 
4 160 159 162 161  0.217 0.92 0.92 
4 157 152 163 159  0.217 0.92 0.92 
4 152 154 164 163  0.217 0.92 0.92 
4 159 163 164 162  0.217 0.92 0.92 
4 154 156 165 164  0.217 0.92 0.92 
4 156 158 166 165  0.217 0.92 0.92 
4 162 164 165 166  0.217 0.92 0.92 
4 158 70 167 166  0.217 0.92 0.92 
4 70 67 161 167  0.217 0.92 0.92 
4 161 162 166 167  0.217 0.92 0.92 
4 168 169 170 171  0.217 0.92 0.92 
4 168 171 172 173  0.217 0.92 0.92 
4 171 170 174 172  0.217 0.92 0.92 
4 169 168 173 175  0.217 0.92 0.92 
4 169 176 177 170  0.217 0.92 0.92 
4 170 177 178 174  0.217 0.92 0.92 
4 176 169 175 179  0.217 0.92 0.92 
4 180 181 182 176  0.217 0.92 0.92 
4 180 176 179 183  0.217 0.92 0.92 
4 176 182 184 177  0.217 0.92 0.92 
4 177 184 185 178  0.217 0.92 0.92 
4 182 186 187 184  0.217 0.92 0.92 
4 184 187 188 185  0.217 0.92 0.92 
4 187 186 189 188  0.217 0.92 0.92 
4 181 190 186 182  0.217 0.92 0.92 
4 186 190 191 189  0.217 0.92 0.92 
4 100 101 192 193  0.217 0.92 0.92 
4 100 193 194 110  0.217 0.92 0.92 
4 193 192 181 180  0.217 0.92 0.92 
4 193 180 183 194  0.217 0.92 0.92 
4 192 195 190 181  0.217 0.92 0.92 
4 190 195 196 191  0.217 0.92 0.92 
4 101 103 195 192  0.217 0.92 0.92 
4 195 103 113 196  0.217 0.92 0.92 
4 197 198 175 173  0.217 0.92 0.92 
4 197 173 199 200  0.217 0.92 0.92 
4 198 197 200 201  0.217 0.92 0.92 
4 173 172 202 199  0.217 0.92 0.92 
4 198 183 179 175  0.217 0.92 0.92 
4 183 198 201 203  0.217 0.92 0.92 
4 200 199 204 205  0.217 0.92 0.92 
4 201 200 205 206  0.217 0.92 0.92 
4 199 202 207 204  0.217 0.92 0.92 
4 203 201 206 208  0.217 0.92 0.92 
4 188 189 209 210  0.217 0.92 0.92 
4 189 191 211 209  0.217 0.92 0.92 
4 212 213 214 215  0.217 0.92 0.92 
4 216 210 217 214  0.217 0.92 0.92 
4 210 209 218 217  0.217 0.92 0.92 
4 215 214 217 218  0.217 0.92 0.92 
4 209 211 219 218  0.217 0.92 0.92 
4 211 220 221 219  0.217 0.92 0.92 
4 221 215 218 219  0.217 0.92 0.92 
4 110 194 222 223  0.217 0.92 0.92 
4 111 110 223 224  0.217 0.92 0.92 
4 223 222 225 224  0.217 0.92 0.92 
4 194 183 203 222  0.217 0.92 0.92 
4 191 196 226 211  0.217 0.92 0.92 
4 225 220 211 226  0.217 0.92 0.92 
4 196 113 227 226  0.217 0.92 0.92 
4 113 111 224 227  0.217 0.92 0.92 
4 224 225 226 227  0.217 0.92 0.92 
4 222 203 208 228  0.217 0.92 0.92 
4 220 225 229 221  0.217 0.92 0.92 
4 225 222 228 229  0.217 0.92 0.92 
4 228 208 221 229  0.217 0.92 0.92 
4 205 204 230 231  0.217 0.92 0.92 
4 206 205 231 232  0.217 0.92 0.92 
4 204 207 233 230  0.217 0.92 0.92 
4 213 212 234 235  0.217 0.92 0.92 
4 208 206 232 236  0.217 0.92 0.92 
4 231 230 237 238  0.217 0.92 0.92 
4 232 231 238 239  0.217 0.92 0.92 
4 230 233 240 237  0.217 0.92 0.92 
4 235 234 241 242  0.217 0.92 0.92 
4 236 232 239 243  0.217 0.92 0.92 
4 212 215 244 234  0.217 0.92 0.92 
4 215 221 245 244  0.217 0.92 0.92 
4 221 208 236 245  0.217 0.92 0.92 
4 234 244 246 241  0.217 0.92 0.92 
4 244 245 247 246  0.217 0.92 0.92 
4 245 236 243 247  0.217 0.92 0.92 
4 238 237 248 249  0.217 0.92 0.92 
4 239 238 249 250  0.217 0.92 0.92 
4 237 240 251 248  0.217 0.92 0.92 
4 242 241 252 253  0.217 0.92 0.92 
4 243 239 250 254  0.217 0.92 0.92 
4 249 248 255 256  0.217 0.92 0.92 
4 250 249 256 257  0.217 0.92 0.92 
4 248 251 258 255  0.217 0.92 0.92 
4 253 252 259 260  0.217 0.92 0.92 
4 254 250 257 261  0.217 0.92 0.92 
4 241 246 262 252  0.217 0.92 0.92 
4 246 247 263 262  0.217 0.92 0.92 
4 247 243 254 263  0.217 0.92 0.92 
4 252 262 264 259  0.217 0.92 0.92 
4 262 263 265 264  0.217 0.92 0.92 
4 263 254 261 265  0.217 0.92 0.92 
4 256 255 266 267  0.217 0.92 0.92 
4 257 256 267 268  0.217 0.92 0.92 
4 255 258 269 266  0.217 0.92 0.92 
4 261 257 268 270  0.217 0.92 0.92 
4 267 266 271 272  0.217 0.92 0.92 
4 268 267 272 273  0.217 0.92 0.92 
4 272 271 274 273  0.217 0.92 0.92 
4 266 269 275 271  0.217 0.92 0.92 
4 270 268 273 276  0.217 0.92 0.92 
4 273 274 277 276  0.217 0.92 0.92 
4 259 264 278 260  0.217 0.92 0.92 
4 264 279 280 278  0.217 0.92 0.92 
4 278 280 281 282  0.217 0.92 0.92 
4 280 279 283 281  0.217 0.92 0.92 
4 265 284 279 264  0.217 0.92 0.92 
4 279 284 285 283  0.217 0.92 0.92 
4 284 265 286 285  0.217 0.92 0.92 
4 281 283 287 288  0.217 0.92 0.92 
4 283 285 289 287  0.217 0.92 0.92 
4 290 291 265 261  0.217 0.92 0.92 
4 290 261 270 292  0.217 0.92 0.92 
4 265 291 293 286  0.217 0.92 0.92 
4 291 290 292 293  0.217 0.92 0.92 
4 294 295 293 292  0.217 0.92 0.92 
4 294 292 296 127  0.217 0.92 0.92 
4 295 294 127 126  0.217 0.92 0.92 
4 292 270 276 296  0.217 0.92 0.92 
4 293 297 285 286  0.217 0.92 0.92 
4 285 297 298 289  0.217 0.92 0.92 
4 295 299 297 293  0.217 0.92 0.92 
4 297 299 130 298  0.217 0.92 0.92 
4 299 295 126 130  0.217 0.92 0.92 
4 271 275 300 301  0.217 0.92 0.92 
4 275 302 303 300  0.217 0.92 0.92 
4 274 271 301 304  0.217 0.92 0.92 
4 301 300 303 304  0.217 0.92 0.92 
4 302 305 306 303  0.217 0.92 0.92 
4 277 274 304 307  0.217 0.92 0.92 
4 304 303 306 307  0.217 0.92 0.92 
4 276 277 307 308  0.217 0.92 0.92 
4 308 307 309 310  0.217 0.92 0.92 
4 305 311 312 306  0.217 0.92 0.92 
4 307 306 312 309  0.217 0.92 0.92 
4 311 288 313 312  0.217 0.92 0.92 
4 288 287 314 313  0.217 0.92 0.92 
4 309 312 313 314  0.217 0.92 0.92 
4 287 289 315 314  0.217 0.92 0.92 
4 310 309 314 315  0.217 0.92 0.92 
4 127 296 316 128  0.217 0.92 0.92 
4 128 316 317 138  0.217 0.92 0.92 
4 296 276 308 316  0.217 0.92 0.92 
4 316 308 310 317  0.217 0.92 0.92 
4 289 298 318 315  0.217 0.92 0.92 
4 317 310 315 318  0.217 0.92 0.92 
4 298 130 132 318  0.217 0.92 0.92 
4 138 317 318 132  0.217 0.92 0.92 
4 172 174 319 320  0.217 0.92 0.92 
4 172 320 321 202  0.217 0.92 0.92 
4 320 319 322 321  0.217 0.92 0.92 
4 174 178 323 319  0.217 0.92 0.92 
4 319 323 324 322  0.217 0.92 0.92 
4 202 321 325 207  0.217 0.92 0.92 
4 321 322 326 325  0.217 0.92 0.92 
4 322 324 327 326  0.217 0.92 0.92 
4 178 185 328 323  0.217 0.92 0.92 
4 323 328 329 324  0.217 0.92 0.92 
4 185 188 330 328  0.217 0.92 0.92 
4 328 330 331 329  0.217 0.92 0.92 
4 330 188 210 331  0.217 0.92 0.92 
4 216 329 331 210  0.217 0.92 0.92 
4 324 329 332 327  0.217 0.92 0.92 
4 329 216 214 332  0.217 0.92 0.92 
4 207 325 333 233  0.217 0.92 0.92 
4 325 326 334 335  0.217 0.92 0.92 
4 325 335 336 333  0.217 0.92 0.92 
4 333 336 337 338  0.217 0.92 0.92 
4 326 327 339 334  0.217 0.92 0.92 
4 338 337 340 341  0.217 0.92 0.92 
4 233 333 342 240  0.217 0.92 0.92 
4 333 338 343 342  0.217 0.92 0.92 
4 338 341 344 343  0.217 0.92 0.92 
4 335 334 345 346  0.217 0.92 0.92 
4 335 346 347 336  0.217 0.92 0.92 
4 336 347 348 337  0.217 0.92 0.92 
4 346 345 349 350  0.217 0.92 0.92 
4 346 350 351 347  0.217 0.92 0.92 
4 347 351 352 348  0.217 0.92 0.92 
4 345 353 354 349  0.217 0.92 0.92 
4 348 352 355 356  0.217 0.92 0.92 
4 334 339 353 345  0.217 0.92 0.92 
4 337 348 356 340  0.217 0.92 0.92 
4 339 357 358 353  0.217 0.92 0.92 
4 358 357 359 360  0.217 0.92 0.92 
4 340 356 360 359  0.217 0.92 0.92 
4 353 358 361 354  0.217 0.92 0.92 
4 361 358 360 362  0.217 0.92 0.92 
4 356 355 362 360  0.217 0.92 0.92 
4 332 214 363 364  0.217 0.92 0.92 
4 214 213 235 363  0.217 0.92 0.92 
4 327 332 357 339  0.217 0.92 0.92 
4 357 332 364 359  0.217 0.92 0.92 
4 341 340 359 364  0.217 0.92 0.92 
4 341 364 365 344  0.217 0.92 0.92 
4 364 363 366 365  0.217 0.92 0.92 
4 363 235 242 366  0.217 0.92 0.92 
4 240 342 367 251  0.217 0.92 0.92 
4 342 343 368 367  0.217 0.92 0.92 
4 343 344 369 368  0.217 0.92 0.92 
4 251 367 370 258  0.217 0.92 0.92 
4 367 368 371 372  0.217 0.92 0.92 
4 367 372 373 370  0.217 0.92 0.92 
4 370 373 374 375  0.217 0.92 0.92 
4 368 369 376 371  0.217 0.92 0.92 
4 375 374 377 378  0.217 0.92 0.92 
4 372 371 379 380  0.217 0.92 0.92 
4 372 380 381 373  0.217 0.92 0.92 
4 373 381 382 374  0.217 0.92 0.92 
4 380 379 383 384  0.217 0.92 0.92 
4 380 384 385 381  0.217 0.92 0.92 
4 381 385 386 382  0.217 0.92 0.92 
4 379 387 388 383  0.217 0.92 0.92 
4 382 386 389 390  0.217 0.92 0.92 
4 371 376 387 379  0.217 0.92 0.92 
4 374 382 390 377  0.217 0.92 0.92 
4 376 391 392 387  0.217 0.92 0.92 
4 392 391 393 394  0.217 0.92 0.92 
4 377 390 394 393  0.217 0.92 0.92 
4 387 392 395 388  0.217 0.92 0.92 
4 395 392 394 396  0.217 0.92 0.92 
4 390 389 396 394  0.217 0.92 0.92 
4 344 365 397 369  0.217 0.92 0.92 
4 365 366 398 397  0.217 0.92 0.92 
4 366 242 253 398  0.217 0.92 0.92 
4 397 398 278 399  0.217 0.92 0.92 
4 398 253 260 278  0.217 0.92 0.92 
4 369 397 391 376  0.217 0.92 0.92 
4 391 397 399 393  0.217 0.92 0.92 
4 378 377 393 399  0.217 0.92 0.92 
4 258 370 400 269  0.217 0.92 0.92 
4 370 375 401 400  0.217 0.92 0.92 
4 375 378 402 401  0.217 0.92 0.92 
4 269 400 403 275  0.217 0.92 0.92 
4 400 401 404 403  0.217 0.92 0.92 
4 275 403 404 302  0.217 0.92 0.92 
4 401 402 405 404  0.217 0.92 0.92 
4 302 404 405 305  0.217 0.92 0.92 
4 378 399 406 402  0.217 0.92 0.92 
4 399 278 282 406  0.217 0.92 0.92 
4 402 406 407 405  0.217 0.92 0.92 
4 305 405 407 311  0.217 0.92 0.92 
4 282 281 408 406  0.217 0.92 0.92 
4 406 408 409 407  0.217 0.92 0.92 
4 408 281 288 409  0.217 0.92 0.92 
4 311 407 409 288  0.217 0.92 0.92 
4 350 349 410 411  0.217 0.92 0.92 
4 350 411 412 351  0.217 0.92 0.92 
4 351 412 413 352  0.217 0.92 0.92 
4 411 410 414 415  0.217 0.92 0.92 
4 411 415 416 412  0.217 0.92 0.92 
4 415 414 417 416  0.217 0.92 0.92 
4 410 418 419 414  0.217 0.92 0.92 
4 414 419 420 417  0.217 0.92 0.92 
4 349 354 418 410  0.217 0.92 0.92 
4 352 413 421 355  0.217 0.92 0.92 
4 412 416 422 423  0.217 0.92 0.92 
4 416 417 424 422  0.217 0.92 0.92 
4 413 412 423 425  0.217 0.92 0.92 
4 417 420 426 424  0.217 0.92 0.92 
4 421 413 425 427  0.217 0.92 0.92 
4 354 361 428 418  0.217 0.92 0.92 
4 428 361 362 429  0.217 0.92 0.92 
4 418 428 430 419  0.217 0.92 0.92 
4 419 430 431 420  0.217 0.92 0.92 
4 430 428 429 431  0.217 0.92 0.92 
4 355 421 427 432  0.217 0.92 0.92 
4 429 362 433 434  0.217 0.92 0.92 
4 362 355 432 433  0.217 0.92 0.92 
4 420 431 435 426  0.217 0.92 0.92 
4 431 429 434 435  0.217 0.92 0.92 
4 423 422 436 437  0.217 0.92 0.92 
4 422 424 438 436  0.217 0.92 0.92 
4 425 423 437 439  0.217 0.92 0.92 
4 424 426 440 438  0.217 0.92 0.92 
4 427 425 439 441  0.217 0.92 0.92 
4 384 383 439 437  0.217 0.92 0.92 
4 384 437 442 385  0.217 0.92 0.92 
4 385 442 443 386  0.217 0.92 0.92 
4 437 436 444 442  0.217 0.92 0.92 
4 436 438 445 444  0.217 0.92 0.92 
4 442 444 445 443  0.217 0.92 0.92 
4 438 440 446 445  0.217 0.92 0.92 
4 443 445 446 447  0.217 0.92 0.92 
4 383 388 441 439  0.217 0.92 0.92 
4 386 443 447 389  0.217 0.92 0.92 
4 432 427 441 388  0.217 0.92 0.92 
4 434 433 395 448  0.217 0.92 0.92 
4 433 432 388 395  0.217 0.92 0.92 
4 426 435 449 440  0.217 0.92 0.92 
4 435 434 448 449  0.217 0.92 0.92 
4 448 395 396 450  0.217 0.92 0.92 
4 389 447 450 396  0.217 0.92 0.92 
4 440 449 451 446  0.217 0.92 0.92 
4 449 448 450 451  0.217 0.92 0.92 
4 447 446 451 450  0.217 0.92 0.92 
