OFF
452 460 0

0 -28.28 -7.15475
4.04 -28.28 -7.15475
4.04 -29.6072 -4.3472
0 -28.28 -3.11475
0 -24.24 -3.11475
0 -24.24 -7.15475
4.04 -24.2166 -7.1501
4.04 -23.2599 -4.0251
8.08 -28.28 -7.15475
8.08 -28.28 -3.11475
8.08 -24.24 -7.15475
8.08 -24.24 -3.11475
0 -24.24 -11.1948
4.04 -24.24 -11.1948
0 -20.2 -7.15475
0 -20.2 -11.1948
4.04 -20.2 -7.15475
4.03984 -20.1728 -11.4583
8.08 -24.24 -11.1948
8.08 -20.2 -7.15475
8.08 -20.2 -11.1948
0 -16.16 -7.15475
0 -16.16 -11.1948
4.04 -16.16 -11.1948
4.03989 -15.8404 -7.20731
4.04 -20.2 -3.11475
0 -20.2 -3.11475
0 -16.16 -3.11475
4.04 -15.785 -3.11475
8.08 -20.2 -3.11475
8.08 -16.16 -7.15475
8.08 -16.16 -3.11475
8.08 -16.16 -11.1948
0 16.16 -11.1948
4.04 16.16 -11.1948
4.03989 15.8404 -7.20731
0 16.16 -7.15475
0 20.2 -7.15475
0 20.2 -11.1948
4.03984 20.1728 -11.4583
4.04 15.785 -3.11475
0 16.16 -3.11475
0 20.2 -3.11475
4.04 20.2 -3.11475
4.04 20.2 -7.15475
8.08 16.16 -7.15475
8.08 16.16 -3.11475
8.08 20.2 -7.15475
8.08 20.2 -3.11475
8.08 16.16 -11.1948
8.08 20.2 -11.1948
0 24.24 -7.15475
0 24.24 -11.1948
4.04 24.2166 -7.15008
4.04 24.24 -11.1948
8.08 24.24 -7.15475
8.08 24.24 -11.1948
4.04 23.2599 -4.0251
0 24.24 -3.11475
0 28.28 -3.11475
0 28.28 -7.15475
4.04 28.28 -7.15475
4.04 29.6072 -4.3472
8.08 24.24 -3.11475
8.08 28.28 -7.15475
8.08 28.28 -3.11475
0 -28.28 4.96525
4.04023 -28.3843 5.06126
4.04 -28.28 9.00525
0 -28.28 9.00525
0 -24.24 9.00525
0 -24.24 4.96525
4.03788 -25.1098 9.54025
8.08 -28.28 4.96525
8.08 -28.28 9.00525
8.08 -24.24 9.00525
8.08 -24.24 4.96525
0 -32.32 -3.11475
4.04 -32.32 -3.11475
4.04001 -32.3335 0.929203
0 -32.32 0.92525
0 -28.28 0.92525
4.04 -32.32 4.96525
0 -32.32 4.96525
8.08 -32.32 0.92525
8.08 -32.32 4.96525
8.08 -28.28 0.92525
8.08 -32.32 -3.11475
0 -24.24 0.92525
8.08 -24.24 0.92525
0 -20.2 9.00525
0 -20.2 4.96525
4.04 -24.24 13.0452
0 -24.24 13.0452
0 -20.2 13.0452
8.08 -24.24 13.0452
8.08 -20.2 9.00525
8.08 -20.2 13.0452
8.08 -20.2 4.96525
0 -16.16 9.00525
0 -16.16 4.96525
4.04 -15.1377 8.73131
4.04 -15.785 4.96525
0 -16.16 13.0452
8.08 -16.16 9.00525
8.08 -16.16 13.0452
4.04 -14.1276 12.5007
8.08 -16.16 4.96525
0 -20.2 0.92525
8.08 -20.2 0.92525
0 -16.16 0.92525
4.04 -15.785 0.92525
8.08 -16.16 0.92525
0 -12.12 13.0452
0 -12.12 9.00525
4.04 -12.12 9.00525
4.04 -12.12 13.0452
4.04 12.12 9.00525
8.08 12.12 9.00525
8.08 12.12 13.0452
4.04 12.12 13.0452
4.04 14.1276 12.5007
4.04 15.1377 8.73131
8.08 16.16 9.00525
8.08 16.16 13.0452
0 16.16 4.96525
4.04 15.785 4.96525
0 16.16 9.00525
0 20.2 9.00525
0 20.2 4.96525
0 16.16 13.0452
0 20.2 13.0452
8.08 20.2 9.00525
8.08 20.2 13.0452
8.08 16.16 4.96525
8.08 20.2 4.96525
0 24.24 9.00525
0 24.24 4.96525
0 24.24 13.0452
4.04 24.24 13.0452
4.03831 25.1125 9.53194
4.03369 23.1253 13.9314
8.08 24.24 13.0452
8.08 24.24 9.00525
8.08 24.24 4.96525
4.04 15.785 0.92525
0 16.16 0.92525
0 20.2 0.92525
8.08 16.16 0.92525
8.08 20.2 0.92525
0 24.24 0.92525
8.08 24.24 0.92525
0 28.28 9.00525
0 28.28 4.96525
4.04 28.28 9.00525
4.04023 28.3843 5.06126
8.08 28.28 9.00525
8.08 28.28 4.96525
0 28.28 0.92525
8.08 28.28 0.92525
4.035 30.251 3.23654
0 32.32 0.92525
0 32.32 -3.11475
4.04 32.32 -3.11475
4.04001 32.3335 0.929203
0 32.32 4.96525
4.04 32.32 4.96525
8.08 32.32 0.92525
8.08 32.32 -3.11475
-8.08 -20.2 25.1653
-4.04 -20.2 25.1653
-4.04 -20.2 29.2052
-8.08 -20.2 29.2052
-8.08 -16.16 29.2052
-8.08 -16.16 25.1653
-4.04085 -17.4398 30.784
-4.04135 -18.638 23.5542
0 -20.2 25.1653
0 -20.2 29.2052
-0.000853033 -17.4409 30.7853
0 -18.6035 23.5053
0 -20.2 21.1253
4.04 -21.0716 21.3588
4.04 -20.2 25.1653
0 -16.16 21.1253
4.04 -20.2 29.2052
4.04091 -17.4975 30.7391
8.08 -20.2 25.1653
8.08 -20.2 29.2052
8.08 -16.16 29.2052
8.08 -16.16 25.1653
8.08 -20.2 21.1253
8.08 -16.16 21.1253
4.04 -24.24 17.0852
0 -24.24 17.0852
0 -20.2 17.0852
4.04 -22.0816 17.5894
8.08 -24.24 17.0852
8.08 -20.2 17.0852
0 -16.16 17.0852
8.08 -16.16 17.0852
-8.08 -16.16 21.1253
-4.04 -16.16 21.1253
-8.08 -12.12 25.1653
-8.08 -12.12 21.1253
-4.04 -12.12 21
-8.08 -12.12 29.2052
0 -12.12 21
-8.08 -8.08 25.1653
-8.08 -8.08 21.1253
-4.04 -8.08 21
-8.08 -8.08 29.2052
-4.04 -12.12 32
0 -12.12 32
2 -8.08 29.2052
-4.04 -8.08 32
0 -8.08 21
8.08 -12.12 25.1653
8.08 -12.12 29.2052
8.08 -12.12 21.1253
4.04 -11.2501 20.5725
4.04 -8.08 21.1253
2 -8.08 25.1653
4.04 -8.08 29.2052
4.04 -8.08 25.1653
4.0369 -10.7833 30.9551
8.08 -8.08 29.2052
8.08 -8.08 25.1653
8.08 -8.08 21.1253
0 -12.12 17.0852
4.04 -12.12 17.0852
8.08 -12.12 17.0852
8.08 -12.12 13.0452
-8.08 -4.04 25.1653
-8.08 -4.04 21.1253
-4.04 -4.04 21
-8.08 -4.04 29.2052
2 -4.04 25.1653
2 -4.04 29.2052
0 -4.04 21
-8.08 0 25.1653
-8.08 0 21.1253
-4.04 0 21
-8.08 0 29.2052
2 0 25.1653
2 0 29.2052
0 0 21
4.04 -4.04 25.1653
4.04 -4.04 21.1253
4.04 0 25.1653
4.04 0 21.1253
-8.08 4.04 25.1653
-8.08 4.04 21.1253
-4.04 4.04 21
-8.08 4.04 29.2052
2 4.04 25.1653
2 4.04 29.2052
0 4.04 21
-8.08 8.08 25.1653
-8.08 8.08 21.1253
-4.04 8.08 21
-8.08 8.08 29.2052
2 8.08 25.1653
2 8.08 29.2052
0 8.08 21
4.04 4.04 25.1653
4.04 4.04 21.1253
4.04 8.08 25.1653
4.04 8.08 21.1253
-8.08 12.12 25.1653
-8.08 12.12 21.1253
-4.04 12.12 21
-8.08 12.12 29.2052
-4.04 8.08 32
0 12.12 32
-4.04 12.12 32
0 12.12 21
-8.08 16.16 25.1653
-8.08 16.16 21.1253
-4.04 16.16 21.1253
-8.08 16.16 29.2052
-0.000853033 17.4409 30.7853
-4.04085 17.4398 30.784
0 16.16 21.1253
4.04 11.2501 20.5725
4.04 8.08 29.2052
4.0369 10.7833 30.9551
8.08 8.08 25.1653
8.08 8.08 29.2052
8.08 12.12 29.2052
8.08 12.12 25.1653
8.08 8.08 21.1253
8.08 12.12 21.1253
4.04091 17.4975 30.7391
8.08 16.16 25.1653
8.08 16.16 29.2052
8.08 16.16 21.1253
0 12.12 13.0452
4.04 12.12 17.0852
0 12.12 17.0852
0 16.16 17.0852
8.08 12.12 17.0852
8.08 16.16 17.0852
-8.08 20.2 25.1653
-8.08 20.2 21.1253
-4.04 20.2 21.1253
-4.04 20.2 25.1653
-8.08 20.2 29.2052
-4.04 20.2 29.2052
0 20.2 29.2052
0 20.2 25.1653
0 20.2 21.1253
4.04 20.2 25.1653
4.04 21.0716 21.3588
4.04 20.2 29.2052
8.08 20.2 29.2052
8.08 20.2 25.1653
8.08 20.2 21.1253
0 20.2 17.0852
8.08 20.2 17.0852
4.04 22.0816 17.5894
0 24.24 17.0852
4.04 24.24 17.0852
0 24.24 21.1253
4.04 24.24 21.1253
-4.04 -16.16 33.2452
-8.08 -16.16 33.2452
-8.08 -12.12 33.2452
-4.04 -12.12 33.2452
0 -16.16 33.2452
0 -12.12 33.2452
-8.08 -8.08 33.2452
-4.04 -8.08 33.2452
4.04 -16.16 33.2452
4.04 -12.12 33.2452
8.08 -16.16 33.2452
8.08 -12.12 33.2452
0 -8.08 33.2452
4.04 -8.08 33.2452
-8.08 -4.04 33.2452
-4.04 -8.08 37.2852
-8.08 -8.08 37.2852
-8.08 -4.04 37.2852
-4.04 -4.04 37.2852
-4.03999 -3.57644 33.9917
0 -8.08 37.2852
0 -4.04 37.2852
-5.21133e-06 -3.57632 33.9916
-8.08 0 33.2452
-4.04 0 33.2452
0 0 33.2452
-8.08 -8.08 41.3252
-4.04 -8.5 41.3252
-4.04 -8.5 45.3653
-8.08 -8.08 45.3653
-8.08 -4.04 45.3653
-8.08 -4.04 41.3252
-4.04 -4.04 41.3252
-4.04 -4.04 45.3653
0 -8.5 41.3252
0 -8.5 45.3653
0 -4.04 45.3653
0 -4.04 41.3252
4.04 -8.08 41.3252
4.04 -8.08 45.3653
4.04 -4.04 41.3252
4.04 -4.04 45.3653
4.04 -8.08 37.2852
4.04 -4.04 37.2852
4.04 -4.04 33.2452
-8.08 4.04 33.2452
-4.04 3.57633 33.9916
-3.24717e-06 3.57632 33.9916
-8.08 8.08 33.2452
-4.04 4.04 37.2852
-8.08 4.04 37.2852
-8.08 8.08 37.2852
-4.04 8.08 37.2852
-4.04 8.08 33.2452
0 4.04 37.2852
0 8.08 37.2852
0 8.08 33.2452
-4.04 4.04 41.3252
-8.08 4.04 41.3252
-8.08 8.08 41.3252
-4.04 8.5 41.3252
-4.04 4.04 45.3653
-8.08 4.04 45.3653
-8.08 8.08 45.3653
-4.04 8.5 45.3653
0 4.04 41.3252
0 4.04 45.3653
0 8.5 45.3653
0 8.5 41.3252
4.04 4.04 41.3252
4.04 4.04 45.3653
4.04 8.08 41.3252
4.04 8.08 45.3653
4.04 4.04 33.2452
4.04 4.04 37.2852
4.04 8.08 37.2852
4.04 8.08 33.2452
-8.08 12.12 33.2452
-4.04 12.12 33.2452
-8.08 16.16 33.2452
-4.04 16.16 33.2452
8.08 12.12 33.2452
4.04 12.12 33.2452
4.04 16.16 33.2452
8.08 16.16 33.2452
-4.04 -8.08 49.4053
-8.08 -8.08 49.4053
-8.08 -4.04 49.4053
-4.04 -4.04 49.4053
-4.08889 -8.08 53.6276
-8.08 -8.08 53.4453
-8.08 -4.04 53.4453
-4.08889 -4.04 53.6276
-0.318575 -8.07981 49.3467
0 -8.08 53.4453
0 -4.04 53.4453
-0.31625 -4.03981 49.3471
-8.08 0 49.4053
-8.08 0 45.3653
-4.04 0 45.3653
-4.04 0 49.4053
-8.08 0 53.4453
-4.04 0 53.4453
0 0 53.4453
0 0 49.4053
4.04 -8.08 49.4053
4.04 -4.04 49.4053
4.04 -8.08 53.4453
4.04 -4.04 53.4453
0 0 45.3653
4.04 0 45.3653
4.04 0 49.4053
4.04 0 53.4453
-8.08 4.04 49.4053
-8.08 4.04 53.4453
-4.08889 4.04 53.6276
0 4.04 53.4453
-8.08 8.08 49.4053
-4.04 8.08 49.4053
-8.08 8.08 53.4453
-4.08889 8.08 53.6276
0 8.08 53.4453
0 8.5 49.4053
4.04 4.04 49.4053
4.04 4.04 53.4453
4.04 8.08 49.4053
4.04 8.08 53.4453

4 0 1 2 3  0.217 0.92 0.92 
4 0 3 4 5  0.217 0.92 0.92 
4 1 0 5 6  0.217 0.92 0.92 
4 5 4 7 6  0.217 0.92 0.92 
4 1 8 9 2  0.217 0.92 0.92 
4 9 8 10 11  0.217 0.92 0.92 
4 8 1 6 10  0.217 0.92 0.92 
4 6 7 11 10  0.217 0.92 0.92 
4 12 13 6 5  0.217 0.92 0.92 
4 12 5 14 15  0.217 0.92 0.92 
4 5 6 16 14  0.217 0.92 0.92 
4 13 12 15 17  0.217 0.92 0.92 
4 13 18 10 6  0.217 0.92 0.92 
4 6 10 19 16  0.217 0.92 0.92 
4 10 18 20 19  0.217 0.92 0.92 
4 18 13 17 20  0.217 0.92 0.92 
4 15 14 21 22  0.217 0.92 0.92 
4 17 15 22 23  0.217 0.92 0.92 
4 22 21 24 23  0.217 0.92 0.92 
4 14 16 25 26  0.217 0.92 0.92 
4 14 26 27 21  0.217 0.92 0.92 
4 21 27 28 24  0.217 0.92 0.92 
4 16 19 29 25  0.217 0.92 0.92 
4 29 19 30 31  0.217 0.92 0.92 
4 24 28 31 30  0.217 0.92 0.92 
4 19 20 32 30  0.217 0.92 0.92 
4 20 17 23 32  0.217 0.92 0.92 
4 23 24 30 32  0.217 0.92 0.92 
4 33 34 35 36  0.217 0.92 0.92 
4 33 36 37 38  0.217 0.92 0.92 
4 34 33 38 39  0.217 0.92 0.92 
4 36 35 40 41  0.217 0.92 0.92 
4 36 41 42 37  0.217 0.92 0.92 
4 37 42 43 44  0.217 0.92 0.92 
4 35 45 46 40  0.217 0.92 0.92 
4 46 45 47 48  0.217 0.92 0.92 
4 44 43 48 47  0.217 0.92 0.92 
4 34 49 45 35  0.217 0.92 0.92 
4 45 49 50 47  0.217 0.92 0.92 
4 49 34 39 50  0.217 0.92 0.92 
4 38 37 51 52  0.217 0.92 0.92 
4 37 44 53 51  0.217 0.92 0.92 
4 39 38 52 54  0.217 0.92 0.92 
4 52 51 53 54  0.217 0.92 0.92 
4 44 47 55 53  0.217 0.92 0.92 
4 47 50 56 55  0.217 0.92 0.92 
4 50 39 54 56  0.217 0.92 0.92 
4 54 53 55 56  0.217 0.92 0.92 
4 51 53 57 58  0.217 0.92 0.92 
4 51 58 59 60  0.217 0.92 0.92 
4 53 51 60 61  0.217 0.92 0.92 
4 60 59 62 61  0.217 0.92 0.92 
4 53 55 63 57  0.217 0.92 0.92 
4 63 55 64 65  0.217 0.92 0.92 
4 55 53 61 64  0.217 0.92 0.92 
4 61 62 65 64  0.217 0.92 0.92 
4 66 67 68 69  0.217 0.92 0.92 
4 66 69 70 71  0.217 0.92 0.92 
4 69 68 72 70  0.217 0.92 0.92 
4 67 73 74 68  0.217 0.92 0.92 
4 68 74 75 72  0.217 0.92 0.92 
4 74 73 76 75  0.217 0.92 0.92 
4 77 78 79 80  0.217 0.92 0.92 
4 77 80 81 3  0.217 0.92 0.92 
4 78 77 3 2  0.217 0.92 0.92 
4 80 79 82 83  0.217 0.92 0.92 
4 80 83 66 81  0.217 0.92 0.92 
4 83 82 67 66  0.217 0.92 0.92 
4 79 84 85 82  0.217 0.92 0.92 
4 82 85 73 67  0.217 0.92 0.92 
4 85 84 86 73  0.217 0.92 0.92 
4 78 87 84 79  0.217 0.92 0.92 
4 84 87 9 86  0.217 0.92 0.92 
4 87 78 2 9  0.217 0.92 0.92 
4 3 81 88 4  0.217 0.92 0.92 
4 81 66 71 88  0.217 0.92 0.92 
4 73 86 89 76  0.217 0.92 0.92 
4 86 9 11 89  0.217 0.92 0.92 
4 71 70 90 91  0.217 0.92 0.92 
4 70 72 92 93  0.217 0.92 0.92 
4 70 93 94 90  0.217 0.92 0.92 
4 72 75 95 92  0.217 0.92 0.92 
4 95 75 96 97  0.217 0.92 0.92 
4 75 76 98 96  0.217 0.92 0.92 
4 91 90 99 100  0.217 0.92 0.92 
4 100 99 101 102  0.217 0.92 0.92 
4 90 94 103 99  0.217 0.92 0.92 
4 97 96 104 105  0.217 0.92 0.92 
4 101 106 105 104  0.217 0.92 0.92 
4 96 98 107 104  0.217 0.92 0.92 
4 102 101 104 107  0.217 0.92 0.92 
4 4 88 108 26  0.217 0.92 0.92 
4 7 4 26 25  0.217 0.92 0.92 
4 88 71 91 108  0.217 0.92 0.92 
4 76 89 109 98  0.217 0.92 0.92 
4 89 11 29 109  0.217 0.92 0.92 
4 11 7 25 29  0.217 0.92 0.92 
4 26 108 110 27  0.217 0.92 0.92 
4 27 110 111 28  0.217 0.92 0.92 
4 108 91 100 110  0.217 0.92 0.92 
4 110 100 102 111  0.217 0.92 0.92 
4 98 109 112 107  0.217 0.92 0.92 
4 111 102 107 112  0.217 0.92 0.92 
4 109 29 31 112  0.217 0.92 0.92 
4 28 111 112 31  0.217 0.92 0.92 
4 99 103 113 114  0.217 0.92 0.92 
4 106 101 115 116  0.217 0.92 0.92 
4 101 99 114 115  0.217 0.92 0.92 
4 114 113 116 115  0.217 0.92 0.92 
4 117 118 119 120  0.217 0.92 0.92 
4 117 120 121 122  0.217 0.92 0.92 
4 119 118 123 124  0.217 0.92 0.92 
4 118 117 122 123  0.217 0.92 0.92 
4 125 126 122 127  0.217 0.92 0.92 
4 125 127 128 129  0.217 0.92 0.92 
4 127 122 121 130  0.217 0.92 0.92 
4 127 130 131 128  0.217 0.92 0.92 
4 124 123 132 133  0.217 0.92 0.92 
4 126 134 123 122  0.217 0.92 0.92 
4 123 134 135 132  0.217 0.92 0.92 
4 129 128 136 137  0.217 0.92 0.92 
4 128 131 138 136  0.217 0.92 0.92 
4 136 138 139 140  0.217 0.92 0.92 
4 141 133 142 139  0.217 0.92 0.92 
4 133 132 143 142  0.217 0.92 0.92 
4 140 139 142 143  0.217 0.92 0.92 
4 132 135 144 143  0.217 0.92 0.92 
4 41 40 145 146  0.217 0.92 0.92 
4 41 146 147 42  0.217 0.92 0.92 
4 146 145 126 125  0.217 0.92 0.92 
4 146 125 129 147  0.217 0.92 0.92 
4 145 148 134 126  0.217 0.92 0.92 
4 134 148 149 135  0.217 0.92 0.92 
4 40 46 148 145  0.217 0.92 0.92 
4 148 46 48 149  0.217 0.92 0.92 
4 42 147 150 58  0.217 0.92 0.92 
4 43 42 58 57  0.217 0.92 0.92 
4 147 129 137 150  0.217 0.92 0.92 
4 135 149 151 144  0.217 0.92 0.92 
4 149 48 63 151  0.217 0.92 0.92 
4 48 43 57 63  0.217 0.92 0.92 
4 137 136 152 153  0.217 0.92 0.92 
4 136 140 154 152  0.217 0.92 0.92 
4 153 152 154 155  0.217 0.92 0.92 
4 140 143 156 154  0.217 0.92 0.92 
4 143 144 157 156  0.217 0.92 0.92 
4 155 154 156 157  0.217 0.92 0.92 
4 58 150 158 59  0.217 0.92 0.92 
4 150 137 153 158  0.217 0.92 0.92 
4 144 151 159 157  0.217 0.92 0.92 
4 160 155 157 159  0.217 0.92 0.92 
4 151 63 65 159  0.217 0.92 0.92 
4 59 158 161 162  0.217 0.92 0.92 
4 62 59 162 163  0.217 0.92 0.92 
4 162 161 164 163  0.217 0.92 0.92 
4 158 153 165 161  0.217 0.92 0.92 
4 153 155 166 165  0.217 0.92 0.92 
4 155 160 164 166  0.217 0.92 0.92 
4 161 165 166 164  0.217 0.92 0.92 
4 160 159 167 164  0.217 0.92 0.92 
4 159 65 168 167  0.217 0.92 0.92 
4 65 62 163 168  0.217 0.92 0.92 
4 163 164 167 168  0.217 0.92 0.92 
4 169 170 171 172  0.217 0.92 0.92 
4 169 172 173 174  0.217 0.92 0.92 
4 172 171 175 173  0.217 0.92 0.92 
4 170 169 174 176  0.217 0.92 0.92 
4 170 177 178 171  0.217 0.92 0.92 
4 171 178 179 175  0.217 0.92 0.92 
4 177 170 176 180  0.217 0.92 0.92 
4 181 182 183 177  0.217 0.92 0.92 
4 181 177 180 184  0.217 0.92 0.92 
4 177 183 185 178  0.217 0.92 0.92 
4 178 185 186 179  0.217 0.92 0.92 
4 183 187 188 185  0.217 0.92 0.92 
4 185 188 189 186  0.217 0.92 0.92 
4 188 187 190 189  0.217 0.92 0.92 
4 182 191 187 183  0.217 0.92 0.92 
4 187 191 192 190  0.217 0.92 0.92 
4 93 92 193 194  0.217 0.92 0.92 
4 93 194 195 94  0.217 0.92 0.92 
4 194 193 196 195  0.217 0.92 0.92 
4 92 95 197 193  0.217 0.92 0.92 
4 193 197 198 196  0.217 0.92 0.92 
4 197 95 97 198  0.217 0.92 0.92 
4 94 195 199 103  0.217 0.92 0.92 
4 195 196 182 181  0.217 0.92 0.92 
4 195 181 184 199  0.217 0.92 0.92 
4 196 198 191 182  0.217 0.92 0.92 
4 191 198 200 192  0.217 0.92 0.92 
4 198 97 105 200  0.217 0.92 0.92 
4 201 202 176 174  0.217 0.92 0.92 
4 201 174 203 204  0.217 0.92 0.92 
4 202 201 204 205  0.217 0.92 0.92 
4 174 173 206 203  0.217 0.92 0.92 
4 202 184 180 176  0.217 0.92 0.92 
4 184 202 205 207  0.217 0.92 0.92 
4 204 203 208 209  0.217 0.92 0.92 
4 205 204 209 210  0.217 0.92 0.92 
4 203 206 211 208  0.217 0.92 0.92 
4 212 213 214 215  0.217 0.92 0.92 
4 207 205 210 216  0.217 0.92 0.92 
4 189 190 217 218  0.217 0.92 0.92 
4 190 192 219 217  0.217 0.92 0.92 
4 220 207 216 221  0.217 0.92 0.92 
4 222 214 223 224  0.217 0.92 0.92 
4 225 218 226 223  0.217 0.92 0.92 
4 218 217 227 226  0.217 0.92 0.92 
4 224 223 226 227  0.217 0.92 0.92 
4 217 219 228 227  0.217 0.92 0.92 
4 219 220 221 228  0.217 0.92 0.92 
4 221 224 227 228  0.217 0.92 0.92 
4 103 199 229 113  0.217 0.92 0.92 
4 113 229 230 116  0.217 0.92 0.92 
4 199 184 207 229  0.217 0.92 0.92 
4 229 207 220 230  0.217 0.92 0.92 
4 192 200 231 219  0.217 0.92 0.92 
4 230 220 219 231  0.217 0.92 0.92 
4 200 105 232 231  0.217 0.92 0.92 
4 105 106 116 232  0.217 0.92 0.92 
4 116 230 231 232  0.217 0.92 0.92 
4 209 208 233 234  0.217 0.92 0.92 
4 210 209 234 235  0.217 0.92 0.92 
4 208 211 236 233  0.217 0.92 0.92 
4 214 222 237 238  0.217 0.92 0.92 
4 216 210 235 239  0.217 0.92 0.92 
4 234 233 240 241  0.217 0.92 0.92 
4 235 234 241 242  0.217 0.92 0.92 
4 233 236 243 240  0.217 0.92 0.92 
4 238 237 244 245  0.217 0.92 0.92 
4 239 235 242 246  0.217 0.92 0.92 
4 222 224 247 237  0.217 0.92 0.92 
4 224 221 248 247  0.217 0.92 0.92 
4 221 216 239 248  0.217 0.92 0.92 
4 237 247 249 244  0.217 0.92 0.92 
4 247 248 250 249  0.217 0.92 0.92 
4 248 239 246 250  0.217 0.92 0.92 
4 241 240 251 252  0.217 0.92 0.92 
4 242 241 252 253  0.217 0.92 0.92 
4 240 243 254 251  0.217 0.92 0.92 
4 245 244 255 256  0.217 0.92 0.92 
4 246 242 253 257  0.217 0.92 0.92 
4 252 251 258 259  0.217 0.92 0.92 
4 253 252 259 260  0.217 0.92 0.92 
4 251 254 261 258  0.217 0.92 0.92 
4 256 255 262 263  0.217 0.92 0.92 
4 257 253 260 264  0.217 0.92 0.92 
4 244 249 265 255  0.217 0.92 0.92 
4 249 250 266 265  0.217 0.92 0.92 
4 250 246 257 266  0.217 0.92 0.92 
4 255 265 267 262  0.217 0.92 0.92 
4 265 266 268 267  0.217 0.92 0.92 
4 266 257 264 268  0.217 0.92 0.92 
4 259 258 269 270  0.217 0.92 0.92 
4 260 259 270 271  0.217 0.92 0.92 
4 258 261 272 269  0.217 0.92 0.92 
4 273 263 274 275  0.217 0.92 0.92 
4 264 260 271 276  0.217 0.92 0.92 
4 270 269 277 278  0.217 0.92 0.92 
4 271 270 278 279  0.217 0.92 0.92 
4 269 272 280 277  0.217 0.92 0.92 
4 275 274 281 282  0.217 0.92 0.92 
4 276 271 279 283  0.217 0.92 0.92 
4 268 264 276 284  0.217 0.92 0.92 
4 262 267 285 263  0.217 0.92 0.92 
4 263 285 286 274  0.217 0.92 0.92 
4 267 287 288 285  0.217 0.92 0.92 
4 285 288 289 286  0.217 0.92 0.92 
4 288 287 290 289  0.217 0.92 0.92 
4 268 291 287 267  0.217 0.92 0.92 
4 287 291 292 290  0.217 0.92 0.92 
4 291 268 284 292  0.217 0.92 0.92 
4 274 286 293 281  0.217 0.92 0.92 
4 289 290 294 295  0.217 0.92 0.92 
4 290 292 296 294  0.217 0.92 0.92 
4 297 120 298 299  0.217 0.92 0.92 
4 297 299 300 130  0.217 0.92 0.92 
4 120 297 130 121  0.217 0.92 0.92 
4 299 298 284 276  0.217 0.92 0.92 
4 299 276 283 300  0.217 0.92 0.92 
4 298 301 292 284  0.217 0.92 0.92 
4 292 301 302 296  0.217 0.92 0.92 
4 120 119 301 298  0.217 0.92 0.92 
4 301 119 124 302  0.217 0.92 0.92 
4 278 277 303 304  0.217 0.92 0.92 
4 279 278 304 305  0.217 0.92 0.92 
4 304 303 306 305  0.217 0.92 0.92 
4 277 280 307 303  0.217 0.92 0.92 
4 280 282 308 307  0.217 0.92 0.92 
4 303 307 308 306  0.217 0.92 0.92 
4 282 281 309 308  0.217 0.92 0.92 
4 306 308 309 310  0.217 0.92 0.92 
4 283 279 305 311  0.217 0.92 0.92 
4 305 306 310 311  0.217 0.92 0.92 
4 311 310 312 313  0.217 0.92 0.92 
4 281 293 314 309  0.217 0.92 0.92 
4 310 309 314 312  0.217 0.92 0.92 
4 293 295 315 314  0.217 0.92 0.92 
4 295 294 316 315  0.217 0.92 0.92 
4 312 314 315 316  0.217 0.92 0.92 
4 294 296 317 316  0.217 0.92 0.92 
4 313 312 316 317  0.217 0.92 0.92 
4 130 300 318 131  0.217 0.92 0.92 
4 300 283 311 318  0.217 0.92 0.92 
4 296 302 319 317  0.217 0.92 0.92 
4 320 313 317 319  0.217 0.92 0.92 
4 302 124 133 319  0.217 0.92 0.92 
4 141 320 319 133  0.217 0.92 0.92 
4 131 318 321 138  0.217 0.92 0.92 
4 320 141 139 322  0.217 0.92 0.92 
4 138 321 322 139  0.217 0.92 0.92 
4 318 311 323 321  0.217 0.92 0.92 
4 311 313 324 323  0.217 0.92 0.92 
4 313 320 322 324  0.217 0.92 0.92 
4 321 323 324 322  0.217 0.92 0.92 
4 173 175 325 326  0.217 0.92 0.92 
4 173 326 327 206  0.217 0.92 0.92 
4 326 325 328 327  0.217 0.92 0.92 
4 175 179 329 325  0.217 0.92 0.92 
4 325 329 330 328  0.217 0.92 0.92 
4 212 328 330 213  0.217 0.92 0.92 
4 206 327 331 211  0.217 0.92 0.92 
4 327 328 332 331  0.217 0.92 0.92 
4 328 212 215 332  0.217 0.92 0.92 
4 179 186 333 329  0.217 0.92 0.92 
4 329 333 334 330  0.217 0.92 0.92 
4 186 189 335 333  0.217 0.92 0.92 
4 333 335 336 334  0.217 0.92 0.92 
4 335 189 218 336  0.217 0.92 0.92 
4 225 334 336 218  0.217 0.92 0.92 
4 213 330 337 214  0.217 0.92 0.92 
4 330 334 338 337  0.217 0.92 0.92 
4 334 225 223 338  0.217 0.92 0.92 
4 214 337 338 223  0.217 0.92 0.92 
4 211 331 339 236  0.217 0.92 0.92 
4 331 332 340 341  0.217 0.92 0.92 
4 331 341 342 339  0.217 0.92 0.92 
4 341 340 343 342  0.217 0.92 0.92 
4 339 342 343 344  0.217 0.92 0.92 
4 332 337 345 340  0.217 0.92 0.92 
4 340 345 346 343  0.217 0.92 0.92 
4 344 343 346 347  0.217 0.92 0.92 
4 215 214 337 332  0.217 0.92 0.92 
4 337 214 238 347  0.217 0.92 0.92 
4 236 339 348 243  0.217 0.92 0.92 
4 339 344 349 348  0.217 0.92 0.92 
4 344 347 350 349  0.217 0.92 0.92 
4 347 238 245 350  0.217 0.92 0.92 
4 351 352 353 354  0.217 0.92 0.92 
4 351 354 355 356  0.217 0.92 0.92 
4 352 351 356 357  0.217 0.92 0.92 
4 356 355 358 357  0.217 0.92 0.92 
4 352 359 360 353  0.217 0.92 0.92 
4 353 360 361 358  0.217 0.92 0.92 
4 359 352 357 362  0.217 0.92 0.92 
4 357 358 361 362  0.217 0.92 0.92 
4 359 363 364 360  0.217 0.92 0.92 
4 364 363 365 366  0.217 0.92 0.92 
4 363 359 362 365  0.217 0.92 0.92 
4 362 361 366 365  0.217 0.92 0.92 
4 337 338 367 345  0.217 0.92 0.92 
4 345 367 368 346  0.217 0.92 0.92 
4 367 338 369 368  0.217 0.92 0.92 
4 338 337 347 369  0.217 0.92 0.92 
4 347 346 368 369  0.217 0.92 0.92 
4 243 348 370 254  0.217 0.92 0.92 
4 348 349 371 370  0.217 0.92 0.92 
4 349 350 372 371  0.217 0.92 0.92 
4 350 245 256 372  0.217 0.92 0.92 
4 254 370 373 261  0.217 0.92 0.92 
4 370 371 374 375  0.217 0.92 0.92 
4 370 375 376 373  0.217 0.92 0.92 
4 373 376 377 378  0.217 0.92 0.92 
4 371 372 379 374  0.217 0.92 0.92 
4 378 377 380 381  0.217 0.92 0.92 
4 372 256 263 381  0.217 0.92 0.92 
4 273 378 381 263  0.217 0.92 0.92 
4 375 374 382 383  0.217 0.92 0.92 
4 375 383 384 376  0.217 0.92 0.92 
4 376 384 385 377  0.217 0.92 0.92 
4 383 382 386 387  0.217 0.92 0.92 
4 383 387 388 384  0.217 0.92 0.92 
4 384 388 389 385  0.217 0.92 0.92 
4 382 390 391 386  0.217 0.92 0.92 
4 385 389 392 393  0.217 0.92 0.92 
4 374 379 390 382  0.217 0.92 0.92 
4 390 379 380 393  0.217 0.92 0.92 
4 377 385 393 380  0.217 0.92 0.92 
4 390 394 395 391  0.217 0.92 0.92 
4 395 394 396 397  0.217 0.92 0.92 
4 394 390 393 396  0.217 0.92 0.92 
4 393 392 397 396  0.217 0.92 0.92 
4 372 398 399 379  0.217 0.92 0.92 
4 379 399 400 380  0.217 0.92 0.92 
4 399 398 401 400  0.217 0.92 0.92 
4 398 372 381 401  0.217 0.92 0.92 
4 381 380 400 401  0.217 0.92 0.92 
4 261 373 402 272  0.217 0.92 0.92 
4 373 378 403 402  0.217 0.92 0.92 
4 378 273 275 403  0.217 0.92 0.92 
4 272 402 404 280  0.217 0.92 0.92 
4 402 403 405 404  0.217 0.92 0.92 
4 403 275 282 405  0.217 0.92 0.92 
4 280 404 405 282  0.217 0.92 0.92 
4 286 289 406 407  0.217 0.92 0.92 
4 286 407 408 293  0.217 0.92 0.92 
4 407 406 409 408  0.217 0.92 0.92 
4 406 289 295 409  0.217 0.92 0.92 
4 293 408 409 295  0.217 0.92 0.92 
4 354 353 410 411  0.217 0.92 0.92 
4 354 411 412 355  0.217 0.92 0.92 
4 410 353 358 413  0.217 0.92 0.92 
4 411 410 414 415  0.217 0.92 0.92 
4 411 415 416 412  0.217 0.92 0.92 
4 415 414 417 416  0.217 0.92 0.92 
4 410 418 419 414  0.217 0.92 0.92 
4 414 419 420 417  0.217 0.92 0.92 
4 418 410 413 421  0.217 0.92 0.92 
4 355 412 422 423  0.217 0.92 0.92 
4 413 358 424 425  0.217 0.92 0.92 
4 358 355 423 424  0.217 0.92 0.92 
4 412 416 426 422  0.217 0.92 0.92 
4 416 417 427 426  0.217 0.92 0.92 
4 417 420 428 427  0.217 0.92 0.92 
4 421 413 425 429  0.217 0.92 0.92 
4 360 364 430 418  0.217 0.92 0.92 
4 360 418 421 361  0.217 0.92 0.92 
4 430 364 366 431  0.217 0.92 0.92 
4 418 430 432 419  0.217 0.92 0.92 
4 419 432 433 420  0.217 0.92 0.92 
4 432 430 431 433  0.217 0.92 0.92 
4 361 421 429 434  0.217 0.92 0.92 
4 431 366 435 436  0.217 0.92 0.92 
4 366 361 434 435  0.217 0.92 0.92 
4 420 433 437 428  0.217 0.92 0.92 
4 433 431 436 437  0.217 0.92 0.92 
4 423 422 438 387  0.217 0.92 0.92 
4 424 423 387 386  0.217 0.92 0.92 
4 422 426 439 438  0.217 0.92 0.92 
4 426 427 440 439  0.217 0.92 0.92 
4 427 428 441 440  0.217 0.92 0.92 
4 424 434 429 425  0.217 0.92 0.92 
4 434 424 386 391  0.217 0.92 0.92 
4 387 438 442 388  0.217 0.92 0.92 
4 388 442 443 389  0.217 0.92 0.92 
4 438 439 444 442  0.217 0.92 0.92 
4 439 440 445 444  0.217 0.92 0.92 
4 442 444 445 443  0.217 0.92 0.92 
4 440 441 446 445  0.217 0.92 0.92 
4 443 445 446 447  0.217 0.92 0.92 
4 389 443 447 392  0.217 0.92 0.92 
4 436 435 395 448  0.217 0.92 0.92 
4 435 434 391 395  0.217 0.92 0.92 
4 428 437 449 441  0.217 0.92 0.92 
4 437 436 448 449  0.217 0.92 0.92 
4 448 395 397 450  0.217 0.92 0.92 
4 392 447 450 397  0.217 0.92 0.92 
4 441 449 451 446  0.217 0.92 0.92 
4 449 448 450 451  0.217 0.92 0.92 
4 447 446 451 450  0.217 0.92 0.92 
