OFF
347 488 0

0 -24.24 -7.15475
4.04 -24.24 -11.1948
4.04 -28.28 -7.15475
4.04 -23.2599 -4.0251
4.04 -24.2166 -7.1501
0 -24.24 -3.11475
4.04 -29.6072 -4.3472
0 -28.28 -3.11475
8.08 -24.24 -3.11475
8.08 -28.28 -3.11475
8.08 -24.24 -7.15475
4.03984 -20.1728 -11.4583
0 -20.2 -11.1948
4.04 -20.2 -7.15475
8.08 -20.2 -11.1948
4.04 -16.16 -11.1948
4.03989 -15.8404 -7.20731
0 -16.16 -7.15475
4.04 -20.2 -3.11475
0 -16.16 -3.11475
4.04 -15.785 -3.11475
8.08 -16.16 -3.11475
8.08 -16.16 -7.15475
4.03984 20.1728 -11.4583
4.04 16.16 -11.1948
0 20.2 -11.1948
4.04 20.2 -7.15475
0 16.16 -7.15475
4.03989 15.8404 -7.20731
0 16.16 -3.11475
4.04 20.2 -3.11475
4.04 15.785 -3.11475
8.08 16.16 -3.11475
8.08 16.16 -7.15475
8.08 20.2 -11.1948
4.04 24.24 -11.1948
0 24.24 -7.15475
4.04 24.2166 -7.15008
8.08 24.24 -7.15475
4.04 28.28 -7.15475
0 24.24 -3.11475
0 28.28 -3.11475
4.04 29.6072 -4.3472
4.04 23.2599 -4.0251
8.08 24.24 -3.11475
8.08 28.28 -3.11475
0 -24.24 4.96525
0 -28.28 4.96525
4.04 -28.28 9.00525
4.04023 -28.3843 5.06126
4.03788 -25.1098 9.54025
0 -24.24 9.00525
8.08 -24.24 4.96525
8.08 -24.24 9.00525
8.08 -28.28 4.96525
0 -28.28 0.92525
4.04 -32.32 -3.11475
4.04001 -32.3335 0.929203
0 -32.32 0.92525
4.04 -32.32 4.96525
8.08 -28.28 0.92525
8.08 -32.32 0.92525
0 -24.24 0.92525
8.08 -24.24 0.92525
0 -20.2 9.00525
0 -20.2 4.96525
4.04 -24.24 13.0452
4.03496 -23.1165 13.9548
0 -20.2 13.0452
8.08 -20.2 9.00525
8.08 -20.2 13.0452
8.08 -20.2 4.96525
0 -16.16 9.00525
0 -16.16 4.96525
4.04 -15.1377 8.73131
4.04 -15.785 4.96525
0 -16.16 13.0452
4.04 -14.1276 12.5007
8.08 -16.16 9.00525
8.08 -16.16 13.0452
8.08 -16.16 4.96525
0 -20.2 0.92525
8.08 -20.2 0.92525
4.04 -15.785 0.92525
0 -16.16 0.92525
8.08 -16.16 0.92525
0 16.16 4.96525
4.04 15.785 4.96525
4.04 15.1377 8.73131
0 16.16 9.00525
0 20.2 9.00525
0 20.2 4.96525
4.04 14.1276 12.5007
0 16.16 13.0452
0 20.2 13.0452
8.08 16.16 9.00525
8.08 16.16 13.0452
8.08 20.2 9.00525
8.08 20.2 13.0452
8.08 16.16 4.96525
8.08 20.2 4.96525
0 24.24 9.00525
0 24.24 4.96525
4.04 24.24 13.0452
4.03369 23.1253 13.9314
4.03831 25.1125 9.53194
8.08 24.24 9.00525
8.08 24.24 4.96525
0 16.16 0.92525
0 20.2 0.92525
4.04 15.785 0.92525
8.08 16.16 0.92525
8.08 20.2 0.92525
0 24.24 0.92525
8.08 24.24 0.92525
4.04 28.28 9.00525
4.04023 28.3843 5.06126
0 28.28 4.96525
8.08 28.28 4.96525
0 28.28 0.92525
8.08 28.28 0.92525
0 32.32 0.92525
4.04 32.32 -3.11475
4.04001 32.3335 0.929203
4.04 32.32 4.96525
8.08 32.32 0.92525
-4.04 -20.2 29.2052
-8.08 -16.16 29.2052
-8.08 -16.16 25.1653
-4.04 -20.2 25.1653
-4.04085 -17.4398 30.784
-4.04135 -18.638 23.5542
0 -20.2 25.1653
0 -20.2 29.2052
-0.000853033 -17.4409 30.7853
0 -18.6035 23.5053
0 -16.16 21.1253
0 -20.2 21.1253
4.04 -21.0716 21.3588
4.04 -20.2 25.1653
4.04 -20.2 29.2052
4.04091 -17.4975 30.7391
8.08 -16.16 29.2052
8.08 -16.16 25.1653
8.08 -16.16 21.1253
8.08 -20.2 21.1253
4.04 -22.0816 17.5894
0 -20.2 17.0852
0 -16.16 17.0852
8.08 -20.2 17.0852
8.08 -16.16 17.0852
-8.08 -12.12 25.1653
-8.08 -12.12 21.1253
-4.04 -16.16 21.1253
-4.04 -12.12 21
-8.08 -12.12 29.2052
0 -12.12 21
-8.08 -8.08 25.1653
-8.08 -8.08 21.1253
-4.04 -8.08 21
-8.08 -8.08 29.2052
0 -8.08 21
8.08 -12.12 25.1653
8.08 -12.12 29.2052
8.08 -12.12 21.1253
2 -8.08 29.2052
4.04 -8.08 29.2052
4.04 -8.08 25.1653
2 -8.08 25.1653
4.0369 -10.7833 30.9551
4.04 -8.08 21.1253
4.04 -11.2501 20.5725
4.04 -12.12 13.0452
4.04 -12.12 17.0852
0 -12.12 17.0852
0 -8.08 17.0852
-8.08 -4.04 25.1653
-8.08 -4.04 21.1253
-4.04 -4.04 21
-8.08 -4.04 29.2052
2 -4.04 25.1653
2 -4.04 29.2052
0 -4.04 21
-8.08 0 25.1653
-8.08 0 21.1253
-4.04 0 21
-8.08 0 29.2052
2 0 25.1653
2 0 29.2052
0 0 21
4.04 -4.04 25.1653
4.04 -4.04 21.1253
4.04 0 25.1653
4.04 0 21.1253
-8.08 4.04 25.1653
-8.08 4.04 21.1253
-4.04 4.04 21
-8.08 4.04 29.2052
2 4.04 25.1653
2 4.04 29.2052
0 4.04 21
-8.08 8.08 25.1653
-8.08 8.08 21.1253
-4.04 8.08 21
-8.08 8.08 29.2052
2 8.08 25.1653
2 8.08 29.2052
0 8.08 21
4.04 4.04 25.1653
4.04 4.04 21.1253
4.04 8.08 25.1653
4.04 8.08 21.1253
-8.08 12.12 25.1653
-8.08 12.12 21.1253
-4.04 12.12 21
-8.08 12.12 29.2052
0 12.12 21
-8.08 16.16 25.1653
-4.04 16.16 21.1253
-4.04135 18.638 23.5542
-8.08 16.16 29.2052
0 16.16 21.1253
0 18.6035 23.5053
4.04 8.08 29.2052
8.08 12.12 29.2052
8.08 12.12 25.1653
4.0369 10.7833 30.9551
8.08 12.12 21.1253
4.04 11.2501 20.5725
8.08 16.16 25.1653
8.08 16.16 29.2052
8.08 16.16 21.1253
0 12.12 17.0852
4.04 12.12 17.0852
0 8.08 17.0852
0 16.16 17.0852
4.04 12.12 13.0452
8.08 16.16 17.0852
-4.04 20.2 25.1653
-4.04 20.2 29.2052
-4.04085 17.4398 30.784
-0.000853033 17.4409 30.7853
0 20.2 29.2052
0 20.2 25.1653
4.04 21.0716 21.3588
0 20.2 21.1253
4.04 20.2 25.1653
4.04091 17.4975 30.7391
4.04 20.2 29.2052
8.08 20.2 21.1253
0 20.2 17.0852
4.04 22.0816 17.5894
8.08 20.2 17.0852
-4.04 -12.12 33.2452
-4.04 -16.16 33.2452
0 -16.16 33.2452
0 -12.12 33.2452
-4.04 -8.08 33.2452
0 -8.08 33.2452
4.04 -16.16 33.2452
4.04 -12.12 33.2452
-8.08 -4.04 33.2452
-4.03999 -3.57644 33.9917
-4.04 -4.04 37.2852
0 -4.04 37.2852
-5.21133e-06 -3.57632 33.9916
-4.04 0 33.2452
0 0 33.2452
-4.04 -8.5 41.3252
-8.08 -8.08 41.3252
-4.04 -8.08 37.2852
-4.04 -4.04 41.3252
-8.08 -8.08 45.3653
-4.04 -4.04 45.3653
-4.04 -8.5 45.3653
0 -8.5 41.3252
0 -8.5 45.3653
0 -4.04 45.3653
0 -4.04 41.3252
0 -8.08 37.2852
4.04 -8.08 41.3252
4.04 -8.08 45.3653
4.04 -4.04 29.2052
4.04 -4.04 33.2452
4.04 0 29.2052
-4.04 3.57633 33.9916
-8.08 4.04 33.2452
-3.24717e-06 3.57632 33.9916
-4.04 8.08 33.2452
-4.04 4.04 37.2852
0 4.04 37.2852
0 8.08 33.2452
-4.04 8.5 41.3252
-4.04 8.08 37.2852
-8.08 8.08 41.3252
-4.04 4.04 41.3252
-4.04 4.04 45.3653
-8.08 8.08 45.3653
-4.04 8.5 45.3653
0 4.04 41.3252
0 4.04 45.3653
0 8.5 45.3653
0 8.5 41.3252
0 8.08 37.2852
4.04 8.08 41.3252
4.04 8.08 45.3653
4.04 4.04 29.2052
4.04 4.04 33.2452
-4.04 12.12 33.2452
0 12.12 33.2452
-4.04 16.16 33.2452
0 16.16 33.2452
4.04 12.12 33.2452
4.04 16.16 33.2452
-4.04 -8.08 49.4053
-4.08889 -4.04 53.6276
-8.08 -4.04 53.4453
-8.08 -8.08 53.4453
-4.08889 -8.08 53.6276
-4.04 -4.04 49.4053
0 -8.08 53.4453
0 -4.04 53.4453
-0.318575 -8.07981 49.3467
-0.31625 -4.03981 49.3471
-8.08 -4.04 45.3653
-8.08 -4.04 49.4053
-8.08 0 49.4053
-8.08 0 45.3653
-4.04 0 49.4053
-4.04 0 45.3653
-4.04 0 53.4453
0 0 49.4053
4.04 -8.08 49.4053
4.04 -4.04 49.4053
-8.08 4.04 49.4053
-8.08 4.04 45.3653
-4.04 4.04 49.4053
-4.08889 4.04 53.6276
-8.08 4.04 53.4453
0 4.04 53.4453
-4.04 8.08 49.4053
-4.08889 8.08 53.6276
-8.08 8.08 53.4453
0 8.08 53.4453
0 8.5 49.4053
4.04 4.04 49.4053
4.04 8.08 49.4053

3 0 1 2  0.217 0.92 0.92 
4 3 4 0 5  0.217 0.92 0.92 
3 5 0 2  0.217 0.92 0.92 
3 6 7 2  0.217 0.92 0.92 
3 7 5 2  0.217 0.92 0.92 
3 8 9 2  0.217 0.92 0.92 
3 9 6 2  0.217 0.92 0.92 
4 3 8 10 4  0.217 0.92 0.92 
3 10 8 2  0.217 0.92 0.92 
3 2 1 10  0.217 0.92 0.92 
3 11 1 12  0.217 0.92 0.92 
3 1 13 12  0.217 0.92 0.92 
3 4 13 0  0.217 0.92 0.92 
3 13 1 0  0.217 0.92 0.92 
3 1 13 10  0.217 0.92 0.92 
3 13 4 10  0.217 0.92 0.92 
3 13 1 14  0.217 0.92 0.92 
3 1 11 14  0.217 0.92 0.92 
3 13 15 12  0.217 0.92 0.92 
3 15 11 12  0.217 0.92 0.92 
3 16 15 17  0.217 0.92 0.92 
3 15 13 17  0.217 0.92 0.92 
4 18 19 17 13  0.217 0.92 0.92 
4 20 16 17 19  0.217 0.92 0.92 
4 20 21 22 16  0.217 0.92 0.92 
4 21 18 13 22  0.217 0.92 0.92 
3 13 15 22  0.217 0.92 0.92 
3 15 16 22  0.217 0.92 0.92 
3 11 15 14  0.217 0.92 0.92 
3 15 13 14  0.217 0.92 0.92 
3 23 24 25  0.217 0.92 0.92 
3 24 26 25  0.217 0.92 0.92 
3 26 24 27  0.217 0.92 0.92 
3 24 28 27  0.217 0.92 0.92 
4 26 27 29 30  0.217 0.92 0.92 
4 28 31 29 27  0.217 0.92 0.92 
4 30 32 33 26  0.217 0.92 0.92 
4 31 28 33 32  0.217 0.92 0.92 
3 28 24 33  0.217 0.92 0.92 
3 24 26 33  0.217 0.92 0.92 
3 26 24 34  0.217 0.92 0.92 
3 24 23 34  0.217 0.92 0.92 
3 26 35 25  0.217 0.92 0.92 
3 35 23 25  0.217 0.92 0.92 
3 35 26 36  0.217 0.92 0.92 
3 26 37 36  0.217 0.92 0.92 
3 37 26 38  0.217 0.92 0.92 
3 26 35 38  0.217 0.92 0.92 
3 23 35 34  0.217 0.92 0.92 
3 35 26 34  0.217 0.92 0.92 
3 35 36 39  0.217 0.92 0.92 
3 40 41 39  0.217 0.92 0.92 
3 41 42 39  0.217 0.92 0.92 
4 43 40 36 37  0.217 0.92 0.92 
3 36 40 39  0.217 0.92 0.92 
4 43 37 38 44  0.217 0.92 0.92 
3 44 38 39  0.217 0.92 0.92 
3 42 45 39  0.217 0.92 0.92 
3 45 44 39  0.217 0.92 0.92 
3 38 35 39  0.217 0.92 0.92 
3 46 47 48  0.217 0.92 0.92 
3 47 49 48  0.217 0.92 0.92 
3 50 51 48  0.217 0.92 0.92 
3 51 46 48  0.217 0.92 0.92 
3 52 53 48  0.217 0.92 0.92 
3 53 50 48  0.217 0.92 0.92 
3 49 54 48  0.217 0.92 0.92 
3 54 52 48  0.217 0.92 0.92 
3 55 7 56  0.217 0.92 0.92 
3 7 6 56  0.217 0.92 0.92 
3 57 58 56  0.217 0.92 0.92 
3 58 55 56  0.217 0.92 0.92 
3 55 58 59  0.217 0.92 0.92 
3 58 57 59  0.217 0.92 0.92 
3 49 47 59  0.217 0.92 0.92 
3 47 55 59  0.217 0.92 0.92 
3 60 54 59  0.217 0.92 0.92 
3 54 49 59  0.217 0.92 0.92 
3 57 61 59  0.217 0.92 0.92 
3 61 60 59  0.217 0.92 0.92 
3 60 61 56  0.217 0.92 0.92 
3 61 57 56  0.217 0.92 0.92 
3 6 9 56  0.217 0.92 0.92 
3 9 60 56  0.217 0.92 0.92 
4 7 55 62 5  0.217 0.92 0.92 
4 55 47 46 62  0.217 0.92 0.92 
4 54 60 63 52  0.217 0.92 0.92 
4 60 9 8 63  0.217 0.92 0.92 
4 46 51 64 65  0.217 0.92 0.92 
3 64 51 66  0.217 0.92 0.92 
3 51 50 66  0.217 0.92 0.92 
3 67 68 66  0.217 0.92 0.92 
3 68 64 66  0.217 0.92 0.92 
3 69 70 66  0.217 0.92 0.92 
3 70 67 66  0.217 0.92 0.92 
3 50 53 66  0.217 0.92 0.92 
3 53 69 66  0.217 0.92 0.92 
4 53 52 71 69  0.217 0.92 0.92 
4 65 64 72 73  0.217 0.92 0.92 
4 73 72 74 75  0.217 0.92 0.92 
4 64 68 76 72  0.217 0.92 0.92 
4 72 76 77 74  0.217 0.92 0.92 
4 70 69 78 79  0.217 0.92 0.92 
4 74 77 79 78  0.217 0.92 0.92 
4 69 71 80 78  0.217 0.92 0.92 
4 75 74 78 80  0.217 0.92 0.92 
3 62 81 18  0.217 0.92 0.92 
3 3 5 18  0.217 0.92 0.92 
3 5 62 18  0.217 0.92 0.92 
4 62 46 65 81  0.217 0.92 0.92 
4 52 63 82 71  0.217 0.92 0.92 
3 63 8 18  0.217 0.92 0.92 
3 8 3 18  0.217 0.92 0.92 
3 82 63 18  0.217 0.92 0.92 
4 83 20 19 84  0.217 0.92 0.92 
3 84 19 18  0.217 0.92 0.92 
3 81 84 18  0.217 0.92 0.92 
4 81 65 73 84  0.217 0.92 0.92 
4 84 73 75 83  0.217 0.92 0.92 
4 71 82 85 80  0.217 0.92 0.92 
4 83 75 80 85  0.217 0.92 0.92 
3 85 82 18  0.217 0.92 0.92 
4 83 85 21 20  0.217 0.92 0.92 
3 21 85 18  0.217 0.92 0.92 
4 86 87 88 89  0.217 0.92 0.92 
4 86 89 90 91  0.217 0.92 0.92 
4 89 88 92 93  0.217 0.92 0.92 
4 89 93 94 90  0.217 0.92 0.92 
4 88 95 96 92  0.217 0.92 0.92 
4 96 95 97 98  0.217 0.92 0.92 
4 87 99 95 88  0.217 0.92 0.92 
4 95 99 100 97  0.217 0.92 0.92 
4 91 90 101 102  0.217 0.92 0.92 
3 90 94 103  0.217 0.92 0.92 
3 94 104 103  0.217 0.92 0.92 
3 105 101 103  0.217 0.92 0.92 
3 101 90 103  0.217 0.92 0.92 
3 97 106 103  0.217 0.92 0.92 
3 106 105 103  0.217 0.92 0.92 
3 104 98 103  0.217 0.92 0.92 
3 98 97 103  0.217 0.92 0.92 
4 97 100 107 106  0.217 0.92 0.92 
3 108 109 30  0.217 0.92 0.92 
4 110 108 29 31  0.217 0.92 0.92 
3 29 108 30  0.217 0.92 0.92 
4 108 110 87 86  0.217 0.92 0.92 
4 108 86 91 109  0.217 0.92 0.92 
4 110 111 99 87  0.217 0.92 0.92 
4 99 111 112 100  0.217 0.92 0.92 
4 110 31 32 111  0.217 0.92 0.92 
3 111 32 30  0.217 0.92 0.92 
3 112 111 30  0.217 0.92 0.92 
3 113 40 30  0.217 0.92 0.92 
3 40 43 30  0.217 0.92 0.92 
3 109 113 30  0.217 0.92 0.92 
4 109 91 102 113  0.217 0.92 0.92 
4 100 112 114 107  0.217 0.92 0.92 
3 114 112 30  0.217 0.92 0.92 
3 43 44 30  0.217 0.92 0.92 
3 44 114 30  0.217 0.92 0.92 
3 102 101 115  0.217 0.92 0.92 
3 101 105 115  0.217 0.92 0.92 
3 116 117 115  0.217 0.92 0.92 
3 117 102 115  0.217 0.92 0.92 
3 107 118 115  0.217 0.92 0.92 
3 118 116 115  0.217 0.92 0.92 
3 105 106 115  0.217 0.92 0.92 
3 106 107 115  0.217 0.92 0.92 
4 40 113 119 41  0.217 0.92 0.92 
4 113 102 117 119  0.217 0.92 0.92 
4 107 114 120 118  0.217 0.92 0.92 
4 114 44 45 120  0.217 0.92 0.92 
3 119 121 122  0.217 0.92 0.92 
3 121 123 122  0.217 0.92 0.92 
3 42 41 122  0.217 0.92 0.92 
3 41 119 122  0.217 0.92 0.92 
3 119 117 124  0.217 0.92 0.92 
3 117 116 124  0.217 0.92 0.92 
3 123 121 124  0.217 0.92 0.92 
3 121 119 124  0.217 0.92 0.92 
3 120 125 124  0.217 0.92 0.92 
3 125 123 124  0.217 0.92 0.92 
3 116 118 124  0.217 0.92 0.92 
3 118 120 124  0.217 0.92 0.92 
3 120 45 122  0.217 0.92 0.92 
3 45 42 122  0.217 0.92 0.92 
3 123 125 122  0.217 0.92 0.92 
3 125 120 122  0.217 0.92 0.92 
4 126 127 128 129  0.217 0.92 0.92 
3 130 127 126  0.217 0.92 0.92 
3 131 129 128  0.217 0.92 0.92 
4 129 132 133 126  0.217 0.92 0.92 
4 126 133 134 130  0.217 0.92 0.92 
4 132 129 131 135  0.217 0.92 0.92 
3 132 135 136  0.217 0.92 0.92 
3 137 138 139  0.217 0.92 0.92 
3 139 132 137  0.217 0.92 0.92 
3 132 136 137  0.217 0.92 0.92 
4 132 139 140 133  0.217 0.92 0.92 
4 133 140 141 134  0.217 0.92 0.92 
4 142 140 139 143  0.217 0.92 0.92 
3 141 140 142  0.217 0.92 0.92 
3 144 143 139  0.217 0.92 0.92 
3 138 145 139  0.217 0.92 0.92 
3 145 144 139  0.217 0.92 0.92 
4 68 67 146 147  0.217 0.92 0.92 
4 68 147 148 76  0.217 0.92 0.92 
4 147 146 138 137  0.217 0.92 0.92 
4 147 137 136 148  0.217 0.92 0.92 
4 146 149 145 138  0.217 0.92 0.92 
4 145 149 150 144  0.217 0.92 0.92 
4 67 70 149 146  0.217 0.92 0.92 
4 149 70 79 150  0.217 0.92 0.92 
3 151 152 153  0.217 0.92 0.92 
3 152 154 153  0.217 0.92 0.92 
3 131 128 153  0.217 0.92 0.92 
3 128 151 153  0.217 0.92 0.92 
4 128 127 155 151  0.217 0.92 0.92 
4 154 156 136 153  0.217 0.92 0.92 
4 131 153 136 135  0.217 0.92 0.92 
4 152 151 157 158  0.217 0.92 0.92 
4 154 152 158 159  0.217 0.92 0.92 
4 151 155 160 157  0.217 0.92 0.92 
4 156 154 159 161  0.217 0.92 0.92 
4 142 143 162 163  0.217 0.92 0.92 
4 143 144 164 162  0.217 0.92 0.92 
4 165 166 167 168  0.217 0.92 0.92 
4 166 163 162 167  0.217 0.92 0.92 
3 169 163 166  0.217 0.92 0.92 
4 167 162 164 170  0.217 0.92 0.92 
3 171 170 164  0.217 0.92 0.92 
4 172 76 148 173  0.217 0.92 0.92 
3 77 76 172  0.217 0.92 0.92 
3 156 174 136  0.217 0.92 0.92 
3 136 174 148  0.217 0.92 0.92 
3 174 173 148  0.217 0.92 0.92 
3 144 150 173  0.217 0.92 0.92 
3 171 164 173  0.217 0.92 0.92 
3 164 144 173  0.217 0.92 0.92 
4 173 150 79 172  0.217 0.92 0.92 
3 77 172 79  0.217 0.92 0.92 
4 156 161 175 174  0.217 0.92 0.92 
3 174 175 170  0.217 0.92 0.92 
3 175 161 170  0.217 0.92 0.92 
3 171 173 170  0.217 0.92 0.92 
3 173 174 170  0.217 0.92 0.92 
4 158 157 176 177  0.217 0.92 0.92 
4 159 158 177 178  0.217 0.92 0.92 
4 157 160 179 176  0.217 0.92 0.92 
4 165 168 180 181  0.217 0.92 0.92 
4 161 159 178 182  0.217 0.92 0.92 
4 177 176 183 184  0.217 0.92 0.92 
4 178 177 184 185  0.217 0.92 0.92 
4 176 179 186 183  0.217 0.92 0.92 
4 181 180 187 188  0.217 0.92 0.92 
4 182 178 185 189  0.217 0.92 0.92 
4 168 167 190 180  0.217 0.92 0.92 
4 167 170 191 190  0.217 0.92 0.92 
4 170 161 182 191  0.217 0.92 0.92 
4 180 190 192 187  0.217 0.92 0.92 
4 190 191 193 192  0.217 0.92 0.92 
4 191 182 189 193  0.217 0.92 0.92 
4 184 183 194 195  0.217 0.92 0.92 
4 185 184 195 196  0.217 0.92 0.92 
4 183 186 197 194  0.217 0.92 0.92 
4 188 187 198 199  0.217 0.92 0.92 
4 189 185 196 200  0.217 0.92 0.92 
4 195 194 201 202  0.217 0.92 0.92 
4 196 195 202 203  0.217 0.92 0.92 
4 194 197 204 201  0.217 0.92 0.92 
4 199 198 205 206  0.217 0.92 0.92 
4 200 196 203 207  0.217 0.92 0.92 
4 187 192 208 198  0.217 0.92 0.92 
4 192 193 209 208  0.217 0.92 0.92 
4 193 189 200 209  0.217 0.92 0.92 
4 198 208 210 205  0.217 0.92 0.92 
4 208 209 211 210  0.217 0.92 0.92 
4 209 200 207 211  0.217 0.92 0.92 
4 202 201 212 213  0.217 0.92 0.92 
4 203 202 213 214  0.217 0.92 0.92 
4 201 204 215 212  0.217 0.92 0.92 
4 207 203 214 216  0.217 0.92 0.92 
3 212 217 218  0.217 0.92 0.92 
3 217 219 218  0.217 0.92 0.92 
3 214 213 218  0.217 0.92 0.92 
3 213 212 218  0.217 0.92 0.92 
4 212 215 220 217  0.217 0.92 0.92 
4 216 214 218 221  0.217 0.92 0.92 
4 222 221 218 219  0.217 0.92 0.92 
4 205 210 223 206  0.217 0.92 0.92 
4 224 223 210 225  0.217 0.92 0.92 
3 226 223 224  0.217 0.92 0.92 
4 225 210 211 227  0.217 0.92 0.92 
3 228 227 211  0.217 0.92 0.92 
4 224 225 229 230  0.217 0.92 0.92 
4 225 227 231 229  0.217 0.92 0.92 
3 232 233 211  0.217 0.92 0.92 
3 233 228 211  0.217 0.92 0.92 
4 216 232 234 207  0.217 0.92 0.92 
3 207 234 211  0.217 0.92 0.92 
3 234 232 211  0.217 0.92 0.92 
4 233 235 93 236  0.217 0.92 0.92 
3 92 236 93  0.217 0.92 0.92 
3 232 216 221  0.217 0.92 0.92 
3 221 235 232  0.217 0.92 0.92 
3 235 233 232  0.217 0.92 0.92 
3 231 227 233  0.217 0.92 0.92 
3 227 228 233  0.217 0.92 0.92 
3 237 231 233  0.217 0.92 0.92 
4 237 233 236 96  0.217 0.92 0.92 
3 92 96 236  0.217 0.92 0.92 
4 238 217 220 239  0.217 0.92 0.92 
3 219 217 238  0.217 0.92 0.92 
3 240 239 220  0.217 0.92 0.92 
4 240 241 242 239  0.217 0.92 0.92 
4 222 219 238 243  0.217 0.92 0.92 
4 238 239 242 243  0.217 0.92 0.92 
3 244 245 246  0.217 0.92 0.92 
3 222 243 221  0.217 0.92 0.92 
3 246 245 243  0.217 0.92 0.92 
3 245 221 243  0.217 0.92 0.92 
4 241 247 248 242  0.217 0.92 0.92 
4 243 242 248 246  0.217 0.92 0.92 
4 248 230 229 246  0.217 0.92 0.92 
3 247 230 248  0.217 0.92 0.92 
3 231 249 246  0.217 0.92 0.92 
3 249 244 246  0.217 0.92 0.92 
3 229 231 246  0.217 0.92 0.92 
4 93 235 250 94  0.217 0.92 0.92 
4 94 250 251 104  0.217 0.92 0.92 
4 235 221 245 250  0.217 0.92 0.92 
4 250 245 244 251  0.217 0.92 0.92 
4 231 237 252 249  0.217 0.92 0.92 
4 251 244 249 252  0.217 0.92 0.92 
4 237 96 98 252  0.217 0.92 0.92 
4 104 251 252 98  0.217 0.92 0.92 
4 253 155 127 254  0.217 0.92 0.92 
3 130 254 127  0.217 0.92 0.92 
4 130 134 255 254  0.217 0.92 0.92 
4 254 255 256 253  0.217 0.92 0.92 
4 257 160 155 253  0.217 0.92 0.92 
4 253 256 258 257  0.217 0.92 0.92 
4 134 141 259 255  0.217 0.92 0.92 
4 255 259 260 256  0.217 0.92 0.92 
4 163 260 259 142  0.217 0.92 0.92 
3 169 260 163  0.217 0.92 0.92 
3 141 142 259  0.217 0.92 0.92 
3 256 260 166  0.217 0.92 0.92 
3 260 169 166  0.217 0.92 0.92 
3 258 256 166  0.217 0.92 0.92 
3 179 160 257  0.217 0.92 0.92 
3 261 179 257  0.217 0.92 0.92 
3 262 261 263  0.217 0.92 0.92 
3 263 261 257  0.217 0.92 0.92 
4 258 264 263 257  0.217 0.92 0.92 
4 265 262 263 264  0.217 0.92 0.92 
3 179 261 266  0.217 0.92 0.92 
3 261 262 266  0.217 0.92 0.92 
3 186 179 266  0.217 0.92 0.92 
4 265 267 266 262  0.217 0.92 0.92 
3 268 269 270  0.217 0.92 0.92 
3 270 269 271  0.217 0.92 0.92 
4 271 269 272 273  0.217 0.92 0.92 
4 268 274 272 269  0.217 0.92 0.92 
4 268 275 276 274  0.217 0.92 0.92 
4 271 273 277 278  0.217 0.92 0.92 
4 278 279 270 271  0.217 0.92 0.92 
4 275 268 270 279  0.217 0.92 0.92 
3 275 279 280  0.217 0.92 0.92 
3 280 279 278  0.217 0.92 0.92 
4 277 281 280 278  0.217 0.92 0.92 
4 276 275 280 281  0.217 0.92 0.92 
3 282 283 258  0.217 0.92 0.92 
4 181 282 166 165  0.217 0.92 0.92 
3 166 282 258  0.217 0.92 0.92 
3 265 264 283  0.217 0.92 0.92 
3 264 258 283  0.217 0.92 0.92 
4 181 188 284 282  0.217 0.92 0.92 
3 282 284 267  0.217 0.92 0.92 
3 265 283 267  0.217 0.92 0.92 
3 283 282 267  0.217 0.92 0.92 
3 197 186 266  0.217 0.92 0.92 
3 285 286 266  0.217 0.92 0.92 
3 286 197 266  0.217 0.92 0.92 
4 287 285 266 267  0.217 0.92 0.92 
3 197 286 288  0.217 0.92 0.92 
3 204 197 288  0.217 0.92 0.92 
3 285 289 286  0.217 0.92 0.92 
3 286 289 288  0.217 0.92 0.92 
4 288 289 290 291  0.217 0.92 0.92 
4 285 287 290 289  0.217 0.92 0.92 
3 292 293 294  0.217 0.92 0.92 
3 294 293 295  0.217 0.92 0.92 
4 296 297 294 295  0.217 0.92 0.92 
4 298 292 294 297  0.217 0.92 0.92 
4 295 299 300 296  0.217 0.92 0.92 
4 292 298 301 302  0.217 0.92 0.92 
4 302 303 293 292  0.217 0.92 0.92 
4 303 299 295 293  0.217 0.92 0.92 
3 299 303 304  0.217 0.92 0.92 
3 303 302 304  0.217 0.92 0.92 
4 301 305 304 302  0.217 0.92 0.92 
4 305 300 299 304  0.217 0.92 0.92 
3 306 307 267  0.217 0.92 0.92 
3 307 287 267  0.217 0.92 0.92 
4 199 306 284 188  0.217 0.92 0.92 
3 284 306 267  0.217 0.92 0.92 
4 199 206 223 306  0.217 0.92 0.92 
3 306 223 291  0.217 0.92 0.92 
3 307 306 291  0.217 0.92 0.92 
3 287 307 290  0.217 0.92 0.92 
3 290 307 291  0.217 0.92 0.92 
4 308 215 204 288  0.217 0.92 0.92 
4 288 291 309 308  0.217 0.92 0.92 
4 310 220 215 308  0.217 0.92 0.92 
3 240 220 310  0.217 0.92 0.92 
4 308 309 311 310  0.217 0.92 0.92 
4 240 310 311 241  0.217 0.92 0.92 
3 309 291 223  0.217 0.92 0.92 
3 226 312 223  0.217 0.92 0.92 
3 312 309 223  0.217 0.92 0.92 
4 309 312 313 311  0.217 0.92 0.92 
4 241 311 313 247  0.217 0.92 0.92 
4 230 313 312 224  0.217 0.92 0.92 
3 247 313 230  0.217 0.92 0.92 
3 226 224 312  0.217 0.92 0.92 
3 274 314 272  0.217 0.92 0.92 
3 272 314 273  0.217 0.92 0.92 
4 315 316 317 318  0.217 0.92 0.92 
4 316 319 314 317  0.217 0.92 0.92 
3 318 317 314  0.217 0.92 0.92 
4 315 318 320 321  0.217 0.92 0.92 
3 318 314 320  0.217 0.92 0.92 
3 322 320 314  0.217 0.92 0.92 
3 274 276 314  0.217 0.92 0.92 
3 319 323 277  0.217 0.92 0.92 
3 276 322 314  0.217 0.92 0.92 
3 277 273 319  0.217 0.92 0.92 
3 273 314 319  0.217 0.92 0.92 
4 324 273 319 325  0.217 0.92 0.92 
4 324 325 326 327  0.217 0.92 0.92 
4 325 319 328 326  0.217 0.92 0.92 
4 319 273 329 328  0.217 0.92 0.92 
4 273 324 327 329  0.217 0.92 0.92 
3 319 316 330  0.217 0.92 0.92 
3 316 315 330  0.217 0.92 0.92 
3 315 321 330  0.217 0.92 0.92 
3 321 319 330  0.217 0.92 0.92 
3 323 319 331  0.217 0.92 0.92 
3 319 321 331  0.217 0.92 0.92 
4 322 276 281 332  0.217 0.92 0.92 
3 332 281 277  0.217 0.92 0.92 
3 333 332 277  0.217 0.92 0.92 
4 333 321 320 332  0.217 0.92 0.92 
3 322 332 320  0.217 0.92 0.92 
3 333 277 331  0.217 0.92 0.92 
3 277 323 331  0.217 0.92 0.92 
3 321 333 331  0.217 0.92 0.92 
4 327 326 334 335  0.217 0.92 0.92 
4 326 328 336 334  0.217 0.92 0.92 
4 328 329 296 336  0.217 0.92 0.92 
4 329 327 335 296  0.217 0.92 0.92 
4 335 334 336 296  0.217 0.92 0.92 
3 337 338 330  0.217 0.92 0.92 
3 338 336 330  0.217 0.92 0.92 
3 336 339 330  0.217 0.92 0.92 
3 339 337 330  0.217 0.92 0.92 
3 339 336 331  0.217 0.92 0.92 
3 336 300 331  0.217 0.92 0.92 
3 298 297 340  0.217 0.92 0.92 
3 340 297 296  0.217 0.92 0.92 
4 341 342 338 337  0.217 0.92 0.92 
4 342 340 336 338  0.217 0.92 0.92 
3 341 340 342  0.217 0.92 0.92 
4 341 337 339 343  0.217 0.92 0.92 
3 341 343 340  0.217 0.92 0.92 
3 344 340 343  0.217 0.92 0.92 
3 301 298 340  0.217 0.92 0.92 
3 300 336 296  0.217 0.92 0.92 
3 336 340 296  0.217 0.92 0.92 
3 344 301 340  0.217 0.92 0.92 
3 331 300 345  0.217 0.92 0.92 
3 339 331 345  0.217 0.92 0.92 
3 346 345 300  0.217 0.92 0.92 
4 344 346 305 301  0.217 0.92 0.92 
3 305 346 300  0.217 0.92 0.92 
4 346 343 339 345  0.217 0.92 0.92 
3 344 343 346  0.217 0.92 0.92 
