OFF
576 576 0

0 -32.32 -7.15475
4.04 -32.32 -7.15475
4.04 -32.32 -3.11475
0 -32.32 -3.11475
0 -28.28 -3.11475
0 -28.28 -7.15475
4.04 -28.28 -7.15475
4.04 -29.6072 -4.3472
0 -28.28 -11.1948
4.04 -28.28 -11.1948
0 -24.24 -7.15475
0 -24.24 -11.1948
4.04 -24.24 -11.1948
0 -24.24 -3.11475
8.08 -28.28 -7.15475
8.08 -28.28 -3.11475
8.08 -24.24 -7.15475
8.08 -24.24 -3.11475
4.04 -24.2166 -7.1501
4.04 -23.2599 -4.0251
8.08 -28.28 -11.1948
8.08 -24.24 -11.1948
0 -20.2 -7.15475
0 -20.2 -11.1948
0 -20.2 -3.11475
4.04 -20.2 -7.15475
4.04 -20.2 -3.11475
8.08 -20.2 -7.15475
8.08 -20.2 -11.1948
4.03984 -20.1728 -11.4583
0 -16.16 -7.15475
0 -16.16 -11.1948
0 -16.16 -3.11475
8.08 -20.2 -3.11475
8.08 -16.16 -7.15475
8.08 -16.16 -3.11475
4.03989 -15.8404 -7.20731
4.04 -15.785 -3.11475
8.08 -16.16 -11.1948
4.04 -16.16 -11.1948
0 -24.24 -15.2348
4.04 -24.24 -15.2348
0 -20.2 -15.2348
4.04 -20.2 -15.2348
0 -16.16 -15.2348
4.04 -16.16 -15.2348
-4.04 -16.16 -7.15475
-4.04 -16.16 -3.11475
-4.04 -12.12 -3.11475
-4.04 -12.12 -7.15475
0 -12.12 -3.11475
0 -12.12 -7.15475
-4.04 -16.16 -11.1948
-4.04 -12.12 -11.1948
0 -12.12 -11.1948
4.04 -12.12 -11.1948
4.04 -12.12 -7.15475
4.04 -12.12 -3.11475
0 12.12 -11.1948
4.04 12.12 -11.1948
4.04 12.12 -7.15475
0 12.12 -7.15475
0 16.16 -7.15475
0 16.16 -11.1948
4.04 16.16 -11.1948
4.03989 15.8404 -7.20731
4.04 12.12 -3.11475
0 12.12 -3.11475
0 16.16 -3.11475
4.04 15.785 -3.11475
-4.04 16.16 -7.15475
-4.04 16.16 -3.11475
-4.04 20.2 -3.11475
-4.04 20.2 -7.15475
0 20.2 -3.11475
0 20.2 -7.15475
-4.04 16.16 -11.1948
-4.04 20.2 -11.1948
0 20.2 -11.1948
8.08 16.16 -7.15475
8.08 16.16 -3.11475
8.08 20.2 -7.15475
8.08 20.2 -3.11475
4.04 20.2 -7.15475
4.04 20.2 -3.11475
8.08 16.16 -11.1948
8.08 20.2 -11.1948
4.03984 20.1728 -11.4583
0 24.24 -7.15475
0 24.24 -11.1948
0 24.24 -3.11475
4.04 24.2166 -7.15008
4.04 23.2599 -4.0251
8.08 24.24 -7.15475
8.08 24.24 -11.1948
4.04 24.24 -11.1948
0 16.16 -15.2348
4.04 16.16 -15.2348
0 20.2 -15.2348
4.04 20.2 -15.2348
0 24.24 -15.2348
4.04 24.24 -15.2348
-4.04 24.24 -7.15475
-4.04 24.24 -3.11475
-4.04 28.28 -3.11475
-4.04 28.28 -7.15475
0 28.28 -7.15475
0 28.28 -3.11475
0 28.28 -11.1948
4.04 28.28 -11.1948
4.04 28.28 -7.15475
8.08 24.24 -3.11475
8.08 28.28 -7.15475
8.08 28.28 -3.11475
4.04 29.6072 -4.3472
8.08 28.28 -11.1948
0 32.32 -3.11475
0 32.32 -7.15475
4.04 32.32 -7.15475
4.04 32.32 -3.11475
-4.04 -32.32 -3.11475
0 -32.32 0.92525
-4.04 -32.32 0.92525
-4.04 -28.28 0.92525
-4.04 -28.28 -3.11475
0 -28.28 0.92525
-4.04 -24.24 0.92525
-4.04 -24.24 -3.11475
0 -24.24 0.92525
0 -32.32 4.96525
4.04 -32.32 4.96525
4.04 -32.32 9.00525
0 -32.32 9.00525
0 -28.28 9.00525
0 -28.28 4.96525
4.04 -28.28 9.00525
4.04023 -28.3843 5.06126
0 -24.24 9.00525
0 -24.24 4.96525
4.04 -28.28 13.0452
0 -28.28 13.0452
0 -24.24 13.0452
4.04 -24.24 13.0452
4.03788 -25.1098 9.54025
8.08 -28.28 4.96525
8.08 -28.28 9.00525
8.08 -24.24 9.00525
8.08 -24.24 4.96525
4.04001 -32.3335 0.929203
8.08 -32.32 0.92525
8.08 -32.32 4.96525
8.08 -28.28 0.92525
8.08 -32.32 -3.11475
8.08 -24.24 0.92525
-4.04 -20.2 0.92525
-4.04 -20.2 -3.11475
0 -20.2 0.92525
-4.04 -24.24 9.00525
-4.04 -24.24 13.0452
-4.04 -20.2 13.0452
-4.04 -20.2 9.00525
0 -20.2 13.0452
0 -20.2 9.00525
-4.04 -24.24 4.96525
-4.04 -20.2 4.96525
0 -20.2 4.96525
8.08 -24.24 13.0452
8.08 -20.2 13.0452
4.03496 -23.1165 13.9548
8.08 -20.2 9.00525
8.08 -20.2 4.96525
0 -16.16 9.00525
0 -16.16 4.96525
0 -16.16 13.0452
8.08 -16.16 9.00525
8.08 -16.16 13.0452
4.04 -15.1377 8.73131
4.04 -14.1276 12.5007
8.08 -16.16 4.96525
4.04 -15.785 4.96525
8.08 -20.2 0.92525
0 -16.16 0.92525
8.08 -16.16 0.92525
4.04 -15.785 0.92525
0 -12.12 9.00525
0 -12.12 4.96525
4.04 -12.12 4.96525
4.04 -12.12 9.00525
0 -12.12 13.0452
4.04 -12.12 13.0452
0 -12.12 0.92525
4.04 -12.12 0.92525
0 12.12 4.96525
4.04 12.12 4.96525
4.04 12.12 9.00525
0 12.12 9.00525
0 16.16 9.00525
0 16.16 4.96525
4.04 15.785 4.96525
4.04 15.1377 8.73131
4.04 12.12 13.0452
0 12.12 13.0452
0 16.16 13.0452
4.04 14.1276 12.5007
4.04 12.12 0.92525
0 12.12 0.92525
0 16.16 0.92525
4.04 15.785 0.92525
-4.04 16.16 0.92525
-4.04 16.16 4.96525
-4.04 20.2 4.96525
-4.04 20.2 0.92525
0 20.2 4.96525
0 20.2 0.92525
-4.04 24.24 0.92525
0 24.24 0.92525
-4.04 16.16 9.00525
-4.04 16.16 13.0452
-4.04 20.2 13.0452
-4.04 20.2 9.00525
0 20.2 13.0452
0 20.2 9.00525
8.08 16.16 9.00525
8.08 16.16 13.0452
8.08 20.2 9.00525
8.08 20.2 13.0452
8.08 16.16 4.96525
8.08 20.2 4.96525
0 24.24 9.00525
0 24.24 4.96525
0 24.24 13.0452
4.03369 23.1253 13.9314
8.08 24.24 13.0452
4.04 24.24 13.0452
8.08 24.24 9.00525
4.03831 25.1125 9.53194
8.08 24.24 4.96525
8.08 16.16 0.92525
8.08 20.2 0.92525
8.08 24.24 0.92525
-4.04 28.28 0.92525
0 28.28 0.92525
-4.04 32.32 0.92525
-4.04 32.32 -3.11475
0 32.32 0.92525
0 28.28 9.00525
0 28.28 4.96525
0 28.28 13.0452
4.04 28.28 13.0452
4.04 28.28 9.00525
8.08 28.28 9.00525
8.08 28.28 4.96525
4.04023 28.3843 5.06126
0 32.32 9.00525
0 32.32 4.96525
4.04 32.32 9.00525
4.04 32.32 4.96525
8.08 28.28 0.92525
4.04001 32.3335 0.929203
8.08 32.32 4.96525
8.08 32.32 0.92525
8.08 32.32 -3.11475
-8.08 -20.2 25.1653
-4.04 -20.2 25.1653
-4.04 -20.2 29.2052
-8.08 -20.2 29.2052
-8.08 -16.16 29.2052
-8.08 -16.16 25.1653
-4.04085 -17.4398 30.784
-4.04135 -18.638 23.5542
0 -20.2 25.1653
0 -20.2 29.2052
-0.000853033 -17.4409 30.7853
0 -18.6035 23.5053
0 -24.24 21.1253
4.04 -24.24 21.1253
4.04 -24.24 25.1653
0 -24.24 25.1653
0 -20.2 21.1253
4.04 -20.2 25.1653
4.04 -21.0716 21.3588
0 -16.16 21.1253
4.04 -20.2 29.2052
4.04091 -17.4975 30.7391
8.08 -20.2 25.1653
8.08 -20.2 29.2052
8.08 -16.16 29.2052
8.08 -16.16 25.1653
8.08 -20.2 21.1253
8.08 -16.16 21.1253
4.04 -24.24 17.0852
0 -24.24 17.0852
0 -20.2 17.0852
4.04 -22.0816 17.5894
0 -16.16 17.0852
8.08 -20.2 17.0852
8.08 -16.16 17.0852
-8.08 -16.16 21.1253
-4.04 -16.16 21.1253
-8.08 -12.12 25.1653
-8.08 -12.12 21.1253
-4.04 -12.12 21
-8.08 -12.12 29.2052
0 -12.12 21
-8.08 -8.08 25.1653
-8.08 -8.08 21.1253
-4.04 -8.08 21
-8.08 -8.08 29.2052
0 -8.08 21
8.08 -12.12 25.1653
8.08 -12.12 29.2052
8.08 -12.12 21.1253
2 -8.08 25.1653
2 -8.08 29.2052
4.04 -8.08 29.2052
4.04 -8.08 25.1653
4.0369 -10.7833 30.9551
8.08 -8.08 29.2052
8.08 -8.08 25.1653
8.08 -8.08 21.1253
4.04 -11.2501 20.5725
4.04 -8.08 21.1253
0 -12.12 17.0852
4.04 -12.12 17.0852
8.08 -12.12 17.0852
8.08 -12.12 13.0452
0 -8.08 17.0852
4.04 -8.08 17.0852
-8.08 -4.04 25.1653
-8.08 -4.04 21.1253
-4.04 -4.04 21
-8.08 -4.04 29.2052
2 -4.04 25.1653
2 -4.04 29.2052
0 -4.04 21
-8.08 0 25.1653
-8.08 0 21.1253
-4.04 0 21
-8.08 0 29.2052
2 0 25.1653
2 0 29.2052
0 0 21
4.04 -4.04 25.1653
4.04 -4.04 21.1253
4.04 0 25.1653
4.04 0 21.1253
-8.08 4.04 25.1653
-8.08 4.04 21.1253
-4.04 4.04 21
-8.08 4.04 29.2052
2 4.04 25.1653
2 4.04 29.2052
0 4.04 21
-8.08 8.08 25.1653
-8.08 8.08 21.1253
-4.04 8.08 21
-8.08 8.08 29.2052
2 8.08 25.1653
2 8.08 29.2052
0 8.08 21
4.04 4.04 25.1653
4.04 4.04 21.1253
4.04 8.08 25.1653
4.04 8.08 21.1253
-8.08 12.12 25.1653
-8.08 12.12 21.1253
-4.04 12.12 21
-8.08 12.12 29.2052
0 12.12 21
-8.08 16.16 25.1653
-8.08 16.16 21.1253
-4.04 16.16 21.1253
-4.04135 18.638 23.5542
-8.08 16.16 29.2052
0 16.16 21.1253
0 18.6035 23.5053
4.04 8.08 29.2052
8.08 8.08 25.1653
8.08 8.08 29.2052
8.08 12.12 29.2052
4.0369 10.7833 30.9551
8.08 12.12 25.1653
8.08 8.08 21.1253
8.08 12.12 21.1253
4.04 11.2501 20.5725
8.08 16.16 25.1653
8.08 16.16 29.2052
8.08 16.16 21.1253
0 8.08 17.0852
4.04 8.08 17.0852
0 12.12 17.0852
4.04 12.12 17.0852
0 16.16 17.0852
8.08 12.12 17.0852
8.08 16.16 17.0852
8.08 12.12 13.0452
-8.08 20.2 29.2052
-8.08 20.2 25.1653
-4.04085 17.4398 30.784
-4.04 20.2 29.2052
-4.04 20.2 25.1653
-0.000853033 17.4409 30.7853
0 20.2 29.2052
0 20.2 25.1653
0 20.2 21.1253
4.04091 17.4975 30.7391
4.04 20.2 29.2052
4.04 20.2 25.1653
8.08 20.2 29.2052
8.08 20.2 25.1653
8.08 20.2 21.1253
4.04 21.0716 21.3588
0 24.24 25.1653
0 24.24 21.1253
4.04 24.24 25.1653
4.04 24.24 21.1253
0 20.2 17.0852
8.08 20.2 17.0852
4.04 22.0816 17.5894
0 24.24 17.0852
4.04 24.24 17.0852
-4.04 -16.16 33.2452
-8.08 -16.16 33.2452
-8.08 -12.12 33.2452
-4.04 -12.12 33.2452
0 -16.16 33.2452
0 -12.12 33.2452
-8.08 -8.08 33.2452
-4.04 -8.08 33.2452
0 -8.08 33.2452
4.04 -16.16 33.2452
4.04 -12.12 33.2452
8.08 -16.16 33.2452
8.08 -12.12 33.2452
4.04 -8.08 33.2452
-8.08 -4.04 33.2452
-4.04 -8.08 37.2852
-8.08 -8.08 37.2852
-8.08 -4.04 37.2852
-4.04 -4.04 37.2852
-4.03999 -3.57644 33.9917
0 -8.08 37.2852
0 -4.04 37.2852
-5.21133e-06 -3.57632 33.9916
-8.08 0 33.2452
-4.04 0 33.2452
0 0 33.2452
-4.04 -8.5 41.3252
-8.08 -8.08 41.3252
-8.08 -4.04 41.3252
-4.04 -4.04 41.3252
-4.04 -8.5 45.3653
-8.08 -8.08 45.3653
-8.08 -4.04 45.3653
-4.04 -4.04 45.3653
0 -8.5 41.3252
0 -8.5 45.3653
0 -4.04 45.3653
0 -4.04 41.3252
4.04 -8.08 37.2852
4.04 -8.08 41.3252
4.04 -4.04 37.2852
4.04 -4.04 41.3252
4.04 -8.08 45.3653
4.04 -4.04 45.3653
4.04 -4.04 29.2052
4.04 -4.04 33.2452
-8.08 4.04 33.2452
-4.04 3.57633 33.9916
-3.24717e-06 3.57632 33.9916
-8.08 8.08 33.2452
-4.04 4.04 37.2852
-8.08 4.04 37.2852
-8.08 8.08 37.2852
-4.04 8.08 37.2852
-4.04 8.08 33.2452
0 4.04 37.2852
0 8.08 37.2852
0 8.08 33.2452
-4.04 4.04 41.3252
-8.08 4.04 41.3252
-8.08 8.08 41.3252
-4.04 4.04 45.3653
-8.08 4.04 45.3653
-8.08 8.08 45.3653
-4.04 8.5 45.3653
-4.04 8.5 41.3252
0 4.04 41.3252
0 4.04 45.3653
0 8.5 45.3653
0 8.5 41.3252
4.04 4.04 37.2852
4.04 4.04 41.3252
4.04 8.08 37.2852
4.04 8.08 41.3252
4.04 4.04 45.3653
4.04 8.08 45.3653
4.04 4.04 29.2052
4.04 4.04 33.2452
4.04 8.08 33.2452
-8.08 12.12 33.2452
-4.04 12.12 33.2452
0 12.12 33.2452
-8.08 16.16 33.2452
-4.04 16.16 33.2452
0 16.16 33.2452
-8.08 12.12 41.3252
-8.08 12.12 37.2852
-4.04 12.12 41.3252
-4.04 12.12 37.2852
0 12.12 41.3252
0 12.12 37.2852
4.04 12.12 41.3252
4.04 12.12 37.2852
4.04 12.12 33.2452
4.04 16.16 33.2452
8.08 12.12 33.2452
8.08 16.16 33.2452
-8.08 -12.12 49.4053
-4.04 -12.12 49.4053
-4.04 -12.12 53.4453
-8.08 -12.12 53.4453
-8.08 -8.08 53.4453
-8.08 -8.08 49.4053
-4.08889 -8.08 53.6276
-4.04 -8.08 49.4053
0 -12.12 49.4053
0 -12.12 53.4453
0 -8.08 53.4453
-0.318575 -8.07981 49.3467
0 -12.12 45.3653
4.04 -12.12 45.3653
4.04 -12.12 49.4053
4.04 -8.08 49.4053
4.04 -12.12 53.4453
4.04 -8.08 53.4453
-8.08 -4.04 49.4053
-4.04 -4.04 49.4053
-8.08 -4.04 53.4453
-4.08889 -4.04 53.6276
0 -4.04 53.4453
-0.31625 -4.03981 49.3471
-8.08 0 53.4453
-8.08 0 49.4053
-4.04 0 53.4453
-4.04 0 49.4053
0 0 53.4453
0 0 49.4053
4.04 -4.04 49.4053
4.04 -4.04 53.4453
0 0 45.3653
4.04 0 45.3653
4.04 0 49.4053
4.04 0 53.4453
-8.08 4.04 53.4453
-8.08 4.04 49.4053
-4.08889 4.04 53.6276
-4.04 4.04 49.4053
0 4.04 53.4453
-0.953499 4.0404 49.1978
-8.08 8.08 49.4053
-4.04 8.08 49.4053
-8.08 8.08 53.4453
-4.08889 8.08 53.6276
0 8.08 53.4453
0 8.5 49.4053
4.04 4.04 49.4053
4.04 4.04 53.4453
4.04 8.08 49.4053
4.04 8.08 53.4453
-8.08 12.12 53.4453
-8.08 12.12 49.4053
-4.04 12.12 53.4453
-4.04 12.12 49.4053
0 12.12 53.4453
0 12.12 49.4053

4 0 1 2 3  0.217 0.92 0.92 
4 0 3 4 5  0.217 0.92 0.92 
4 2 1 6 7  0.217 0.92 0.92 
4 1 0 5 6  0.217 0.92 0.92 
4 8 9 6 5  0.217 0.92 0.92 
4 8 5 10 11  0.217 0.92 0.92 
4 9 8 11 12  0.217 0.92 0.92 
4 5 4 13 10  0.217 0.92 0.92 
4 6 14 15 7  0.217 0.92 0.92 
4 15 14 16 17  0.217 0.92 0.92 
4 18 19 17 16  0.217 0.92 0.92 
4 9 20 14 6  0.217 0.92 0.92 
4 14 20 21 16  0.217 0.92 0.92 
4 20 9 12 21  0.217 0.92 0.92 
4 11 10 22 23  0.217 0.92 0.92 
4 10 13 24 22  0.217 0.92 0.92 
4 19 18 25 26  0.217 0.92 0.92 
4 18 16 27 25  0.217 0.92 0.92 
4 16 21 28 27  0.217 0.92 0.92 
4 21 12 29 28  0.217 0.92 0.92 
4 23 22 30 31  0.217 0.92 0.92 
4 22 24 32 30  0.217 0.92 0.92 
4 25 27 33 26  0.217 0.92 0.92 
4 33 27 34 35  0.217 0.92 0.92 
4 36 37 35 34  0.217 0.92 0.92 
4 27 28 38 34  0.217 0.92 0.92 
4 28 29 39 38  0.217 0.92 0.92 
4 39 36 34 38  0.217 0.92 0.92 
4 40 41 12 11  0.217 0.92 0.92 
4 40 11 23 42  0.217 0.92 0.92 
4 12 41 43 29  0.217 0.92 0.92 
4 41 40 42 43  0.217 0.92 0.92 
4 42 23 31 44  0.217 0.92 0.92 
4 29 43 45 39  0.217 0.92 0.92 
4 43 42 44 45  0.217 0.92 0.92 
4 44 31 39 45  0.217 0.92 0.92 
4 46 30 32 47  0.217 0.92 0.92 
4 46 47 48 49  0.217 0.92 0.92 
4 47 32 50 48  0.217 0.92 0.92 
4 49 48 50 51  0.217 0.92 0.92 
4 52 31 30 46  0.217 0.92 0.92 
4 52 46 49 53  0.217 0.92 0.92 
4 31 52 53 54  0.217 0.92 0.92 
4 53 49 51 54  0.217 0.92 0.92 
4 36 39 55 56  0.217 0.92 0.92 
4 39 31 54 55  0.217 0.92 0.92 
4 54 51 56 55  0.217 0.92 0.92 
4 37 36 56 57  0.217 0.92 0.92 
4 51 50 57 56  0.217 0.92 0.92 
4 58 59 60 61  0.217 0.92 0.92 
4 58 61 62 63  0.217 0.92 0.92 
4 60 59 64 65  0.217 0.92 0.92 
4 59 58 63 64  0.217 0.92 0.92 
4 61 60 66 67  0.217 0.92 0.92 
4 61 67 68 62  0.217 0.92 0.92 
4 66 60 65 69  0.217 0.92 0.92 
4 70 62 68 71  0.217 0.92 0.92 
4 70 71 72 73  0.217 0.92 0.92 
4 73 72 74 75  0.217 0.92 0.92 
4 76 63 62 70  0.217 0.92 0.92 
4 76 70 73 77  0.217 0.92 0.92 
4 63 76 77 78  0.217 0.92 0.92 
4 77 73 75 78  0.217 0.92 0.92 
4 65 79 80 69  0.217 0.92 0.92 
4 80 79 81 82  0.217 0.92 0.92 
4 83 84 82 81  0.217 0.92 0.92 
4 64 85 79 65  0.217 0.92 0.92 
4 79 85 86 81  0.217 0.92 0.92 
4 85 64 87 86  0.217 0.92 0.92 
4 78 75 88 89  0.217 0.92 0.92 
4 75 74 90 88  0.217 0.92 0.92 
4 84 83 91 92  0.217 0.92 0.92 
4 83 81 93 91  0.217 0.92 0.92 
4 81 86 94 93  0.217 0.92 0.92 
4 86 87 95 94  0.217 0.92 0.92 
4 96 97 64 63  0.217 0.92 0.92 
4 96 63 78 98  0.217 0.92 0.92 
4 64 97 99 87  0.217 0.92 0.92 
4 97 96 98 99  0.217 0.92 0.92 
4 98 78 89 100  0.217 0.92 0.92 
4 87 99 101 95  0.217 0.92 0.92 
4 99 98 100 101  0.217 0.92 0.92 
4 100 89 95 101  0.217 0.92 0.92 
4 102 88 90 103  0.217 0.92 0.92 
4 102 103 104 105  0.217 0.92 0.92 
4 88 102 105 106  0.217 0.92 0.92 
4 105 104 107 106  0.217 0.92 0.92 
4 89 88 106 108  0.217 0.92 0.92 
4 95 89 108 109  0.217 0.92 0.92 
4 108 106 110 109  0.217 0.92 0.92 
4 91 93 111 92  0.217 0.92 0.92 
4 111 93 112 113  0.217 0.92 0.92 
4 110 114 113 112  0.217 0.92 0.92 
4 93 94 115 112  0.217 0.92 0.92 
4 94 95 109 115  0.217 0.92 0.92 
4 109 110 112 115  0.217 0.92 0.92 
4 106 107 116 117  0.217 0.92 0.92 
4 114 110 118 119  0.217 0.92 0.92 
4 110 106 117 118  0.217 0.92 0.92 
4 117 116 119 118  0.217 0.92 0.92 
4 120 3 121 122  0.217 0.92 0.92 
4 120 122 123 124  0.217 0.92 0.92 
4 122 121 125 123  0.217 0.92 0.92 
4 3 120 124 4  0.217 0.92 0.92 
4 124 123 126 127  0.217 0.92 0.92 
4 123 125 128 126  0.217 0.92 0.92 
4 4 124 127 13  0.217 0.92 0.92 
4 129 130 131 132  0.217 0.92 0.92 
4 129 132 133 134  0.217 0.92 0.92 
4 132 131 135 133  0.217 0.92 0.92 
4 131 130 136 135  0.217 0.92 0.92 
4 134 133 137 138  0.217 0.92 0.92 
4 133 135 139 140  0.217 0.92 0.92 
4 133 140 141 137  0.217 0.92 0.92 
4 140 139 142 141  0.217 0.92 0.92 
4 139 135 143 142  0.217 0.92 0.92 
4 136 144 145 135  0.217 0.92 0.92 
4 135 145 146 143  0.217 0.92 0.92 
4 145 144 147 146  0.217 0.92 0.92 
4 3 2 148 121  0.217 0.92 0.92 
4 121 148 130 129  0.217 0.92 0.92 
4 121 129 134 125  0.217 0.92 0.92 
4 148 149 150 130  0.217 0.92 0.92 
4 130 150 144 136  0.217 0.92 0.92 
4 150 149 151 144  0.217 0.92 0.92 
4 2 152 149 148  0.217 0.92 0.92 
4 149 152 15 151  0.217 0.92 0.92 
4 152 2 7 15  0.217 0.92 0.92 
4 125 134 138 128  0.217 0.92 0.92 
4 144 151 153 147  0.217 0.92 0.92 
4 151 15 17 153  0.217 0.92 0.92 
4 127 126 154 155  0.217 0.92 0.92 
4 126 128 156 154  0.217 0.92 0.92 
4 13 127 155 24  0.217 0.92 0.92 
4 155 154 156 24  0.217 0.92 0.92 
4 157 137 141 158  0.217 0.92 0.92 
4 157 158 159 160  0.217 0.92 0.92 
4 158 141 161 159  0.217 0.92 0.92 
4 160 159 161 162  0.217 0.92 0.92 
4 163 138 137 157  0.217 0.92 0.92 
4 163 157 160 164  0.217 0.92 0.92 
4 138 163 164 165  0.217 0.92 0.92 
4 164 160 162 165  0.217 0.92 0.92 
4 143 146 166 142  0.217 0.92 0.92 
4 142 166 167 168  0.217 0.92 0.92 
4 166 146 169 167  0.217 0.92 0.92 
4 146 147 170 169  0.217 0.92 0.92 
4 165 162 171 172  0.217 0.92 0.92 
4 162 161 173 171  0.217 0.92 0.92 
4 167 169 174 175  0.217 0.92 0.92 
4 176 177 175 174  0.217 0.92 0.92 
4 169 170 178 174  0.217 0.92 0.92 
4 179 176 174 178  0.217 0.92 0.92 
4 128 138 165 156  0.217 0.92 0.92 
4 147 153 180 170  0.217 0.92 0.92 
4 153 17 33 180  0.217 0.92 0.92 
4 17 19 26 33  0.217 0.92 0.92 
4 24 156 181 32  0.217 0.92 0.92 
4 156 165 172 181  0.217 0.92 0.92 
4 170 180 182 178  0.217 0.92 0.92 
4 183 179 178 182  0.217 0.92 0.92 
4 180 33 35 182  0.217 0.92 0.92 
4 37 183 182 35  0.217 0.92 0.92 
4 172 171 184 185  0.217 0.92 0.92 
4 176 179 186 187  0.217 0.92 0.92 
4 185 184 187 186  0.217 0.92 0.92 
4 171 173 188 184  0.217 0.92 0.92 
4 177 176 187 189  0.217 0.92 0.92 
4 184 188 189 187  0.217 0.92 0.92 
4 32 181 190 50  0.217 0.92 0.92 
4 183 37 57 191  0.217 0.92 0.92 
4 50 190 191 57  0.217 0.92 0.92 
4 181 172 185 190  0.217 0.92 0.92 
4 179 183 191 186  0.217 0.92 0.92 
4 190 185 186 191  0.217 0.92 0.92 
4 192 193 194 195  0.217 0.92 0.92 
4 192 195 196 197  0.217 0.92 0.92 
4 194 193 198 199  0.217 0.92 0.92 
4 195 194 200 201  0.217 0.92 0.92 
4 195 201 202 196  0.217 0.92 0.92 
4 200 194 199 203  0.217 0.92 0.92 
4 67 66 204 205  0.217 0.92 0.92 
4 67 205 206 68  0.217 0.92 0.92 
4 204 66 69 207  0.217 0.92 0.92 
4 205 204 193 192  0.217 0.92 0.92 
4 205 192 197 206  0.217 0.92 0.92 
4 193 204 207 198  0.217 0.92 0.92 
4 208 206 197 209  0.217 0.92 0.92 
4 208 209 210 211  0.217 0.92 0.92 
4 211 210 212 213  0.217 0.92 0.92 
4 71 68 206 208  0.217 0.92 0.92 
4 71 208 211 72  0.217 0.92 0.92 
4 72 211 214 103  0.217 0.92 0.92 
4 211 213 215 214  0.217 0.92 0.92 
4 74 72 103 90  0.217 0.92 0.92 
4 216 196 202 217  0.217 0.92 0.92 
4 216 217 218 219  0.217 0.92 0.92 
4 217 202 220 218  0.217 0.92 0.92 
4 219 218 220 221  0.217 0.92 0.92 
4 209 197 196 216  0.217 0.92 0.92 
4 209 216 219 210  0.217 0.92 0.92 
4 210 219 221 212  0.217 0.92 0.92 
4 199 222 223 203  0.217 0.92 0.92 
4 223 222 224 225  0.217 0.92 0.92 
4 198 226 222 199  0.217 0.92 0.92 
4 222 226 227 224  0.217 0.92 0.92 
4 212 221 228 229  0.217 0.92 0.92 
4 221 220 230 228  0.217 0.92 0.92 
4 231 225 232 233  0.217 0.92 0.92 
4 225 224 234 232  0.217 0.92 0.92 
4 235 233 232 234  0.217 0.92 0.92 
4 224 227 236 234  0.217 0.92 0.92 
4 207 237 226 198  0.217 0.92 0.92 
4 226 237 238 227  0.217 0.92 0.92 
4 69 80 237 207  0.217 0.92 0.92 
4 237 80 82 238  0.217 0.92 0.92 
4 213 212 229 215  0.217 0.92 0.92 
4 227 238 239 236  0.217 0.92 0.92 
4 238 82 111 239  0.217 0.92 0.92 
4 82 84 92 111  0.217 0.92 0.92 
4 103 214 240 104  0.217 0.92 0.92 
4 214 215 241 240  0.217 0.92 0.92 
4 104 240 242 243  0.217 0.92 0.92 
4 240 241 244 242  0.217 0.92 0.92 
4 107 104 243 116  0.217 0.92 0.92 
4 243 242 244 116  0.217 0.92 0.92 
4 229 228 245 246  0.217 0.92 0.92 
4 228 230 247 245  0.217 0.92 0.92 
4 230 233 248 247  0.217 0.92 0.92 
4 233 235 249 248  0.217 0.92 0.92 
4 245 247 248 249  0.217 0.92 0.92 
4 235 234 250 249  0.217 0.92 0.92 
4 234 236 251 250  0.217 0.92 0.92 
4 252 249 250 251  0.217 0.92 0.92 
4 246 245 253 254  0.217 0.92 0.92 
4 245 249 255 253  0.217 0.92 0.92 
4 249 252 256 255  0.217 0.92 0.92 
4 254 253 255 256  0.217 0.92 0.92 
4 215 229 246 241  0.217 0.92 0.92 
4 236 239 257 251  0.217 0.92 0.92 
4 239 111 113 257  0.217 0.92 0.92 
4 116 244 258 119  0.217 0.92 0.92 
4 241 246 254 244  0.217 0.92 0.92 
4 244 254 256 258  0.217 0.92 0.92 
4 252 251 259 256  0.217 0.92 0.92 
4 251 257 260 259  0.217 0.92 0.92 
4 258 256 259 260  0.217 0.92 0.92 
4 257 113 261 260  0.217 0.92 0.92 
4 113 114 119 261  0.217 0.92 0.92 
4 119 258 260 261  0.217 0.92 0.92 
4 262 263 264 265  0.217 0.92 0.92 
4 262 265 266 267  0.217 0.92 0.92 
4 265 264 268 266  0.217 0.92 0.92 
4 263 262 267 269  0.217 0.92 0.92 
4 263 270 271 264  0.217 0.92 0.92 
4 264 271 272 268  0.217 0.92 0.92 
4 270 263 269 273  0.217 0.92 0.92 
4 274 275 276 277  0.217 0.92 0.92 
4 274 277 270 278  0.217 0.92 0.92 
4 277 276 279 270  0.217 0.92 0.92 
4 276 275 280 279  0.217 0.92 0.92 
4 278 270 273 281  0.217 0.92 0.92 
4 270 279 282 271  0.217 0.92 0.92 
4 271 282 283 272  0.217 0.92 0.92 
4 279 284 285 282  0.217 0.92 0.92 
4 282 285 286 283  0.217 0.92 0.92 
4 285 284 287 286  0.217 0.92 0.92 
4 280 288 284 279  0.217 0.92 0.92 
4 284 288 289 287  0.217 0.92 0.92 
4 141 142 290 291  0.217 0.92 0.92 
4 141 291 292 161  0.217 0.92 0.92 
4 290 142 168 293  0.217 0.92 0.92 
4 291 290 275 274  0.217 0.92 0.92 
4 291 274 278 292  0.217 0.92 0.92 
4 275 290 293 280  0.217 0.92 0.92 
4 161 292 294 173  0.217 0.92 0.92 
4 292 278 281 294  0.217 0.92 0.92 
4 293 295 288 280  0.217 0.92 0.92 
4 288 295 296 289  0.217 0.92 0.92 
4 168 167 295 293  0.217 0.92 0.92 
4 295 167 175 296  0.217 0.92 0.92 
4 297 298 269 267  0.217 0.92 0.92 
4 297 267 299 300  0.217 0.92 0.92 
4 298 297 300 301  0.217 0.92 0.92 
4 267 266 302 299  0.217 0.92 0.92 
4 298 281 273 269  0.217 0.92 0.92 
4 281 298 301 303  0.217 0.92 0.92 
4 300 299 304 305  0.217 0.92 0.92 
4 301 300 305 306  0.217 0.92 0.92 
4 299 302 307 304  0.217 0.92 0.92 
4 303 301 306 308  0.217 0.92 0.92 
4 286 287 309 310  0.217 0.92 0.92 
4 287 289 311 309  0.217 0.92 0.92 
4 312 313 314 315  0.217 0.92 0.92 
4 316 310 317 314  0.217 0.92 0.92 
4 310 309 318 317  0.217 0.92 0.92 
4 315 314 317 318  0.217 0.92 0.92 
4 309 311 319 318  0.217 0.92 0.92 
4 311 320 321 319  0.217 0.92 0.92 
4 321 315 318 319  0.217 0.92 0.92 
4 173 294 322 188  0.217 0.92 0.92 
4 188 322 323 189  0.217 0.92 0.92 
4 294 281 303 322  0.217 0.92 0.92 
4 289 296 324 311  0.217 0.92 0.92 
4 323 320 311 324  0.217 0.92 0.92 
4 296 175 325 324  0.217 0.92 0.92 
4 175 177 189 325  0.217 0.92 0.92 
4 189 323 324 325  0.217 0.92 0.92 
4 322 303 308 326  0.217 0.92 0.92 
4 320 323 327 321  0.217 0.92 0.92 
4 323 322 326 327  0.217 0.92 0.92 
4 326 308 321 327  0.217 0.92 0.92 
4 305 304 328 329  0.217 0.92 0.92 
4 306 305 329 330  0.217 0.92 0.92 
4 304 307 331 328  0.217 0.92 0.92 
4 313 312 332 333  0.217 0.92 0.92 
4 308 306 330 334  0.217 0.92 0.92 
4 329 328 335 336  0.217 0.92 0.92 
4 330 329 336 337  0.217 0.92 0.92 
4 328 331 338 335  0.217 0.92 0.92 
4 333 332 339 340  0.217 0.92 0.92 
4 334 330 337 341  0.217 0.92 0.92 
4 312 315 342 332  0.217 0.92 0.92 
4 315 321 343 342  0.217 0.92 0.92 
4 321 308 334 343  0.217 0.92 0.92 
4 332 342 344 339  0.217 0.92 0.92 
4 342 343 345 344  0.217 0.92 0.92 
4 343 334 341 345  0.217 0.92 0.92 
4 336 335 346 347  0.217 0.92 0.92 
4 337 336 347 348  0.217 0.92 0.92 
4 335 338 349 346  0.217 0.92 0.92 
4 340 339 350 351  0.217 0.92 0.92 
4 341 337 348 352  0.217 0.92 0.92 
4 347 346 353 354  0.217 0.92 0.92 
4 348 347 354 355  0.217 0.92 0.92 
4 346 349 356 353  0.217 0.92 0.92 
4 351 350 357 358  0.217 0.92 0.92 
4 352 348 355 359  0.217 0.92 0.92 
4 339 344 360 350  0.217 0.92 0.92 
4 344 345 361 360  0.217 0.92 0.92 
4 345 341 352 361  0.217 0.92 0.92 
4 350 360 362 357  0.217 0.92 0.92 
4 360 361 363 362  0.217 0.92 0.92 
4 361 352 359 363  0.217 0.92 0.92 
4 354 353 364 365  0.217 0.92 0.92 
4 355 354 365 366  0.217 0.92 0.92 
4 353 356 367 364  0.217 0.92 0.92 
4 359 355 366 368  0.217 0.92 0.92 
4 365 364 369 370  0.217 0.92 0.92 
4 366 365 370 371  0.217 0.92 0.92 
4 370 369 372 371  0.217 0.92 0.92 
4 364 367 373 369  0.217 0.92 0.92 
4 368 366 371 374  0.217 0.92 0.92 
4 371 372 375 374  0.217 0.92 0.92 
4 357 362 376 358  0.217 0.92 0.92 
4 362 377 378 376  0.217 0.92 0.92 
4 376 378 379 380  0.217 0.92 0.92 
4 378 377 381 379  0.217 0.92 0.92 
4 363 382 377 362  0.217 0.92 0.92 
4 377 382 383 381  0.217 0.92 0.92 
4 382 363 384 383  0.217 0.92 0.92 
4 379 381 385 386  0.217 0.92 0.92 
4 381 383 387 385  0.217 0.92 0.92 
4 388 389 363 359  0.217 0.92 0.92 
4 388 359 368 390  0.217 0.92 0.92 
4 363 389 391 384  0.217 0.92 0.92 
4 389 388 390 391  0.217 0.92 0.92 
4 201 200 391 390  0.217 0.92 0.92 
4 201 390 392 202  0.217 0.92 0.92 
4 390 368 374 392  0.217 0.92 0.92 
4 391 393 383 384  0.217 0.92 0.92 
4 383 393 394 387  0.217 0.92 0.92 
4 200 395 393 391  0.217 0.92 0.92 
4 393 395 223 394  0.217 0.92 0.92 
4 395 200 203 223  0.217 0.92 0.92 
4 369 373 396 397  0.217 0.92 0.92 
4 373 398 399 396  0.217 0.92 0.92 
4 372 369 397 400  0.217 0.92 0.92 
4 397 396 399 400  0.217 0.92 0.92 
4 398 401 402 399  0.217 0.92 0.92 
4 375 372 400 403  0.217 0.92 0.92 
4 400 399 402 403  0.217 0.92 0.92 
4 374 375 403 404  0.217 0.92 0.92 
4 401 405 406 402  0.217 0.92 0.92 
4 403 402 406 407  0.217 0.92 0.92 
4 405 386 408 406  0.217 0.92 0.92 
4 386 385 409 408  0.217 0.92 0.92 
4 407 406 408 409  0.217 0.92 0.92 
4 385 387 410 409  0.217 0.92 0.92 
4 411 407 409 410  0.217 0.92 0.92 
4 404 403 412 413  0.217 0.92 0.92 
4 403 407 414 412  0.217 0.92 0.92 
4 407 411 415 414  0.217 0.92 0.92 
4 413 412 414 415  0.217 0.92 0.92 
4 202 392 416 220  0.217 0.92 0.92 
4 392 374 404 416  0.217 0.92 0.92 
4 387 394 417 410  0.217 0.92 0.92 
4 418 411 410 417  0.217 0.92 0.92 
4 394 223 225 417  0.217 0.92 0.92 
4 231 418 417 225  0.217 0.92 0.92 
4 220 416 419 230  0.217 0.92 0.92 
4 418 231 233 420  0.217 0.92 0.92 
4 230 419 420 233  0.217 0.92 0.92 
4 416 404 413 419  0.217 0.92 0.92 
4 411 418 420 415  0.217 0.92 0.92 
4 419 413 415 420  0.217 0.92 0.92 
4 266 268 421 422  0.217 0.92 0.92 
4 266 422 423 302  0.217 0.92 0.92 
4 422 421 424 423  0.217 0.92 0.92 
4 268 272 425 421  0.217 0.92 0.92 
4 421 425 426 424  0.217 0.92 0.92 
4 302 423 427 307  0.217 0.92 0.92 
4 423 424 428 427  0.217 0.92 0.92 
4 424 426 429 428  0.217 0.92 0.92 
4 272 283 430 425  0.217 0.92 0.92 
4 425 430 431 426  0.217 0.92 0.92 
4 283 286 432 430  0.217 0.92 0.92 
4 430 432 433 431  0.217 0.92 0.92 
4 432 286 310 433  0.217 0.92 0.92 
4 316 431 433 310  0.217 0.92 0.92 
4 426 431 434 429  0.217 0.92 0.92 
4 431 316 314 434  0.217 0.92 0.92 
4 307 427 435 331  0.217 0.92 0.92 
4 427 428 436 437  0.217 0.92 0.92 
4 427 437 438 435  0.217 0.92 0.92 
4 435 438 439 440  0.217 0.92 0.92 
4 428 429 441 436  0.217 0.92 0.92 
4 440 439 442 443  0.217 0.92 0.92 
4 331 435 444 338  0.217 0.92 0.92 
4 435 440 445 444  0.217 0.92 0.92 
4 440 443 446 445  0.217 0.92 0.92 
4 443 333 340 446  0.217 0.92 0.92 
4 437 436 447 448  0.217 0.92 0.92 
4 437 448 449 438  0.217 0.92 0.92 
4 438 449 450 439  0.217 0.92 0.92 
4 448 447 451 452  0.217 0.92 0.92 
4 448 452 453 449  0.217 0.92 0.92 
4 449 453 454 450  0.217 0.92 0.92 
4 447 455 456 451  0.217 0.92 0.92 
4 450 454 457 458  0.217 0.92 0.92 
4 436 441 455 447  0.217 0.92 0.92 
4 439 450 458 442  0.217 0.92 0.92 
4 441 459 460 455  0.217 0.92 0.92 
4 460 459 461 462  0.217 0.92 0.92 
4 442 458 462 461  0.217 0.92 0.92 
4 455 460 463 456  0.217 0.92 0.92 
4 463 460 462 464  0.217 0.92 0.92 
4 458 457 464 462  0.217 0.92 0.92 
4 434 314 465 466  0.217 0.92 0.92 
4 314 313 333 465  0.217 0.92 0.92 
4 333 443 466 465  0.217 0.92 0.92 
4 429 434 459 441  0.217 0.92 0.92 
4 459 434 466 461  0.217 0.92 0.92 
4 443 442 461 466  0.217 0.92 0.92 
4 338 444 467 349  0.217 0.92 0.92 
4 444 445 468 467  0.217 0.92 0.92 
4 445 446 469 468  0.217 0.92 0.92 
4 446 340 351 469  0.217 0.92 0.92 
4 349 467 470 356  0.217 0.92 0.92 
4 467 468 471 472  0.217 0.92 0.92 
4 467 472 473 470  0.217 0.92 0.92 
4 470 473 474 475  0.217 0.92 0.92 
4 468 469 476 471  0.217 0.92 0.92 
4 475 474 477 478  0.217 0.92 0.92 
4 472 471 479 480  0.217 0.92 0.92 
4 472 480 481 473  0.217 0.92 0.92 
4 480 479 482 483  0.217 0.92 0.92 
4 480 483 484 481  0.217 0.92 0.92 
4 481 484 485 486  0.217 0.92 0.92 
4 479 487 488 482  0.217 0.92 0.92 
4 486 485 489 490  0.217 0.92 0.92 
4 471 476 487 479  0.217 0.92 0.92 
4 476 491 492 487  0.217 0.92 0.92 
4 492 491 493 494  0.217 0.92 0.92 
4 487 492 495 488  0.217 0.92 0.92 
4 495 492 494 496  0.217 0.92 0.92 
4 490 489 496 494  0.217 0.92 0.92 
4 351 497 498 469  0.217 0.92 0.92 
4 498 497 376 499  0.217 0.92 0.92 
4 497 351 358 376  0.217 0.92 0.92 
4 469 498 491 476  0.217 0.92 0.92 
4 491 498 499 493  0.217 0.92 0.92 
4 478 477 493 499  0.217 0.92 0.92 
4 356 470 500 367  0.217 0.92 0.92 
4 470 475 501 500  0.217 0.92 0.92 
4 475 478 502 501  0.217 0.92 0.92 
4 367 500 503 373  0.217 0.92 0.92 
4 500 501 504 503  0.217 0.92 0.92 
4 373 503 504 398  0.217 0.92 0.92 
4 501 502 505 504  0.217 0.92 0.92 
4 398 504 505 401  0.217 0.92 0.92 
4 473 481 506 507  0.217 0.92 0.92 
4 481 486 508 506  0.217 0.92 0.92 
4 474 473 507 509  0.217 0.92 0.92 
4 507 506 508 509  0.217 0.92 0.92 
4 486 490 510 508  0.217 0.92 0.92 
4 477 474 509 511  0.217 0.92 0.92 
4 509 508 510 511  0.217 0.92 0.92 
4 490 494 512 510  0.217 0.92 0.92 
4 494 493 513 512  0.217 0.92 0.92 
4 493 477 511 513  0.217 0.92 0.92 
4 511 510 512 513  0.217 0.92 0.92 
4 478 499 514 502  0.217 0.92 0.92 
4 499 376 380 514  0.217 0.92 0.92 
4 502 514 515 505  0.217 0.92 0.92 
4 401 505 515 405  0.217 0.92 0.92 
4 380 379 516 514  0.217 0.92 0.92 
4 514 516 517 515  0.217 0.92 0.92 
4 516 379 386 517  0.217 0.92 0.92 
4 405 515 517 386  0.217 0.92 0.92 
4 518 519 520 521  0.217 0.92 0.92 
4 518 521 522 523  0.217 0.92 0.92 
4 521 520 524 522  0.217 0.92 0.92 
4 519 518 523 525  0.217 0.92 0.92 
4 519 526 527 520  0.217 0.92 0.92 
4 520 527 528 524  0.217 0.92 0.92 
4 526 519 525 529  0.217 0.92 0.92 
4 530 531 532 526  0.217 0.92 0.92 
4 530 526 529 456  0.217 0.92 0.92 
4 532 531 463 533  0.217 0.92 0.92 
4 531 530 456 463  0.217 0.92 0.92 
4 526 532 534 527  0.217 0.92 0.92 
4 527 534 535 528  0.217 0.92 0.92 
4 534 532 533 535  0.217 0.92 0.92 
4 452 451 525 523  0.217 0.92 0.92 
4 452 523 536 453  0.217 0.92 0.92 
4 453 536 537 454  0.217 0.92 0.92 
4 523 522 538 536  0.217 0.92 0.92 
4 522 524 539 538  0.217 0.92 0.92 
4 524 528 540 539  0.217 0.92 0.92 
4 451 456 529 525  0.217 0.92 0.92 
4 454 537 541 457  0.217 0.92 0.92 
4 536 538 542 543  0.217 0.92 0.92 
4 538 539 544 542  0.217 0.92 0.92 
4 537 536 543 545  0.217 0.92 0.92 
4 539 540 546 544  0.217 0.92 0.92 
4 541 537 545 547  0.217 0.92 0.92 
4 533 463 464 548  0.217 0.92 0.92 
4 528 535 549 540  0.217 0.92 0.92 
4 535 533 548 549  0.217 0.92 0.92 
4 457 541 547 550  0.217 0.92 0.92 
4 548 464 551 552  0.217 0.92 0.92 
4 464 457 550 551  0.217 0.92 0.92 
4 540 549 553 546  0.217 0.92 0.92 
4 549 548 552 553  0.217 0.92 0.92 
4 543 542 554 555  0.217 0.92 0.92 
4 542 544 556 554  0.217 0.92 0.92 
4 545 543 555 557  0.217 0.92 0.92 
4 544 546 558 556  0.217 0.92 0.92 
4 547 545 557 559  0.217 0.92 0.92 
4 483 482 557 555  0.217 0.92 0.92 
4 483 555 560 484  0.217 0.92 0.92 
4 484 560 561 485  0.217 0.92 0.92 
4 555 554 562 560  0.217 0.92 0.92 
4 554 556 563 562  0.217 0.92 0.92 
4 556 558 564 563  0.217 0.92 0.92 
4 482 488 559 557  0.217 0.92 0.92 
4 485 561 565 489  0.217 0.92 0.92 
4 550 547 559 488  0.217 0.92 0.92 
4 552 551 495 566  0.217 0.92 0.92 
4 551 550 488 495  0.217 0.92 0.92 
4 546 553 567 558  0.217 0.92 0.92 
4 553 552 566 567  0.217 0.92 0.92 
4 566 495 496 568  0.217 0.92 0.92 
4 489 565 568 496  0.217 0.92 0.92 
4 558 567 569 564  0.217 0.92 0.92 
4 567 566 568 569  0.217 0.92 0.92 
4 565 564 569 568  0.217 0.92 0.92 
4 560 562 570 571  0.217 0.92 0.92 
4 562 563 572 570  0.217 0.92 0.92 
4 561 560 571 573  0.217 0.92 0.92 
4 571 570 572 573  0.217 0.92 0.92 
4 563 564 574 572  0.217 0.92 0.92 
4 564 565 575 574  0.217 0.92 0.92 
4 565 561 573 575  0.217 0.92 0.92 
4 573 572 574 575  0.217 0.92 0.92 
