OFF
60 58 0

-8.08 -40.4 -19.2748
8.08 -40.4 -19.2748
8.08 -40.4 -3.11475
-8.08 -40.4 -3.11475
-8.08 -24.24 -3.11475
-8.08 -24.24 -19.2748
8.08 -24.24 -19.2748
8.08 -24.24 -3.11475
-8.08 -8.08 -3.11475
-8.08 -8.08 -19.2748
8.08 -8.08 -19.2748
8.08 -8.08 -3.11475
-8.08 8.08 -19.2748
8.08 8.08 -19.2748
8.08 8.08 -3.11475
-8.08 8.08 -3.11475
-8.08 24.24 -3.11475
-8.08 24.24 -19.2748
8.08 24.24 -19.2748
8.08 24.24 -3.11475
-8.08 40.4 -3.11475
-8.08 40.4 -19.2748
8.08 40.4 -19.2748
8.08 40.4 -3.11475
8.08 -40.4 13.0452
-8.08 -40.4 13.0452
-8.08 -24.24 13.0452
8.08 -24.24 13.0452
-8.08 -8.08 13.0452
8.08 -8.08 13.0452
8.08 8.08 13.0452
-8.08 8.08 13.0452
-8.08 24.24 13.0452
8.08 24.24 13.0452
-8.08 40.4 13.0452
8.08 40.4 13.0452
8.08 -24.24 29.2052
-8.08 -24.24 29.2052
-8.08 -8.08 29.2052
8.08 -8.08 29.2052
-8.08 8.08 29.2052
8.08 8.08 29.2052
-8.08 24.24 29.2052
8.08 24.24 29.2052
8.08 -24.24 45.3653
-8.08 -24.24 45.3653
-8.08 -8.08 45.3653
8.08 -8.08 45.3653
-8.08 8.08 45.3653
8.08 8.08 45.3653
-8.08 24.24 45.3653
8.08 24.24 45.3653
8.08 -24.24 61.5252
-8.08 -24.24 61.5252
-8.08 -8.08 61.5252
8.08 -8.08 61.5252
-8.08 8.08 61.5252
8.08 8.08 61.5252
-8.08 24.24 61.5252
8.08 24.24 61.5252

4 0 1 2 3  0.217 0.92 0.92 
4 0 3 4 5  0.217 0.92 0.92 
4 2 1 6 7  0.217 0.92 0.92 
4 1 0 5 6  0.217 0.92 0.92 
4 5 4 8 9  0.217 0.92 0.92 
4 7 6 10 11  0.217 0.92 0.92 
4 6 5 9 10  0.217 0.92 0.92 
4 9 8 11 10  0.217 0.92 0.92 
4 12 13 14 15  0.217 0.92 0.92 
4 12 15 16 17  0.217 0.92 0.92 
4 14 13 18 19  0.217 0.92 0.92 
4 13 12 17 18  0.217 0.92 0.92 
4 17 16 20 21  0.217 0.92 0.92 
4 19 18 22 23  0.217 0.92 0.92 
4 18 17 21 22  0.217 0.92 0.92 
4 21 20 23 22  0.217 0.92 0.92 
4 3 2 24 25  0.217 0.92 0.92 
4 3 25 26 4  0.217 0.92 0.92 
4 25 24 27 26  0.217 0.92 0.92 
4 24 2 7 27  0.217 0.92 0.92 
4 4 26 28 8  0.217 0.92 0.92 
4 27 7 11 29  0.217 0.92 0.92 
4 8 28 29 11  0.217 0.92 0.92 
4 15 14 30 31  0.217 0.92 0.92 
4 15 31 32 16  0.217 0.92 0.92 
4 30 14 19 33  0.217 0.92 0.92 
4 16 32 34 20  0.217 0.92 0.92 
4 32 33 35 34  0.217 0.92 0.92 
4 33 19 23 35  0.217 0.92 0.92 
4 20 34 35 23  0.217 0.92 0.92 
4 26 27 36 37  0.217 0.92 0.92 
4 26 37 38 28  0.217 0.92 0.92 
4 36 27 29 39  0.217 0.92 0.92 
4 28 38 40 31  0.217 0.92 0.92 
4 39 29 30 41  0.217 0.92 0.92 
4 29 28 31 30  0.217 0.92 0.92 
4 31 40 42 32  0.217 0.92 0.92 
4 41 30 33 43  0.217 0.92 0.92 
4 32 42 43 33  0.217 0.92 0.92 
4 37 36 44 45  0.217 0.92 0.92 
4 37 45 46 38  0.217 0.92 0.92 
4 44 36 39 47  0.217 0.92 0.92 
4 38 46 48 40  0.217 0.92 0.92 
4 47 39 41 49  0.217 0.92 0.92 
4 40 48 50 42  0.217 0.92 0.92 
4 49 41 43 51  0.217 0.92 0.92 
4 42 50 51 43  0.217 0.92 0.92 
4 45 44 52 53  0.217 0.92 0.92 
4 45 53 54 46  0.217 0.92 0.92 
4 53 52 55 54  0.217 0.92 0.92 
4 52 44 47 55  0.217 0.92 0.92 
4 46 54 56 48  0.217 0.92 0.92 
4 54 55 57 56  0.217 0.92 0.92 
4 55 47 49 57  0.217 0.92 0.92 
4 48 56 58 50  0.217 0.92 0.92 
4 56 57 59 58  0.217 0.92 0.92 
4 57 49 51 59  0.217 0.92 0.92 
4 50 58 59 51  0.217 0.92 0.92 
