OFF
168 170 0

0 -27.4489 -6.67156
8 -27.4489 -6.67156
8 -31.4778 -2.33273
0 -31.4778 -2.33273
0 -24.24 -3.11475
0.000270912 -23.7286 -10.5351
8 -23.7375 -10.5243
8 -24.24 -3.11475
0 -22.1595 -11.3071
8 -21.9358 -11.363
0.00118133 -17.2542 -10.0327
0.000237993 -18.9575 -11.1538
8 -17.2983 -10.0722
8 -18.9574 -11.154
8 -16.16 -3.11475
0 -16.16 -3.11475
0 -15.785 -3.11475
0.00471349 -16.0492 -8.10289
8 -16.1041 -8.2565
8 -15.785 -3.11475
0.00471349 16.0492 -8.10289
8 16.1041 -8.2565
8 15.785 -3.11475
0 15.785 -3.11475
0 16.16 -3.11475
0.00118133 17.2542 -10.0327
8 17.2983 -10.0722
8 16.16 -3.11475
0.000237993 18.9575 -11.1538
8 18.9574 -11.154
0.000270912 23.7286 -10.5351
-0 22.1595 -11.3071
8 23.7375 -10.5243
8 21.9358 -11.363
8 24.24 -3.11475
0 24.24 -3.11475
0 31.4778 -2.33273
0 27.4489 -6.67156
8 27.4489 -6.67156
8 31.4778 -2.33273
0 -31.4778 -2.33273
0.00548186 -30.611 2.92775
0 -30.611 2.92774
0 -24.24 4.96525
-1.77636e-15 -24.24 -3.11475
0 -24.24 4.96525
8 -30.5996 2.94787
8 -25.4887 8.92146
0.0165753 -25.5176 8.86125
0 -23.5474 12.7859
8 -23.5642 12.7735
8 -24.24 4.96525
0 -16.16 13.0452
0 -16.16 4.96525
8 -16.16 4.96525
8 -16.16 13.0452
0 -13.5864 14.5207
0 -15.785 4.96525
8 -15.785 4.96525
8 -13.5864 14.5207
0 15.785 4.96525
8 15.785 4.96525
8 13.5864 14.5207
0 13.5864 14.5207
0 16.16 13.0452
0 16.16 4.96525
8 16.16 4.96525
8 16.16 13.0452
0 23.5474 12.7859
0 24.24 4.96525
8 24.24 4.96525
8 23.5642 12.7735
0 25.5176 8.86123
0 30.611 2.92774
8 25.4887 8.92146
8 30.5996 2.94787
-8 -18.8293 23.8802
0 -21.3423 20.3488
0 -19.3222 27.8875
-8 -19.3139 27.8889
-8 -16.16 29.2052
-8 -16.0528 21.4049
0 -16.16 21.1253
8 -21.3423 20.3488
8 -19.3222 27.8875
8 -16.16 21.1253
8 -16.16 29.2052
0 -16.16 13.0452
-8 -8.08 21.1253
-8 -8.08 21
-8 -8.08 29.2052
8 -10.088 22.4012
8 -8.99056 28.7581
-8 0 21.1253
-8 0 21
0 0 21
-8 0 29.2052
2 0 21.1253
2 0 29.2052
8.08 0 13.0452
-8 8.08 21.1253
-8 8.08 21
-8 8.08 29.2052
8 10.088 22.4012
8 8.99056 28.7581
-8 16.0528 21.4049
0 16.16 13.0452
0 16.16 21.1253
-8 16.16 29.2052
8 16.16 21.1253
8 16.16 29.2052
-8 19.3139 27.8889
-8 18.8293 23.8802
0 21.3423 20.3488
0 19.3222 27.8875
8 21.3423 20.3488
8 19.3222 27.8875
0 -24.24 37.2852
-8.08 -24.24 37.2852
-8 -15.1438 31.8798
-0.00184177 -15.1868 31.8693
8.08 -24.24 37.2852
8 -15.1863 31.8667
-8 -8.05047 37.2939
0 -8.5 45.3653
-8 -8.5 45.3653
-8 -8.08 45.3653
8.08 -16.16 45.3653
2 -8.05277 37.2936
2 -8.08 45.3653
-8 -0.21742 33.0111
-8 0.75 46.9597
2 0.218015 33.0111
2 0.75 46.9597
-8 8.05047 37.2939
-8 8.08 45.3653
2 8.05277 37.2936
2 8.08 45.3653
-8 15.1438 31.8798
-8 8.5 45.3653
0 8.5 45.3653
-0.00184177 15.1868 31.8693
8 15.1863 31.8667
8.08 16.16 45.3653
-8.08 24.24 37.2852
0 24.24 37.2852
8.08 24.24 37.2852
-0.315281 -8.5 52.9602
-6.71582 -8.5 52.095
-6.71582 -8.08 52.095
-0.315281 -8.08 52.9602
8.08 -16.16 53.4453
1.56726 -8.08 50.7847
-6.71582 -0.75 52.095
-1.9596 -8.08 53.6406
-4.9362 -8.08 53.3547
-4.9362 0.75 53.3547
-1.9596 -0.75 53.6406
-0.315281 -0.75 52.9602
1.56726 -0.75 50.7847
-6.71582 8.08 52.095
-4.9362 8.08 53.3547
-1.9596 8.08 53.6406
-0.315281 8.08 52.9602
1.56726 8.08 50.7847
-6.71582 8.5 52.095
-0.315281 8.5 52.9602
8.08 16.16 53.4453

4 0 1 2 3  0.217 0.92 0.92 
4 0 3 4 5  0.217 0.92 0.92 
4 2 1 6 7  0.217 0.92 0.92 
4 1 0 5 6  0.217 0.92 0.92 
4 5 4 7 6  0.217 0.92 0.92 
4 8 9 6 5  0.217 0.92 0.92 
4 8 5 10 11  0.217 0.92 0.92 
4 5 6 12 10  0.217 0.92 0.92 
4 6 9 13 12  0.217 0.92 0.92 
4 9 8 11 13  0.217 0.92 0.92 
4 11 10 12 13  0.217 0.92 0.92 
4 10 12 14 15  0.217 0.92 0.92 
4 10 15 16 17  0.217 0.92 0.92 
4 14 12 18 19  0.217 0.92 0.92 
4 12 10 17 18  0.217 0.92 0.92 
4 17 16 19 18  0.217 0.92 0.92 
4 20 21 22 23  0.217 0.92 0.92 
4 20 23 24 25  0.217 0.92 0.92 
4 22 21 26 27  0.217 0.92 0.92 
4 21 20 25 26  0.217 0.92 0.92 
4 25 24 27 26  0.217 0.92 0.92 
4 28 29 26 25  0.217 0.92 0.92 
4 28 25 30 31  0.217 0.92 0.92 
4 25 26 32 30  0.217 0.92 0.92 
4 26 29 33 32  0.217 0.92 0.92 
4 29 28 31 33  0.217 0.92 0.92 
4 31 30 32 33  0.217 0.92 0.92 
4 30 32 34 35  0.217 0.92 0.92 
4 30 35 36 37  0.217 0.92 0.92 
4 34 32 38 39  0.217 0.92 0.92 
4 32 30 37 38  0.217 0.92 0.92 
4 37 36 39 38  0.217 0.92 0.92 
4 40 3 41 42  0.217 0.92 0.92 
4 40 42 43 44  0.217 0.92 0.92 
4 42 41 45 43  0.217 0.92 0.92 
4 3 40 44 4  0.217 0.92 0.92 
4 44 43 45 4  0.217 0.92 0.92 
4 41 46 47 48  0.217 0.92 0.92 
4 41 48 49 45  0.217 0.92 0.92 
4 48 47 50 49  0.217 0.92 0.92 
4 47 46 51 50  0.217 0.92 0.92 
4 3 2 46 41  0.217 0.92 0.92 
4 46 2 7 51  0.217 0.92 0.92 
4 45 49 52 53  0.217 0.92 0.92 
4 50 51 54 55  0.217 0.92 0.92 
4 4 45 53 15  0.217 0.92 0.92 
4 51 7 14 54  0.217 0.92 0.92 
4 7 4 15 14  0.217 0.92 0.92 
4 53 52 56 57  0.217 0.92 0.92 
4 55 54 58 59  0.217 0.92 0.92 
4 57 56 59 58  0.217 0.92 0.92 
4 15 53 57 16  0.217 0.92 0.92 
4 54 14 19 58  0.217 0.92 0.92 
4 16 57 58 19  0.217 0.92 0.92 
4 60 61 62 63  0.217 0.92 0.92 
4 60 63 64 65  0.217 0.92 0.92 
4 62 61 66 67  0.217 0.92 0.92 
4 23 22 61 60  0.217 0.92 0.92 
4 23 60 65 24  0.217 0.92 0.92 
4 61 22 27 66  0.217 0.92 0.92 
4 65 64 68 69  0.217 0.92 0.92 
4 67 66 70 71  0.217 0.92 0.92 
4 24 65 69 35  0.217 0.92 0.92 
4 66 27 34 70  0.217 0.92 0.92 
4 27 24 35 34  0.217 0.92 0.92 
4 69 68 72 73  0.217 0.92 0.92 
4 68 71 74 72  0.217 0.92 0.92 
4 71 70 75 74  0.217 0.92 0.92 
4 73 72 74 75  0.217 0.92 0.92 
4 35 69 73 36  0.217 0.92 0.92 
4 70 34 39 75  0.217 0.92 0.92 
4 36 73 75 39  0.217 0.92 0.92 
4 76 77 78 79  0.217 0.92 0.92 
4 76 79 80 81  0.217 0.92 0.92 
4 77 76 81 82  0.217 0.92 0.92 
4 77 83 84 78  0.217 0.92 0.92 
4 84 83 85 86  0.217 0.92 0.92 
4 49 50 83 77  0.217 0.92 0.92 
4 49 77 82 52  0.217 0.92 0.92 
4 83 50 55 85  0.217 0.92 0.92 
4 87 52 82 81  0.217 0.92 0.92 
4 87 81 88 89  0.217 0.92 0.92 
4 52 87 89 56  0.217 0.92 0.92 
4 81 80 90 88  0.217 0.92 0.92 
4 86 85 91 92  0.217 0.92 0.92 
4 85 55 59 91  0.217 0.92 0.92 
4 89 88 93 94  0.217 0.92 0.92 
4 56 89 94 95  0.217 0.92 0.92 
4 88 90 96 93  0.217 0.92 0.92 
4 92 91 97 98  0.217 0.92 0.92 
4 91 59 99 97  0.217 0.92 0.92 
4 59 56 95 99  0.217 0.92 0.92 
4 94 93 100 101  0.217 0.92 0.92 
4 95 94 101 63  0.217 0.92 0.92 
4 93 96 102 100  0.217 0.92 0.92 
4 98 97 103 104  0.217 0.92 0.92 
4 97 99 62 103  0.217 0.92 0.92 
4 99 95 63 62  0.217 0.92 0.92 
4 101 100 105 106  0.217 0.92 0.92 
4 63 101 106 64  0.217 0.92 0.92 
4 106 105 107 64  0.217 0.92 0.92 
4 100 102 108 105  0.217 0.92 0.92 
4 104 103 109 110  0.217 0.92 0.92 
4 103 62 67 109  0.217 0.92 0.92 
4 105 108 111 112  0.217 0.92 0.92 
4 107 105 112 113  0.217 0.92 0.92 
4 112 111 114 113  0.217 0.92 0.92 
4 110 109 115 116  0.217 0.92 0.92 
4 113 114 116 115  0.217 0.92 0.92 
4 64 107 113 68  0.217 0.92 0.92 
4 109 67 71 115  0.217 0.92 0.92 
4 68 113 115 71  0.217 0.92 0.92 
4 79 78 117 118  0.217 0.92 0.92 
4 79 118 119 80  0.217 0.92 0.92 
4 118 117 120 119  0.217 0.92 0.92 
4 78 84 121 117  0.217 0.92 0.92 
4 117 121 122 120  0.217 0.92 0.92 
4 121 84 86 122  0.217 0.92 0.92 
4 80 119 123 90  0.217 0.92 0.92 
4 119 120 124 125  0.217 0.92 0.92 
4 119 125 126 123  0.217 0.92 0.92 
4 120 122 127 124  0.217 0.92 0.92 
4 127 122 128 129  0.217 0.92 0.92 
4 122 86 92 128  0.217 0.92 0.92 
4 90 123 130 96  0.217 0.92 0.92 
4 123 126 131 130  0.217 0.92 0.92 
4 129 128 132 133  0.217 0.92 0.92 
4 128 92 98 132  0.217 0.92 0.92 
4 96 130 134 102  0.217 0.92 0.92 
4 130 131 135 134  0.217 0.92 0.92 
4 133 132 136 137  0.217 0.92 0.92 
4 132 98 104 136  0.217 0.92 0.92 
4 102 134 138 108  0.217 0.92 0.92 
4 134 135 139 138  0.217 0.92 0.92 
4 138 139 140 141  0.217 0.92 0.92 
4 137 136 142 143  0.217 0.92 0.92 
4 141 140 143 142  0.217 0.92 0.92 
4 136 104 110 142  0.217 0.92 0.92 
4 108 138 144 111  0.217 0.92 0.92 
4 138 141 145 144  0.217 0.92 0.92 
4 111 144 145 114  0.217 0.92 0.92 
4 141 142 146 145  0.217 0.92 0.92 
4 142 110 116 146  0.217 0.92 0.92 
4 114 145 146 116  0.217 0.92 0.92 
4 125 124 147 148  0.217 0.92 0.92 
4 125 148 149 126  0.217 0.92 0.92 
4 148 147 150 149  0.217 0.92 0.92 
4 124 127 151 147  0.217 0.92 0.92 
4 147 151 152 150  0.217 0.92 0.92 
4 151 127 129 152  0.217 0.92 0.92 
4 126 149 153 131  0.217 0.92 0.92 
4 149 150 154 155  0.217 0.92 0.92 
4 149 155 156 153  0.217 0.92 0.92 
4 155 154 157 156  0.217 0.92 0.92 
4 154 150 158 157  0.217 0.92 0.92 
4 150 152 159 158  0.217 0.92 0.92 
4 152 129 133 159  0.217 0.92 0.92 
4 131 153 160 135  0.217 0.92 0.92 
4 153 156 161 160  0.217 0.92 0.92 
4 156 157 162 161  0.217 0.92 0.92 
4 157 158 163 162  0.217 0.92 0.92 
4 160 161 162 163  0.217 0.92 0.92 
4 158 159 164 163  0.217 0.92 0.92 
4 159 133 137 164  0.217 0.92 0.92 
4 135 160 165 139  0.217 0.92 0.92 
4 160 163 166 165  0.217 0.92 0.92 
4 139 165 166 140  0.217 0.92 0.92 
4 163 164 167 166  0.217 0.92 0.92 
4 164 137 143 167  0.217 0.92 0.92 
4 140 166 167 143  0.217 0.92 0.92 
