OFF
102 98 0

0 -32.32 -11.1948
8.08 -32.32 -11.1948
8.08 -32.32 -3.11475
0 -32.32 -3.11475
0 -24.24 -3.11475
0 -24.24 -11.1948
8.08 -24.24 -11.1948
8.08 -24.24 -3.11475
0 24.24 -11.1948
8.08 24.24 -11.1948
8.08 24.24 -3.11475
0 24.24 -3.11475
0 32.32 -3.11475
0 32.32 -11.1948
8.08 32.32 -11.1948
8.08 32.32 -3.11475
8.08 -32.32 4.96525
0 -32.32 4.96525
0 -24.24 4.96525
8.08 -24.24 4.96525
8.08 -24.24 13.0452
0 -24.24 13.0452
0 -16.16 13.0452
0 -16.16 4.96525
8.08 -16.16 4.96525
8.08 -16.16 13.0452
0 -16.16 -3.11475
8.08 -16.16 -3.11475
0 16.16 4.96525
8.08 16.16 4.96525
8.08 16.16 13.0452
0 16.16 13.0452
0 24.24 13.0452
0 24.24 4.96525
8.08 24.24 4.96525
8.08 24.24 13.0452
0 16.16 -3.11475
8.08 16.16 -3.11475
0 32.32 4.96525
8.08 32.32 4.96525
-8.08 -24.24 21.1253
0 -24.24 21.1253
0 -24.24 29.2052
-8.08 -24.24 29.2052
-8.08 -16.16 29.2052
-8.08 -16.16 21.1253
-0.000853033 -17.4409 30.7853
0 -16.16 21.1253
8.08 -24.24 21.1253
8.08 -24.24 29.2052
8.08 -16.16 29.2052
8.08 -16.16 21.1253
-8.08 -8.08 29.2052
-8.08 -8.08 21.1253
2 -8.08 29.2052
0 -8.08 21
8.08 -8.08 29.2052
8.08 -8.08 21.1253
0 -8.08 13.0452
8.08 -8.08 13.0452
-8.08 0 29.2052
-8.08 0 21.1253
0 0 21
2 0 29.2052
-8.08 8.08 29.2052
-8.08 8.08 21.1253
0 8.08 21
2 8.08 29.2052
-8.08 16.16 29.2052
-8.08 16.16 21.1253
-0.000853033 17.4409 30.7853
0 16.16 21.1253
8.08 8.08 21.1253
8.08 8.08 29.2052
8.08 16.16 29.2052
8.08 16.16 21.1253
0 8.08 13.0452
8.08 8.08 13.0452
-8.08 24.24 29.2052
-8.08 24.24 21.1253
0 24.24 29.2052
0 24.24 21.1253
8.08 24.24 29.2052
8.08 24.24 21.1253
0 -8.08 37.2852
-8.08 -8.08 37.2852
-8.08 0 37.2852
0 0 37.2852
-8.08 8.08 37.2852
0 8.08 37.2852
-8.08 -8.08 45.3653
0 -8.5 45.3653
0 -8.08 53.4453
-8.08 -8.08 53.4453
-8.08 0 53.4453
-8.08 0 45.3653
0 0 53.4453
0 0 45.3653
-8.08 8.08 53.4453
-8.08 8.08 45.3653
0 8.08 53.4453
0 8.5 45.3653

4 0 1 2 3  0.217 0.92 0.92 
4 0 3 4 5  0.217 0.92 0.92 
4 2 1 6 7  0.217 0.92 0.92 
4 1 0 5 6  0.217 0.92 0.92 
4 5 4 7 6  0.217 0.92 0.92 
4 8 9 10 11  0.217 0.92 0.92 
4 8 11 12 13  0.217 0.92 0.92 
4 10 9 14 15  0.217 0.92 0.92 
4 9 8 13 14  0.217 0.92 0.92 
4 13 12 15 14  0.217 0.92 0.92 
4 3 2 16 17  0.217 0.92 0.92 
4 3 17 18 4  0.217 0.92 0.92 
4 17 16 19 18  0.217 0.92 0.92 
4 16 2 7 19  0.217 0.92 0.92 
4 18 19 20 21  0.217 0.92 0.92 
4 18 21 22 23  0.217 0.92 0.92 
4 20 19 24 25  0.217 0.92 0.92 
4 23 22 25 24  0.217 0.92 0.92 
4 4 18 23 26  0.217 0.92 0.92 
4 19 7 27 24  0.217 0.92 0.92 
4 7 4 26 27  0.217 0.92 0.92 
4 26 23 24 27  0.217 0.92 0.92 
4 28 29 30 31  0.217 0.92 0.92 
4 28 31 32 33  0.217 0.92 0.92 
4 30 29 34 35  0.217 0.92 0.92 
4 33 32 35 34  0.217 0.92 0.92 
4 36 37 29 28  0.217 0.92 0.92 
4 36 28 33 11  0.217 0.92 0.92 
4 29 37 10 34  0.217 0.92 0.92 
4 37 36 11 10  0.217 0.92 0.92 
4 11 33 38 12  0.217 0.92 0.92 
4 33 34 39 38  0.217 0.92 0.92 
4 34 10 15 39  0.217 0.92 0.92 
4 12 38 39 15  0.217 0.92 0.92 
4 40 41 42 43  0.217 0.92 0.92 
4 40 43 44 45  0.217 0.92 0.92 
4 43 42 46 44  0.217 0.92 0.92 
4 41 40 45 47  0.217 0.92 0.92 
4 41 48 49 42  0.217 0.92 0.92 
4 42 49 50 46  0.217 0.92 0.92 
4 49 48 51 50  0.217 0.92 0.92 
4 21 20 48 41  0.217 0.92 0.92 
4 21 41 47 22  0.217 0.92 0.92 
4 48 20 25 51  0.217 0.92 0.92 
4 45 44 52 53  0.217 0.92 0.92 
4 44 46 54 52  0.217 0.92 0.92 
4 47 45 53 55  0.217 0.92 0.92 
4 46 50 56 54  0.217 0.92 0.92 
4 50 51 57 56  0.217 0.92 0.92 
4 55 54 56 57  0.217 0.92 0.92 
4 22 47 55 58  0.217 0.92 0.92 
4 51 25 59 57  0.217 0.92 0.92 
4 25 22 58 59  0.217 0.92 0.92 
4 58 55 57 59  0.217 0.92 0.92 
4 53 52 60 61  0.217 0.92 0.92 
4 54 55 62 63  0.217 0.92 0.92 
4 55 53 61 62  0.217 0.92 0.92 
4 61 60 64 65  0.217 0.92 0.92 
4 63 62 66 67  0.217 0.92 0.92 
4 62 61 65 66  0.217 0.92 0.92 
4 65 64 68 69  0.217 0.92 0.92 
4 64 67 70 68  0.217 0.92 0.92 
4 66 65 69 71  0.217 0.92 0.92 
4 66 72 73 67  0.217 0.92 0.92 
4 67 73 74 70  0.217 0.92 0.92 
4 73 72 75 74  0.217 0.92 0.92 
4 76 77 72 66  0.217 0.92 0.92 
4 76 66 71 31  0.217 0.92 0.92 
4 72 77 30 75  0.217 0.92 0.92 
4 77 76 31 30  0.217 0.92 0.92 
4 69 68 78 79  0.217 0.92 0.92 
4 68 70 80 78  0.217 0.92 0.92 
4 71 69 79 81  0.217 0.92 0.92 
4 79 78 80 81  0.217 0.92 0.92 
4 70 74 82 80  0.217 0.92 0.92 
4 74 75 83 82  0.217 0.92 0.92 
4 81 80 82 83  0.217 0.92 0.92 
4 31 71 81 32  0.217 0.92 0.92 
4 75 30 35 83  0.217 0.92 0.92 
4 32 81 83 35  0.217 0.92 0.92 
4 52 54 84 85  0.217 0.92 0.92 
4 52 85 86 60  0.217 0.92 0.92 
4 85 84 87 86  0.217 0.92 0.92 
4 84 54 63 87  0.217 0.92 0.92 
4 60 86 88 64  0.217 0.92 0.92 
4 86 87 89 88  0.217 0.92 0.92 
4 87 63 67 89  0.217 0.92 0.92 
4 64 88 89 67  0.217 0.92 0.92 
4 90 91 92 93  0.217 0.92 0.92 
4 90 93 94 95  0.217 0.92 0.92 
4 93 92 96 94  0.217 0.92 0.92 
4 92 91 97 96  0.217 0.92 0.92 
4 91 90 95 97  0.217 0.92 0.92 
4 95 94 98 99  0.217 0.92 0.92 
4 94 96 100 98  0.217 0.92 0.92 
4 96 97 101 100  0.217 0.92 0.92 
4 97 95 99 101  0.217 0.92 0.92 
4 99 98 100 101  0.217 0.92 0.92 
