OFF
405 404 0

0 -28.28 -7.15475
4.04 -28.28 -7.15475
4.04 -29.6072 -4.3472
0 -28.28 -3.11475
0 -24.24 -3.11475
0 -24.24 -7.15475
4.04 -24.2166 -7.1501
4.04 -23.2599 -4.0251
8.08 -28.28 -7.15475
8.08 -28.28 -3.11475
8.08 -24.24 -7.15475
8.08 -24.24 -3.11475
0 -20.2 -11.1948
4.03984 -20.1728 -11.4583
4.04 -20.2 -7.15475
0 -20.2 -7.15475
0 -16.16 -7.15475
0 -16.16 -11.1948
4.03989 -15.8404 -7.20731
4.04 -16.16 -11.1948
8.08 -20.2 -11.1948
8.08 -20.2 -7.15475
8.08 -16.16 -7.15475
8.08 -16.16 -11.1948
0 16.16 -11.1948
4.04 16.16 -11.1948
4.03989 15.8404 -7.20731
0 16.16 -7.15475
0 20.2 -7.15475
0 20.2 -11.1948
4.04 20.2 -7.15475
4.03984 20.1728 -11.4583
8.08 16.16 -11.1948
8.08 16.16 -7.15475
8.08 20.2 -7.15475
8.08 20.2 -11.1948
0 24.24 -7.15475
4.04 24.2166 -7.15008
4.04 23.2599 -4.0251
0 24.24 -3.11475
0 28.28 -3.11475
0 28.28 -7.15475
4.04 28.28 -7.15475
4.04 29.6072 -4.3472
8.08 24.24 -7.15475
8.08 24.24 -3.11475
8.08 28.28 -7.15475
8.08 28.28 -3.11475
0 -32.32 -3.11475
4.04 -32.32 -3.11475
4.04001 -32.3335 0.929203
0 -32.32 0.92525
0 -28.28 0.92525
4.03373 -30.234 3.25485
8.08 -32.32 -3.11475
8.08 -32.32 0.92525
8.08 -28.28 0.92525
0 -24.24 0.92525
4.04023 -28.3843 5.06126
0 -28.28 4.96525
0 -24.24 4.96525
4.03465 -26.8775 6.86382
8.08 -28.28 4.96525
8.08 -24.24 4.96525
8.08 -24.24 0.92525
4.03788 -25.1098 9.54025
0 -24.24 9.00525
0 -20.2 9.00525
0 -20.2 4.96525
4.04 -24.24 13.0452
0 -24.24 13.0452
0 -20.2 13.0452
4.03496 -23.1165 13.9548
8.08 -24.24 9.00525
8.08 -24.24 13.0452
8.08 -20.2 13.0452
8.08 -20.2 9.00525
8.08 -20.2 4.96525
0 -16.16 9.00525
0 -16.16 4.96525
4.04 -15.1377 8.73131
4.04 -15.785 4.96525
0 -16.16 13.0452
4.04 -14.1276 12.5007
8.08 -16.16 9.00525
8.08 -16.16 13.0452
8.08 -16.16 4.96525
0 -20.2 0.92525
0 -20.2 -3.11475
4.04 -20.2 -3.11475
8.08 -20.2 0.92525
8.08 -20.2 -3.11475
0 -16.16 0.92525
0 -16.16 -3.11475
4.04 -15.785 -3.11475
4.04 -15.785 0.92525
8.08 -16.16 0.92525
8.08 -16.16 -3.11475
0 16.16 4.96525
4.04 15.785 4.96525
4.04 15.1377 8.73131
0 16.16 9.00525
0 20.2 9.00525
0 20.2 4.96525
4.04 14.1276 12.5007
0 16.16 13.0452
0 20.2 13.0452
8.08 16.16 9.00525
8.08 16.16 13.0452
8.08 20.2 9.00525
8.08 20.2 13.0452
8.08 16.16 4.96525
8.08 20.2 4.96525
0 24.24 9.00525
0 24.24 4.96525
4.03831 25.1125 9.53194
4.03329 26.8942 6.84269
0 24.24 13.0452
4.03369 23.1253 13.9314
4.04 24.24 13.0452
8.08 24.24 13.0452
8.08 24.24 9.00525
8.08 24.24 4.96525
0 16.16 -3.11475
4.04 15.785 -3.11475
4.04 15.785 0.92525
0 16.16 0.92525
0 20.2 0.92525
0 20.2 -3.11475
4.04 20.2 -3.11475
8.08 16.16 0.92525
8.08 20.2 0.92525
8.08 16.16 -3.11475
8.08 20.2 -3.11475
0 24.24 0.92525
8.08 24.24 0.92525
0 28.28 0.92525
0 28.28 4.96525
4.04023 28.3843 5.06126
4.035 30.251 3.23654
8.08 28.28 4.96525
8.08 28.28 0.92525
0 32.32 0.92525
0 32.32 -3.11475
4.04001 32.3335 0.929203
4.04 32.32 -3.11475
8.08 32.32 0.92525
8.08 32.32 -3.11475
-8.08 -20.2 25.1653
-4.04 -20.2 25.1653
-4.04 -20.2 29.2052
-8.08 -20.2 29.2052
-8.08 -16.16 29.2052
-8.08 -16.16 25.1653
-4.04085 -17.4398 30.784
-4.04135 -18.638 23.5542
0 -20.2 25.1653
0 -20.2 29.2052
-0.000853033 -17.4409 30.7853
0 -18.6035 23.5053
0 -20.2 21.1253
4.04 -21.0716 21.3588
4.04 -20.2 25.1653
0 -16.16 21.1253
4.04 -20.2 29.2052
4.04091 -17.4975 30.7391
8.08 -20.2 25.1653
8.08 -20.2 29.2052
8.08 -16.16 29.2052
8.08 -16.16 25.1653
8.08 -20.2 21.1253
8.08 -16.16 21.1253
4.04 -22.0816 17.5894
0 -20.2 17.0852
0 -16.16 17.0852
8.08 -20.2 17.0852
8.08 -16.16 17.0852
-8.08 -16.16 21.1253
-4.04 -16.16 21.1253
-8.08 -12.12 25.1653
-8.08 -12.12 21.1253
-4.04 -12.12 21
-8.08 -12.12 29.2052
0 -12.12 32
-4.04 -12.12 32
0 -12.12 21
-8.08 -8.08 25.1653
-8.08 -8.08 21.1253
-4.04 -8.08 21
-8.08 -8.08 29.2052
2 -8.08 29.2052
-4.04 -8.08 32
0 -8.08 21
4.0369 -10.7833 30.9551
8.08 -12.12 25.1653
8.08 -12.12 29.2052
8.08 -12.12 21.1253
4.04 -11.2501 20.5725
4.04 -9.42134 23.4504
4.04 -8.08 21.1253
4.04 -8.08 25.1653
2 -8.08 25.1653
4.04 -8.08 29.2052
8.08 -8.08 29.2052
8.08 -8.08 25.1653
0 -12.12 17.0852
0 -12.12 13.0452
4.04 -12.12 13.0452
4.04 -12.12 17.0852
8.08 -12.12 17.0852
8.08 -12.12 13.0452
-8.08 -4.04 25.1653
-8.08 -4.04 21.1253
-4.04 -4.04 21
-8.08 -4.04 29.2052
2 -4.04 25.1653
2 -4.04 29.2052
0 -4.04 21
-8.08 0 25.1653
-8.08 0 21.1253
-4.04 0 21
-8.08 0 29.2052
2 0 25.1653
2 0 29.2052
0 0 21
-8.08 4.04 25.1653
-8.08 4.04 21.1253
-4.04 4.04 21
-8.08 4.04 29.2052
2 4.04 25.1653
2 4.04 29.2052
0 4.04 21
-8.08 8.08 25.1653
-8.08 8.08 21.1253
-4.04 8.08 21
-8.08 8.08 29.2052
2 8.08 25.1653
2 8.08 29.2052
0 8.08 21
-8.08 12.12 25.1653
-8.08 12.12 21.1253
-4.04 12.12 21
-8.08 12.12 29.2052
-4.04 8.08 32
0 12.12 32
-4.04 12.12 32
0 12.12 21
-8.08 16.16 25.1653
-8.08 16.16 21.1253
-4.04 16.16 21.1253
-4.04135 18.638 23.5542
-8.08 16.16 29.2052
-0.000853033 17.4409 30.7853
-4.04085 17.4398 30.784
0 16.16 21.1253
0 18.6035 23.5053
4.04 8.08 21.1253
4.04 8.08 25.1653
4.04 11.2501 20.5725
4.04 9.42134 23.4504
4.04 8.08 29.2052
4.0369 10.7833 30.9551
8.08 8.08 25.1653
8.08 8.08 29.2052
8.08 12.12 29.2052
8.08 12.12 25.1653
4.04091 17.4975 30.7391
8.08 16.16 25.1653
8.08 16.16 29.2052
8.08 12.12 21.1253
8.08 16.16 21.1253
0 12.12 13.0452
4.04 12.12 13.0452
4.04 12.12 17.0852
0 12.12 17.0852
0 16.16 17.0852
8.08 12.12 17.0852
8.08 16.16 17.0852
8.08 12.12 13.0452
-8.08 20.2 29.2052
-8.08 20.2 25.1653
-4.04 20.2 29.2052
-4.04 20.2 25.1653
0 20.2 29.2052
0 20.2 25.1653
0 20.2 21.1253
4.04 20.2 25.1653
4.04 21.0716 21.3588
4.04 20.2 29.2052
8.08 20.2 29.2052
8.08 20.2 25.1653
8.08 20.2 21.1253
0 20.2 17.0852
4.04 22.0816 17.5894
8.08 20.2 17.0852
-4.04 -16.16 33.2452
-8.08 -16.16 33.2452
-8.08 -12.12 33.2452
-4.04 -12.12 33.2452
-8.08 -8.08 33.2452
-4.04 -8.08 33.2452
8.08 -16.16 33.2452
4.04 -16.16 33.2452
4.04 -12.12 33.2452
8.08 -12.12 33.2452
-8.08 -4.04 33.2452
-4.04 -8.08 37.2852
-8.08 -8.08 37.2852
-8.08 -4.04 37.2852
-4.04 -4.04 37.2852
-4.03999 -3.57644 33.9917
0 -8.08 33.2452
0 -8.08 37.2852
0 -4.04 37.2852
-5.21133e-06 -3.57632 33.9916
-8.08 0 33.2452
-4.04 0 33.2452
0 0 33.2452
-8.08 -8.08 41.3252
-4.04 -8.5 41.3252
-4.04 -8.5 45.3653
-8.08 -8.08 45.3653
-8.08 -4.04 45.3653
-8.08 -4.04 41.3252
-4.04 -4.04 41.3252
-4.04 -4.04 45.3653
0 -8.5 41.3252
0 -8.5 45.3653
0 -4.04 45.3653
0 -4.04 41.3252
-8.08 4.04 33.2452
-4.04 3.57633 33.9916
-3.24717e-06 3.57632 33.9916
-8.08 8.08 33.2452
-4.04 4.04 37.2852
-8.08 4.04 37.2852
-8.08 8.08 37.2852
-4.04 8.08 37.2852
-4.04 8.08 33.2452
0 4.04 37.2852
0 8.08 37.2852
0 8.08 33.2452
-8.08 4.04 41.3252
-4.04 4.04 41.3252
-4.04 4.04 45.3653
-8.08 4.04 45.3653
-8.08 8.08 45.3653
-8.08 8.08 41.3252
-4.04 8.5 41.3252
-4.04 8.5 45.3653
0 4.04 41.3252
0 4.04 45.3653
0 8.5 45.3653
0 8.5 41.3252
-8.08 12.12 33.2452
-4.04 12.12 33.2452
-8.08 16.16 33.2452
-4.04 16.16 33.2452
8.08 12.12 33.2452
4.04 12.12 33.2452
4.04 16.16 33.2452
8.08 16.16 33.2452
-4.04 -8.08 49.4053
-8.08 -8.08 49.4053
-8.08 -4.04 49.4053
-4.04 -4.04 49.4053
-4.08889 -8.08 53.6276
-8.08 -8.08 53.4453
-8.08 -4.04 53.4453
-4.08889 -4.04 53.6276
-0.318575 -8.07981 49.3467
0 -8.08 53.4453
0 -4.04 53.4453
-0.31625 -4.03981 49.3471
-8.08 0 49.4053
-8.08 0 45.3653
-4.04 0 45.3653
-4.04 0 49.4053
-8.08 0 53.4453
-4.04 0 53.4453
0 0 53.4453
0 0 49.4053
4.04 -8.08 45.3653
4.04 -8.08 49.4053
4.04 -4.04 49.4053
4.04 -4.04 45.3653
0 0 45.3653
4.04 0 49.4053
4.04 0 45.3653
-8.08 4.04 49.4053
-8.08 4.04 53.4453
-4.08889 4.04 53.6276
0 4.04 53.4453
-0.953499 4.0404 49.1978
-4.04 4.04 49.4053
-8.08 8.08 49.4053
-4.04 8.08 49.4053
-8.08 8.08 53.4453
-4.08889 8.08 53.6276
0 8.08 53.4453
0 8.5 49.4053
4.04 4.04 49.4053
4.04 4.04 45.3653
4.04 8.08 49.4053
4.04 8.08 45.3653

4 0 1 2 3  0.217 0.92 0.92 
4 0 3 4 5  0.217 0.92 0.92 
4 1 0 5 6  0.217 0.92 0.92 
4 5 4 7 6  0.217 0.92 0.92 
4 1 8 9 2  0.217 0.92 0.92 
4 9 8 10 11  0.217 0.92 0.92 
4 8 1 6 10  0.217 0.92 0.92 
4 6 7 11 10  0.217 0.92 0.92 
4 12 13 14 15  0.217 0.92 0.92 
4 12 15 16 17  0.217 0.92 0.92 
4 15 14 18 16  0.217 0.92 0.92 
4 13 12 17 19  0.217 0.92 0.92 
4 17 16 18 19  0.217 0.92 0.92 
4 13 20 21 14  0.217 0.92 0.92 
4 14 21 22 18  0.217 0.92 0.92 
4 21 20 23 22  0.217 0.92 0.92 
4 20 13 19 23  0.217 0.92 0.92 
4 19 18 22 23  0.217 0.92 0.92 
4 24 25 26 27  0.217 0.92 0.92 
4 24 27 28 29  0.217 0.92 0.92 
4 27 26 30 28  0.217 0.92 0.92 
4 25 24 29 31  0.217 0.92 0.92 
4 29 28 30 31  0.217 0.92 0.92 
4 25 32 33 26  0.217 0.92 0.92 
4 26 33 34 30  0.217 0.92 0.92 
4 33 32 35 34  0.217 0.92 0.92 
4 32 25 31 35  0.217 0.92 0.92 
4 31 30 34 35  0.217 0.92 0.92 
4 36 37 38 39  0.217 0.92 0.92 
4 36 39 40 41  0.217 0.92 0.92 
4 37 36 41 42  0.217 0.92 0.92 
4 41 40 43 42  0.217 0.92 0.92 
4 37 44 45 38  0.217 0.92 0.92 
4 45 44 46 47  0.217 0.92 0.92 
4 44 37 42 46  0.217 0.92 0.92 
4 42 43 47 46  0.217 0.92 0.92 
4 48 49 50 51  0.217 0.92 0.92 
4 48 51 52 3  0.217 0.92 0.92 
4 51 50 53 52  0.217 0.92 0.92 
4 49 48 3 2  0.217 0.92 0.92 
4 49 54 55 50  0.217 0.92 0.92 
4 50 55 56 53  0.217 0.92 0.92 
4 55 54 9 56  0.217 0.92 0.92 
4 54 49 2 9  0.217 0.92 0.92 
4 3 52 57 4  0.217 0.92 0.92 
4 52 53 58 59  0.217 0.92 0.92 
4 52 59 60 57  0.217 0.92 0.92 
4 59 58 61 60  0.217 0.92 0.92 
4 53 56 62 58  0.217 0.92 0.92 
4 58 62 63 61  0.217 0.92 0.92 
4 62 56 64 63  0.217 0.92 0.92 
4 56 9 11 64  0.217 0.92 0.92 
4 60 61 65 66  0.217 0.92 0.92 
4 60 66 67 68  0.217 0.92 0.92 
4 66 65 69 70  0.217 0.92 0.92 
4 66 70 71 67  0.217 0.92 0.92 
4 70 69 72 71  0.217 0.92 0.92 
4 65 73 74 69  0.217 0.92 0.92 
4 69 74 75 72  0.217 0.92 0.92 
4 74 73 76 75  0.217 0.92 0.92 
4 61 63 73 65  0.217 0.92 0.92 
4 73 63 77 76  0.217 0.92 0.92 
4 68 67 78 79  0.217 0.92 0.92 
4 79 78 80 81  0.217 0.92 0.92 
4 67 71 82 78  0.217 0.92 0.92 
4 78 82 83 80  0.217 0.92 0.92 
4 75 76 84 85  0.217 0.92 0.92 
4 80 83 85 84  0.217 0.92 0.92 
4 76 77 86 84  0.217 0.92 0.92 
4 81 80 84 86  0.217 0.92 0.92 
4 4 57 87 88  0.217 0.92 0.92 
4 7 4 88 89  0.217 0.92 0.92 
4 57 60 68 87  0.217 0.92 0.92 
4 63 64 90 77  0.217 0.92 0.92 
4 64 11 91 90  0.217 0.92 0.92 
4 11 7 89 91  0.217 0.92 0.92 
4 88 87 92 93  0.217 0.92 0.92 
4 89 88 93 94  0.217 0.92 0.92 
4 93 92 95 94  0.217 0.92 0.92 
4 87 68 79 92  0.217 0.92 0.92 
4 92 79 81 95  0.217 0.92 0.92 
4 77 90 96 86  0.217 0.92 0.92 
4 95 81 86 96  0.217 0.92 0.92 
4 90 91 97 96  0.217 0.92 0.92 
4 91 89 94 97  0.217 0.92 0.92 
4 94 95 96 97  0.217 0.92 0.92 
4 98 99 100 101  0.217 0.92 0.92 
4 98 101 102 103  0.217 0.92 0.92 
4 101 100 104 105  0.217 0.92 0.92 
4 101 105 106 102  0.217 0.92 0.92 
4 100 107 108 104  0.217 0.92 0.92 
4 108 107 109 110  0.217 0.92 0.92 
4 99 111 107 100  0.217 0.92 0.92 
4 107 111 112 109  0.217 0.92 0.92 
4 103 102 113 114  0.217 0.92 0.92 
4 114 113 115 116  0.217 0.92 0.92 
4 102 106 117 113  0.217 0.92 0.92 
4 106 118 119 117  0.217 0.92 0.92 
4 113 117 119 115  0.217 0.92 0.92 
4 118 110 120 119  0.217 0.92 0.92 
4 110 109 121 120  0.217 0.92 0.92 
4 115 119 120 121  0.217 0.92 0.92 
4 109 112 122 121  0.217 0.92 0.92 
4 116 115 121 122  0.217 0.92 0.92 
4 123 124 125 126  0.217 0.92 0.92 
4 123 126 127 128  0.217 0.92 0.92 
4 124 123 128 129  0.217 0.92 0.92 
4 126 125 99 98  0.217 0.92 0.92 
4 126 98 103 127  0.217 0.92 0.92 
4 125 130 111 99  0.217 0.92 0.92 
4 111 130 131 112  0.217 0.92 0.92 
4 124 132 130 125  0.217 0.92 0.92 
4 130 132 133 131  0.217 0.92 0.92 
4 132 124 129 133  0.217 0.92 0.92 
4 128 127 134 39  0.217 0.92 0.92 
4 129 128 39 38  0.217 0.92 0.92 
4 127 103 114 134  0.217 0.92 0.92 
4 112 131 135 122  0.217 0.92 0.92 
4 131 133 45 135  0.217 0.92 0.92 
4 133 129 38 45  0.217 0.92 0.92 
4 39 134 136 40  0.217 0.92 0.92 
4 134 114 137 136  0.217 0.92 0.92 
4 114 116 138 137  0.217 0.92 0.92 
4 136 137 138 139  0.217 0.92 0.92 
4 116 122 140 138  0.217 0.92 0.92 
4 122 135 141 140  0.217 0.92 0.92 
4 139 138 140 141  0.217 0.92 0.92 
4 135 45 47 141  0.217 0.92 0.92 
4 40 136 142 143  0.217 0.92 0.92 
4 136 139 144 142  0.217 0.92 0.92 
4 43 40 143 145  0.217 0.92 0.92 
4 143 142 144 145  0.217 0.92 0.92 
4 139 141 146 144  0.217 0.92 0.92 
4 141 47 147 146  0.217 0.92 0.92 
4 47 43 145 147  0.217 0.92 0.92 
4 145 144 146 147  0.217 0.92 0.92 
4 148 149 150 151  0.217 0.92 0.92 
4 148 151 152 153  0.217 0.92 0.92 
4 151 150 154 152  0.217 0.92 0.92 
4 149 148 153 155  0.217 0.92 0.92 
4 149 156 157 150  0.217 0.92 0.92 
4 150 157 158 154  0.217 0.92 0.92 
4 156 149 155 159  0.217 0.92 0.92 
4 160 161 162 156  0.217 0.92 0.92 
4 160 156 159 163  0.217 0.92 0.92 
4 156 162 164 157  0.217 0.92 0.92 
4 157 164 165 158  0.217 0.92 0.92 
4 162 166 167 164  0.217 0.92 0.92 
4 164 167 168 165  0.217 0.92 0.92 
4 167 166 169 168  0.217 0.92 0.92 
4 161 170 166 162  0.217 0.92 0.92 
4 166 170 171 169  0.217 0.92 0.92 
4 71 72 172 173  0.217 0.92 0.92 
4 71 173 174 82  0.217 0.92 0.92 
4 173 172 161 160  0.217 0.92 0.92 
4 173 160 163 174  0.217 0.92 0.92 
4 172 175 170 161  0.217 0.92 0.92 
4 170 175 176 171  0.217 0.92 0.92 
4 72 75 175 172  0.217 0.92 0.92 
4 175 75 85 176  0.217 0.92 0.92 
4 177 178 155 153  0.217 0.92 0.92 
4 177 153 179 180  0.217 0.92 0.92 
4 178 177 180 181  0.217 0.92 0.92 
4 153 152 182 179  0.217 0.92 0.92 
4 154 158 183 184  0.217 0.92 0.92 
4 178 163 159 155  0.217 0.92 0.92 
4 163 178 181 185  0.217 0.92 0.92 
4 180 179 186 187  0.217 0.92 0.92 
4 181 180 187 188  0.217 0.92 0.92 
4 179 182 189 186  0.217 0.92 0.92 
4 184 183 190 191  0.217 0.92 0.92 
4 185 181 188 192  0.217 0.92 0.92 
4 158 165 193 183  0.217 0.92 0.92 
4 168 169 194 195  0.217 0.92 0.92 
4 169 171 196 194  0.217 0.92 0.92 
4 197 198 194 196  0.217 0.92 0.92 
4 198 197 199 200  0.217 0.92 0.92 
4 197 185 192 199  0.217 0.92 0.92 
4 192 201 200 199  0.217 0.92 0.92 
4 183 193 202 190  0.217 0.92 0.92 
4 201 190 202 200  0.217 0.92 0.92 
4 193 195 203 202  0.217 0.92 0.92 
4 195 194 204 203  0.217 0.92 0.92 
4 194 198 200 204  0.217 0.92 0.92 
4 200 202 203 204  0.217 0.92 0.92 
4 82 174 205 206  0.217 0.92 0.92 
4 83 82 206 207  0.217 0.92 0.92 
4 206 205 208 207  0.217 0.92 0.92 
4 174 163 185 205  0.217 0.92 0.92 
4 205 185 197 208  0.217 0.92 0.92 
4 171 176 209 196  0.217 0.92 0.92 
4 208 197 196 209  0.217 0.92 0.92 
4 176 85 210 209  0.217 0.92 0.92 
4 85 83 207 210  0.217 0.92 0.92 
4 207 208 209 210  0.217 0.92 0.92 
4 187 186 211 212  0.217 0.92 0.92 
4 188 187 212 213  0.217 0.92 0.92 
4 186 189 214 211  0.217 0.92 0.92 
4 190 201 215 216  0.217 0.92 0.92 
4 201 192 217 215  0.217 0.92 0.92 
4 192 188 213 217  0.217 0.92 0.92 
4 212 211 218 219  0.217 0.92 0.92 
4 213 212 219 220  0.217 0.92 0.92 
4 211 214 221 218  0.217 0.92 0.92 
4 216 215 222 223  0.217 0.92 0.92 
4 215 217 224 222  0.217 0.92 0.92 
4 217 213 220 224  0.217 0.92 0.92 
4 219 218 225 226  0.217 0.92 0.92 
4 220 219 226 227  0.217 0.92 0.92 
4 218 221 228 225  0.217 0.92 0.92 
4 223 222 229 230  0.217 0.92 0.92 
4 222 224 231 229  0.217 0.92 0.92 
4 224 220 227 231  0.217 0.92 0.92 
4 226 225 232 233  0.217 0.92 0.92 
4 227 226 233 234  0.217 0.92 0.92 
4 225 228 235 232  0.217 0.92 0.92 
4 230 229 236 237  0.217 0.92 0.92 
4 229 231 238 236  0.217 0.92 0.92 
4 231 227 234 238  0.217 0.92 0.92 
4 233 232 239 240  0.217 0.92 0.92 
4 234 233 240 241  0.217 0.92 0.92 
4 232 235 242 239  0.217 0.92 0.92 
4 243 237 244 245  0.217 0.92 0.92 
4 238 234 241 246  0.217 0.92 0.92 
4 240 239 247 248  0.217 0.92 0.92 
4 241 240 248 249  0.217 0.92 0.92 
4 248 247 250 249  0.217 0.92 0.92 
4 239 242 251 247  0.217 0.92 0.92 
4 245 244 252 253  0.217 0.92 0.92 
4 246 241 249 254  0.217 0.92 0.92 
4 249 250 255 254  0.217 0.92 0.92 
4 238 256 257 236  0.217 0.92 0.92 
4 257 256 258 259  0.217 0.92 0.92 
4 256 238 246 258  0.217 0.92 0.92 
4 236 257 260 237  0.217 0.92 0.92 
4 237 260 261 244  0.217 0.92 0.92 
4 257 262 263 260  0.217 0.92 0.92 
4 260 263 264 261  0.217 0.92 0.92 
4 263 262 265 264  0.217 0.92 0.92 
4 262 257 259 265  0.217 0.92 0.92 
4 244 261 266 252  0.217 0.92 0.92 
4 264 265 267 268  0.217 0.92 0.92 
4 258 269 265 259  0.217 0.92 0.92 
4 265 269 270 267  0.217 0.92 0.92 
4 271 272 273 274  0.217 0.92 0.92 
4 271 274 275 105  0.217 0.92 0.92 
4 272 271 105 104  0.217 0.92 0.92 
4 274 273 258 246  0.217 0.92 0.92 
4 274 246 254 275  0.217 0.92 0.92 
4 273 276 269 258  0.217 0.92 0.92 
4 269 276 277 270  0.217 0.92 0.92 
4 272 278 276 273  0.217 0.92 0.92 
4 276 278 108 277  0.217 0.92 0.92 
4 278 272 104 108  0.217 0.92 0.92 
4 247 251 279 280  0.217 0.92 0.92 
4 251 253 281 279  0.217 0.92 0.92 
4 250 247 280 282  0.217 0.92 0.92 
4 280 279 281 282  0.217 0.92 0.92 
4 253 252 283 281  0.217 0.92 0.92 
4 255 250 282 284  0.217 0.92 0.92 
4 282 281 283 284  0.217 0.92 0.92 
4 254 255 284 285  0.217 0.92 0.92 
4 285 284 286 287  0.217 0.92 0.92 
4 252 266 288 283  0.217 0.92 0.92 
4 284 283 288 286  0.217 0.92 0.92 
4 266 268 289 288  0.217 0.92 0.92 
4 268 267 290 289  0.217 0.92 0.92 
4 286 288 289 290  0.217 0.92 0.92 
4 267 270 291 290  0.217 0.92 0.92 
4 287 286 290 291  0.217 0.92 0.92 
4 105 275 292 106  0.217 0.92 0.92 
4 106 292 293 118  0.217 0.92 0.92 
4 275 254 285 292  0.217 0.92 0.92 
4 292 285 287 293  0.217 0.92 0.92 
4 270 277 294 291  0.217 0.92 0.92 
4 293 287 291 294  0.217 0.92 0.92 
4 277 108 110 294  0.217 0.92 0.92 
4 118 293 294 110  0.217 0.92 0.92 
4 152 154 295 296  0.217 0.92 0.92 
4 152 296 297 182  0.217 0.92 0.92 
4 296 295 298 297  0.217 0.92 0.92 
4 295 154 184 298  0.217 0.92 0.92 
4 182 297 299 189  0.217 0.92 0.92 
4 297 298 300 299  0.217 0.92 0.92 
4 298 184 191 300  0.217 0.92 0.92 
4 165 168 301 302  0.217 0.92 0.92 
4 165 302 303 193  0.217 0.92 0.92 
4 302 301 304 303  0.217 0.92 0.92 
4 301 168 195 304  0.217 0.92 0.92 
4 193 303 304 195  0.217 0.92 0.92 
4 189 299 305 214  0.217 0.92 0.92 
4 299 300 306 307  0.217 0.92 0.92 
4 299 307 308 305  0.217 0.92 0.92 
4 307 306 309 308  0.217 0.92 0.92 
4 305 308 309 310  0.217 0.92 0.92 
4 300 311 312 306  0.217 0.92 0.92 
4 306 312 313 309  0.217 0.92 0.92 
4 312 311 314 313  0.217 0.92 0.92 
4 310 309 313 314  0.217 0.92 0.92 
4 191 190 311 300  0.217 0.92 0.92 
4 311 190 216 314  0.217 0.92 0.92 
4 214 305 315 221  0.217 0.92 0.92 
4 305 310 316 315  0.217 0.92 0.92 
4 310 314 317 316  0.217 0.92 0.92 
4 314 216 223 317  0.217 0.92 0.92 
4 318 319 320 321  0.217 0.92 0.92 
4 318 321 322 323  0.217 0.92 0.92 
4 319 318 323 324  0.217 0.92 0.92 
4 323 322 325 324  0.217 0.92 0.92 
4 319 326 327 320  0.217 0.92 0.92 
4 320 327 328 325  0.217 0.92 0.92 
4 327 326 329 328  0.217 0.92 0.92 
4 326 319 324 329  0.217 0.92 0.92 
4 324 325 328 329  0.217 0.92 0.92 
4 221 315 330 228  0.217 0.92 0.92 
4 315 316 331 330  0.217 0.92 0.92 
4 316 317 332 331  0.217 0.92 0.92 
4 317 223 230 332  0.217 0.92 0.92 
4 228 330 333 235  0.217 0.92 0.92 
4 330 331 334 335  0.217 0.92 0.92 
4 330 335 336 333  0.217 0.92 0.92 
4 335 334 337 336  0.217 0.92 0.92 
4 333 336 337 338  0.217 0.92 0.92 
4 331 332 339 334  0.217 0.92 0.92 
4 334 339 340 337  0.217 0.92 0.92 
4 339 332 341 340  0.217 0.92 0.92 
4 338 337 340 341  0.217 0.92 0.92 
4 332 230 237 341  0.217 0.92 0.92 
4 243 338 341 237  0.217 0.92 0.92 
4 342 343 344 345  0.217 0.92 0.92 
4 342 345 346 347  0.217 0.92 0.92 
4 343 342 347 348  0.217 0.92 0.92 
4 347 346 349 348  0.217 0.92 0.92 
4 343 350 351 344  0.217 0.92 0.92 
4 344 351 352 349  0.217 0.92 0.92 
4 351 350 353 352  0.217 0.92 0.92 
4 350 343 348 353  0.217 0.92 0.92 
4 348 349 352 353  0.217 0.92 0.92 
4 235 333 354 242  0.217 0.92 0.92 
4 333 338 355 354  0.217 0.92 0.92 
4 338 243 245 355  0.217 0.92 0.92 
4 242 354 356 251  0.217 0.92 0.92 
4 354 355 357 356  0.217 0.92 0.92 
4 355 245 253 357  0.217 0.92 0.92 
4 251 356 357 253  0.217 0.92 0.92 
4 261 264 358 359  0.217 0.92 0.92 
4 261 359 360 266  0.217 0.92 0.92 
4 359 358 361 360  0.217 0.92 0.92 
4 358 264 268 361  0.217 0.92 0.92 
4 266 360 361 268  0.217 0.92 0.92 
4 321 320 362 363  0.217 0.92 0.92 
4 321 363 364 322  0.217 0.92 0.92 
4 362 320 325 365  0.217 0.92 0.92 
4 363 362 366 367  0.217 0.92 0.92 
4 363 367 368 364  0.217 0.92 0.92 
4 367 366 369 368  0.217 0.92 0.92 
4 362 370 371 366  0.217 0.92 0.92 
4 366 371 372 369  0.217 0.92 0.92 
4 371 370 373 372  0.217 0.92 0.92 
4 370 362 365 373  0.217 0.92 0.92 
4 322 364 374 375  0.217 0.92 0.92 
4 365 325 376 377  0.217 0.92 0.92 
4 325 322 375 376  0.217 0.92 0.92 
4 364 368 378 374  0.217 0.92 0.92 
4 368 369 379 378  0.217 0.92 0.92 
4 369 372 380 379  0.217 0.92 0.92 
4 372 373 381 380  0.217 0.92 0.92 
4 373 365 377 381  0.217 0.92 0.92 
4 327 382 383 370  0.217 0.92 0.92 
4 327 370 373 328  0.217 0.92 0.92 
4 370 383 384 373  0.217 0.92 0.92 
4 383 382 385 384  0.217 0.92 0.92 
4 382 327 328 385  0.217 0.92 0.92 
4 328 373 381 386  0.217 0.92 0.92 
4 373 384 387 381  0.217 0.92 0.92 
4 384 385 388 387  0.217 0.92 0.92 
4 385 328 386 388  0.217 0.92 0.92 
4 375 374 389 345  0.217 0.92 0.92 
4 376 375 345 344  0.217 0.92 0.92 
4 374 378 390 389  0.217 0.92 0.92 
4 378 379 391 390  0.217 0.92 0.92 
4 379 380 392 391  0.217 0.92 0.92 
4 380 381 393 392  0.217 0.92 0.92 
4 376 386 381 377  0.217 0.92 0.92 
4 386 376 344 351  0.217 0.92 0.92 
4 344 394 393 351  0.217 0.92 0.92 
4 345 389 395 346  0.217 0.92 0.92 
4 394 344 349 396  0.217 0.92 0.92 
4 346 395 396 349  0.217 0.92 0.92 
4 389 390 397 395  0.217 0.92 0.92 
4 390 391 398 397  0.217 0.92 0.92 
4 395 397 398 396  0.217 0.92 0.92 
4 391 392 399 398  0.217 0.92 0.92 
4 392 393 400 399  0.217 0.92 0.92 
4 393 394 396 400  0.217 0.92 0.92 
4 396 398 399 400  0.217 0.92 0.92 
4 381 387 401 393  0.217 0.92 0.92 
4 387 388 402 401  0.217 0.92 0.92 
4 388 386 351 402  0.217 0.92 0.92 
4 351 393 400 352  0.217 0.92 0.92 
4 393 401 403 400  0.217 0.92 0.92 
4 401 402 404 403  0.217 0.92 0.92 
4 402 351 352 404  0.217 0.92 0.92 
4 352 400 403 404  0.217 0.92 0.92 
