OFF
122 120 0

0 -32.32 -11.1948
8.08 -32.32 -11.1948
8.08 -32.32 -3.11475
0 -32.32 -3.11475
0 -24.24 -3.11475
0 -24.24 -11.1948
8.08 -24.24 -11.1948
8.08 -24.24 -3.11475
0 -16.16 -3.11475
0 -16.16 -11.1948
8.08 -16.16 -11.1948
8.08 -16.16 -3.11475
0 16.16 -11.1948
8.08 16.16 -11.1948
8.08 16.16 -3.11475
0 16.16 -3.11475
0 24.24 -3.11475
0 24.24 -11.1948
8.08 24.24 -11.1948
8.08 24.24 -3.11475
0 32.32 -3.11475
0 32.32 -11.1948
8.08 32.32 -11.1948
8.08 32.32 -3.11475
0 -32.32 4.96525
8.08 -32.32 4.96525
8.08 -32.32 13.0452
0 -32.32 13.0452
0 -24.24 13.0452
0 -24.24 4.96525
8.08 -24.24 13.0452
8.08 -24.24 4.96525
0 -16.16 13.0452
0 -16.16 4.96525
8.08 -16.16 4.96525
8.08 -16.16 13.0452
0 16.16 4.96525
8.08 16.16 4.96525
8.08 16.16 13.0452
0 16.16 13.0452
0 24.24 13.0452
0 24.24 4.96525
8.08 24.24 4.96525
8.08 24.24 13.0452
0 32.32 13.0452
0 32.32 4.96525
8.08 32.32 13.0452
8.08 32.32 4.96525
-8.08 -24.24 21.1253
0 -24.24 21.1253
0 -24.24 29.2052
-8.08 -24.24 29.2052
-8.08 -16.16 29.2052
-8.08 -16.16 21.1253
-0.000853033 -17.4409 30.7853
0 -16.16 21.1253
8.08 -24.24 21.1253
8.08 -24.24 29.2052
8.08 -16.16 29.2052
8.08 -16.16 21.1253
-8.08 -8.08 29.2052
-8.08 -8.08 21.1253
0 -8.08 21
8.08 -8.08 21.1253
8.08 -8.08 29.2052
0 -8.08 13.0452
8.08 -8.08 13.0452
-8.08 0 29.2052
-8.08 0 21.1253
0 0 21
8.08 0 21.1253
8.08 0 29.2052
-8.08 8.08 29.2052
-8.08 8.08 21.1253
0 8.08 21
8.08 8.08 21.1253
8.08 8.08 29.2052
-8.08 16.16 29.2052
-8.08 16.16 21.1253
0 16.16 21.1253
8.08 16.16 21.1253
8.08 16.16 29.2052
0 8.08 13.0452
8.08 8.08 13.0452
-8.08 24.24 29.2052
-8.08 24.24 21.1253
-0.000853033 17.4409 30.7853
0 24.24 29.2052
0 24.24 21.1253
8.08 24.24 29.2052
8.08 24.24 21.1253
0 -16.16 37.2852
-8.08 -16.16 37.2852
-8.08 -8.08 37.2852
0 -8.08 37.2852
8.08 -16.16 37.2852
8.08 -8.08 37.2852
-8.08 0 37.2852
0 -8.5 45.3653
-8.08 -8.08 45.3653
-8.08 0 45.3653
8.08 -8.08 45.3653
8.08 0 37.2852
8.08 0 45.3653
-8.08 8.08 37.2852
-8.08 8.08 45.3653
0 8.5 45.3653
0 8.08 37.2852
8.08 8.08 37.2852
8.08 8.08 45.3653
-8.08 16.16 37.2852
0 16.16 37.2852
8.08 16.16 37.2852
0 -8.08 53.4453
-8.08 -8.08 53.4453
-8.08 0 53.4453
0 0 53.4453
8.08 -8.08 53.4453
8.08 0 53.4453
-8.08 8.08 53.4453
0 8.08 53.4453
8.08 8.08 53.4453

4 0 1 2 3  0.217 0.92 0.92 
4 0 3 4 5  0.217 0.92 0.92 
4 2 1 6 7  0.217 0.92 0.92 
4 1 0 5 6  0.217 0.92 0.92 
4 5 4 8 9  0.217 0.92 0.92 
4 7 6 10 11  0.217 0.92 0.92 
4 6 5 9 10  0.217 0.92 0.92 
4 9 8 11 10  0.217 0.92 0.92 
4 12 13 14 15  0.217 0.92 0.92 
4 12 15 16 17  0.217 0.92 0.92 
4 14 13 18 19  0.217 0.92 0.92 
4 13 12 17 18  0.217 0.92 0.92 
4 17 16 20 21  0.217 0.92 0.92 
4 19 18 22 23  0.217 0.92 0.92 
4 18 17 21 22  0.217 0.92 0.92 
4 21 20 23 22  0.217 0.92 0.92 
4 24 25 26 27  0.217 0.92 0.92 
4 24 27 28 29  0.217 0.92 0.92 
4 27 26 30 28  0.217 0.92 0.92 
4 26 25 31 30  0.217 0.92 0.92 
4 3 2 25 24  0.217 0.92 0.92 
4 3 24 29 4  0.217 0.92 0.92 
4 25 2 7 31  0.217 0.92 0.92 
4 29 28 32 33  0.217 0.92 0.92 
4 30 31 34 35  0.217 0.92 0.92 
4 33 32 35 34  0.217 0.92 0.92 
4 4 29 33 8  0.217 0.92 0.92 
4 31 7 11 34  0.217 0.92 0.92 
4 8 33 34 11  0.217 0.92 0.92 
4 36 37 38 39  0.217 0.92 0.92 
4 36 39 40 41  0.217 0.92 0.92 
4 38 37 42 43  0.217 0.92 0.92 
4 15 14 37 36  0.217 0.92 0.92 
4 15 36 41 16  0.217 0.92 0.92 
4 37 14 19 42  0.217 0.92 0.92 
4 41 40 44 45  0.217 0.92 0.92 
4 40 43 46 44  0.217 0.92 0.92 
4 43 42 47 46  0.217 0.92 0.92 
4 45 44 46 47  0.217 0.92 0.92 
4 16 41 45 20  0.217 0.92 0.92 
4 42 19 23 47  0.217 0.92 0.92 
4 20 45 47 23  0.217 0.92 0.92 
4 48 49 50 51  0.217 0.92 0.92 
4 48 51 52 53  0.217 0.92 0.92 
4 51 50 54 52  0.217 0.92 0.92 
4 49 48 53 55  0.217 0.92 0.92 
4 49 56 57 50  0.217 0.92 0.92 
4 50 57 58 54  0.217 0.92 0.92 
4 57 56 59 58  0.217 0.92 0.92 
4 28 30 56 49  0.217 0.92 0.92 
4 28 49 55 32  0.217 0.92 0.92 
4 56 30 35 59  0.217 0.92 0.92 
4 53 52 60 61  0.217 0.92 0.92 
4 55 53 61 62  0.217 0.92 0.92 
4 58 59 63 64  0.217 0.92 0.92 
4 32 55 62 65  0.217 0.92 0.92 
4 59 35 66 63  0.217 0.92 0.92 
4 35 32 65 66  0.217 0.92 0.92 
4 65 62 63 66  0.217 0.92 0.92 
4 61 60 67 68  0.217 0.92 0.92 
4 62 61 68 69  0.217 0.92 0.92 
4 64 63 70 71  0.217 0.92 0.92 
4 63 62 69 70  0.217 0.92 0.92 
4 68 67 72 73  0.217 0.92 0.92 
4 69 68 73 74  0.217 0.92 0.92 
4 71 70 75 76  0.217 0.92 0.92 
4 70 69 74 75  0.217 0.92 0.92 
4 73 72 77 78  0.217 0.92 0.92 
4 74 73 78 79  0.217 0.92 0.92 
4 76 75 80 81  0.217 0.92 0.92 
4 82 83 75 74  0.217 0.92 0.92 
4 82 74 79 39  0.217 0.92 0.92 
4 75 83 38 80  0.217 0.92 0.92 
4 83 82 39 38  0.217 0.92 0.92 
4 78 77 84 85  0.217 0.92 0.92 
4 77 86 87 84  0.217 0.92 0.92 
4 79 78 85 88  0.217 0.92 0.92 
4 85 84 87 88  0.217 0.92 0.92 
4 86 81 89 87  0.217 0.92 0.92 
4 81 80 90 89  0.217 0.92 0.92 
4 88 87 89 90  0.217 0.92 0.92 
4 39 79 88 40  0.217 0.92 0.92 
4 80 38 43 90  0.217 0.92 0.92 
4 40 88 90 43  0.217 0.92 0.92 
4 52 54 91 92  0.217 0.92 0.92 
4 52 92 93 60  0.217 0.92 0.92 
4 92 91 94 93  0.217 0.92 0.92 
4 54 58 95 91  0.217 0.92 0.92 
4 91 95 96 94  0.217 0.92 0.92 
4 95 58 64 96  0.217 0.92 0.92 
4 60 93 97 67  0.217 0.92 0.92 
4 93 94 98 99  0.217 0.92 0.92 
4 93 99 100 97  0.217 0.92 0.92 
4 94 96 101 98  0.217 0.92 0.92 
4 101 96 102 103  0.217 0.92 0.92 
4 96 64 71 102  0.217 0.92 0.92 
4 67 97 104 72  0.217 0.92 0.92 
4 97 100 105 104  0.217 0.92 0.92 
4 104 105 106 107  0.217 0.92 0.92 
4 103 102 108 109  0.217 0.92 0.92 
4 107 106 109 108  0.217 0.92 0.92 
4 102 71 76 108  0.217 0.92 0.92 
4 72 104 110 77  0.217 0.92 0.92 
4 104 107 111 110  0.217 0.92 0.92 
4 77 110 111 86  0.217 0.92 0.92 
4 107 108 112 111  0.217 0.92 0.92 
4 108 76 81 112  0.217 0.92 0.92 
4 86 111 112 81  0.217 0.92 0.92 
4 99 98 113 114  0.217 0.92 0.92 
4 99 114 115 100  0.217 0.92 0.92 
4 114 113 116 115  0.217 0.92 0.92 
4 98 101 117 113  0.217 0.92 0.92 
4 113 117 118 116  0.217 0.92 0.92 
4 117 101 103 118  0.217 0.92 0.92 
4 100 115 119 105  0.217 0.92 0.92 
4 115 116 120 119  0.217 0.92 0.92 
4 105 119 120 106  0.217 0.92 0.92 
4 116 118 121 120  0.217 0.92 0.92 
4 118 103 109 121  0.217 0.92 0.92 
4 106 120 121 109  0.217 0.92 0.92 
