OFF
161 160 0

0 -32.32 -11.1948
8.08 -32.32 -11.1948
8.08 -32.32 -3.11475
0 -32.32 -3.11475
0 -24.24 -3.11475
0 -24.24 -11.1948
8.08 -24.24 -11.1948
8.08 -24.24 -3.11475
-8.08 -24.24 -11.1948
-8.08 -24.24 -3.11475
-8.08 -16.16 -3.11475
-8.08 -16.16 -11.1948
0 -16.16 -11.1948
0 -16.16 -3.11475
8.08 -16.16 -11.1948
8.08 -16.16 -3.11475
0 -8.08 -3.11475
0 -8.08 -11.1948
8.08 -8.08 -11.1948
8.08 -8.08 -3.11475
0 8.08 -11.1948
8.08 8.08 -11.1948
8.08 8.08 -3.11475
0 8.08 -3.11475
0 16.16 -3.11475
0 16.16 -11.1948
8.08 16.16 -11.1948
8.08 16.16 -3.11475
-8.08 16.16 -11.1948
-8.08 16.16 -3.11475
-8.08 24.24 -3.11475
-8.08 24.24 -11.1948
0 24.24 -11.1948
0 24.24 -3.11475
8.08 24.24 -11.1948
8.08 24.24 -3.11475
0 32.32 -3.11475
0 32.32 -11.1948
8.08 32.32 -11.1948
8.08 32.32 -3.11475
-8.08 -32.32 -3.11475
0 -32.32 4.96525
-8.08 -32.32 4.96525
-8.08 -24.24 4.96525
0 -24.24 4.96525
8.08 -32.32 4.96525
8.08 -32.32 13.0452
0 -32.32 13.0452
0 -24.24 13.0452
8.08 -24.24 13.0452
8.08 -24.24 4.96525
-8.08 -16.16 4.96525
-8.08 -24.24 13.0452
-8.08 -16.16 13.0452
0 -16.16 13.0452
0 -16.16 4.96525
8.08 -16.16 4.96525
8.08 -16.16 13.0452
-8.08 -8.08 4.96525
-8.08 -8.08 -3.11475
0 -8.08 4.96525
0 -8.08 13.0452
8.08 -8.08 4.96525
8.08 -8.08 13.0452
-8.08 8.08 -3.11475
0 8.08 4.96525
-8.08 8.08 4.96525
-8.08 16.16 4.96525
0 16.16 4.96525
8.08 8.08 4.96525
8.08 8.08 13.0452
0 8.08 13.0452
0 16.16 13.0452
8.08 16.16 4.96525
8.08 16.16 13.0452
-8.08 24.24 4.96525
-8.08 16.16 13.0452
-8.08 24.24 13.0452
0 24.24 13.0452
0 24.24 4.96525
8.08 24.24 4.96525
8.08 24.24 13.0452
-8.08 32.32 4.96525
-8.08 32.32 -3.11475
0 32.32 4.96525
0 32.32 13.0452
8.08 32.32 13.0452
8.08 32.32 4.96525
-8.08 -24.24 21.1253
0 -24.24 21.1253
0 -24.24 29.2052
-8.08 -24.24 29.2052
-8.08 -16.16 29.2052
-8.08 -16.16 21.1253
-0.000853033 -17.4409 30.7853
0 -16.16 21.1253
8.08 -24.24 21.1253
8.08 -24.24 29.2052
8.08 -16.16 29.2052
8.08 -16.16 21.1253
-8.08 -8.08 21.1253
-8.08 -8.08 13.0452
0 -8.08 21
-8.08 -8.08 29.2052
8.08 -8.08 21.1253
8.08 -8.08 29.2052
-8.08 0 29.2052
-8.08 0 21.1253
0 0 21
8.08 0 21.1253
8.08 0 29.2052
-8.08 8.08 29.2052
-8.08 8.08 21.1253
0 8.08 21
8.08 8.08 21.1253
8.08 8.08 29.2052
-8.08 16.16 29.2052
-8.08 16.16 21.1253
0 16.16 21.1253
8.08 16.16 21.1253
8.08 16.16 29.2052
-8.08 24.24 21.1253
0 24.24 21.1253
-8.08 24.24 29.2052
-0.000853033 17.4409 30.7853
0 24.24 29.2052
8.08 24.24 29.2052
8.08 24.24 21.1253
0 -16.16 37.2852
-8.08 -16.16 37.2852
-8.08 -8.08 37.2852
0 -8.08 37.2852
8.08 -16.16 37.2852
8.08 -8.08 37.2852
-8.08 0 37.2852
0 -8.5 45.3653
-8.08 -8.08 45.3653
-8.08 0 45.3653
8.08 -8.08 45.3653
8.08 0 37.2852
8.08 0 45.3653
-8.08 8.08 37.2852
-8.08 8.08 45.3653
8.08 8.08 37.2852
8.08 8.08 45.3653
-8.08 16.16 37.2852
0 16.16 37.2852
-8.08 16.16 45.3653
0 8.5 45.3653
0 16.16 45.3653
8.08 16.16 45.3653
8.08 16.16 37.2852
0 -8.08 53.4453
-8.08 -8.08 53.4453
-8.08 0 53.4453
0 0 53.4453
8.08 -8.08 53.4453
8.08 0 53.4453
-8.08 8.08 53.4453
0 8.08 53.4453
8.08 8.08 53.4453

4 0 1 2 3  0.217 0.92 0.92 
4 0 3 4 5  0.217 0.92 0.92 
4 2 1 6 7  0.217 0.92 0.92 
4 1 0 5 6  0.217 0.92 0.92 
4 8 5 4 9  0.217 0.92 0.92 
4 8 9 10 11  0.217 0.92 0.92 
4 5 8 11 12  0.217 0.92 0.92 
4 11 10 13 12  0.217 0.92 0.92 
4 7 6 14 15  0.217 0.92 0.92 
4 6 5 12 14  0.217 0.92 0.92 
4 12 13 16 17  0.217 0.92 0.92 
4 15 14 18 19  0.217 0.92 0.92 
4 14 12 17 18  0.217 0.92 0.92 
4 17 16 19 18  0.217 0.92 0.92 
4 20 21 22 23  0.217 0.92 0.92 
4 20 23 24 25  0.217 0.92 0.92 
4 22 21 26 27  0.217 0.92 0.92 
4 21 20 25 26  0.217 0.92 0.92 
4 28 25 24 29  0.217 0.92 0.92 
4 28 29 30 31  0.217 0.92 0.92 
4 25 28 31 32  0.217 0.92 0.92 
4 31 30 33 32  0.217 0.92 0.92 
4 27 26 34 35  0.217 0.92 0.92 
4 26 25 32 34  0.217 0.92 0.92 
4 32 33 36 37  0.217 0.92 0.92 
4 35 34 38 39  0.217 0.92 0.92 
4 34 32 37 38  0.217 0.92 0.92 
4 37 36 39 38  0.217 0.92 0.92 
4 40 3 41 42  0.217 0.92 0.92 
4 40 42 43 9  0.217 0.92 0.92 
4 42 41 44 43  0.217 0.92 0.92 
4 3 40 9 4  0.217 0.92 0.92 
4 41 45 46 47  0.217 0.92 0.92 
4 41 47 48 44  0.217 0.92 0.92 
4 47 46 49 48  0.217 0.92 0.92 
4 46 45 50 49  0.217 0.92 0.92 
4 3 2 45 41  0.217 0.92 0.92 
4 45 2 7 50  0.217 0.92 0.92 
4 9 43 51 10  0.217 0.92 0.92 
4 43 44 48 52  0.217 0.92 0.92 
4 43 52 53 51  0.217 0.92 0.92 
4 52 48 54 53  0.217 0.92 0.92 
4 51 53 54 55  0.217 0.92 0.92 
4 49 50 56 57  0.217 0.92 0.92 
4 50 7 15 56  0.217 0.92 0.92 
4 10 51 58 59  0.217 0.92 0.92 
4 51 55 60 58  0.217 0.92 0.92 
4 13 10 59 16  0.217 0.92 0.92 
4 59 58 60 16  0.217 0.92 0.92 
4 55 54 61 60  0.217 0.92 0.92 
4 57 56 62 63  0.217 0.92 0.92 
4 60 61 63 62  0.217 0.92 0.92 
4 56 15 19 62  0.217 0.92 0.92 
4 16 60 62 19  0.217 0.92 0.92 
4 64 23 65 66  0.217 0.92 0.92 
4 64 66 67 29  0.217 0.92 0.92 
4 66 65 68 67  0.217 0.92 0.92 
4 23 64 29 24  0.217 0.92 0.92 
4 65 69 70 71  0.217 0.92 0.92 
4 65 71 72 68  0.217 0.92 0.92 
4 70 69 73 74  0.217 0.92 0.92 
4 23 22 69 65  0.217 0.92 0.92 
4 69 22 27 73  0.217 0.92 0.92 
4 29 67 75 30  0.217 0.92 0.92 
4 67 68 72 76  0.217 0.92 0.92 
4 67 76 77 75  0.217 0.92 0.92 
4 75 77 78 79  0.217 0.92 0.92 
4 74 73 80 81  0.217 0.92 0.92 
4 73 27 35 80  0.217 0.92 0.92 
4 30 75 82 83  0.217 0.92 0.92 
4 75 79 84 82  0.217 0.92 0.92 
4 33 30 83 36  0.217 0.92 0.92 
4 83 82 84 36  0.217 0.92 0.92 
4 79 78 85 84  0.217 0.92 0.92 
4 78 81 86 85  0.217 0.92 0.92 
4 81 80 87 86  0.217 0.92 0.92 
4 84 85 86 87  0.217 0.92 0.92 
4 80 35 39 87  0.217 0.92 0.92 
4 36 84 87 39  0.217 0.92 0.92 
4 88 89 90 91  0.217 0.92 0.92 
4 88 91 92 93  0.217 0.92 0.92 
4 91 90 94 92  0.217 0.92 0.92 
4 89 88 93 95  0.217 0.92 0.92 
4 89 96 97 90  0.217 0.92 0.92 
4 90 97 98 94  0.217 0.92 0.92 
4 97 96 99 98  0.217 0.92 0.92 
4 48 49 96 89  0.217 0.92 0.92 
4 48 89 95 54  0.217 0.92 0.92 
4 96 49 57 99  0.217 0.92 0.92 
4 53 54 95 93  0.217 0.92 0.92 
4 53 93 100 101  0.217 0.92 0.92 
4 54 53 101 61  0.217 0.92 0.92 
4 101 100 102 61  0.217 0.92 0.92 
4 93 92 103 100  0.217 0.92 0.92 
4 98 99 104 105  0.217 0.92 0.92 
4 99 57 63 104  0.217 0.92 0.92 
4 61 102 104 63  0.217 0.92 0.92 
4 100 103 106 107  0.217 0.92 0.92 
4 102 100 107 108  0.217 0.92 0.92 
4 105 104 109 110  0.217 0.92 0.92 
4 104 102 108 109  0.217 0.92 0.92 
4 107 106 111 112  0.217 0.92 0.92 
4 108 107 112 113  0.217 0.92 0.92 
4 110 109 114 115  0.217 0.92 0.92 
4 109 108 113 114  0.217 0.92 0.92 
4 112 111 116 117  0.217 0.92 0.92 
4 113 112 117 118  0.217 0.92 0.92 
4 115 114 119 120  0.217 0.92 0.92 
4 71 70 114 113  0.217 0.92 0.92 
4 71 113 118 72  0.217 0.92 0.92 
4 114 70 74 119  0.217 0.92 0.92 
4 76 72 118 117  0.217 0.92 0.92 
4 76 117 121 77  0.217 0.92 0.92 
4 77 121 122 78  0.217 0.92 0.92 
4 117 116 123 121  0.217 0.92 0.92 
4 116 124 125 123  0.217 0.92 0.92 
4 121 123 125 122  0.217 0.92 0.92 
4 124 120 126 125  0.217 0.92 0.92 
4 120 119 127 126  0.217 0.92 0.92 
4 122 125 126 127  0.217 0.92 0.92 
4 119 74 81 127  0.217 0.92 0.92 
4 78 122 127 81  0.217 0.92 0.92 
4 92 94 128 129  0.217 0.92 0.92 
4 92 129 130 103  0.217 0.92 0.92 
4 129 128 131 130  0.217 0.92 0.92 
4 94 98 132 128  0.217 0.92 0.92 
4 128 132 133 131  0.217 0.92 0.92 
4 132 98 105 133  0.217 0.92 0.92 
4 103 130 134 106  0.217 0.92 0.92 
4 130 131 135 136  0.217 0.92 0.92 
4 130 136 137 134  0.217 0.92 0.92 
4 131 133 138 135  0.217 0.92 0.92 
4 138 133 139 140  0.217 0.92 0.92 
4 133 105 110 139  0.217 0.92 0.92 
4 106 134 141 111  0.217 0.92 0.92 
4 134 137 142 141  0.217 0.92 0.92 
4 140 139 143 144  0.217 0.92 0.92 
4 139 110 115 143  0.217 0.92 0.92 
4 111 141 145 116  0.217 0.92 0.92 
4 116 145 146 124  0.217 0.92 0.92 
4 141 142 147 145  0.217 0.92 0.92 
4 142 148 149 147  0.217 0.92 0.92 
4 145 147 149 146  0.217 0.92 0.92 
4 148 144 150 149  0.217 0.92 0.92 
4 144 143 151 150  0.217 0.92 0.92 
4 146 149 150 151  0.217 0.92 0.92 
4 143 115 120 151  0.217 0.92 0.92 
4 124 146 151 120  0.217 0.92 0.92 
4 136 135 152 153  0.217 0.92 0.92 
4 136 153 154 137  0.217 0.92 0.92 
4 153 152 155 154  0.217 0.92 0.92 
4 135 138 156 152  0.217 0.92 0.92 
4 152 156 157 155  0.217 0.92 0.92 
4 156 138 140 157  0.217 0.92 0.92 
4 137 154 158 142  0.217 0.92 0.92 
4 154 155 159 158  0.217 0.92 0.92 
4 142 158 159 148  0.217 0.92 0.92 
4 155 157 160 159  0.217 0.92 0.92 
4 157 140 144 160  0.217 0.92 0.92 
4 148 159 160 144  0.217 0.92 0.92 
