OFF
389 586 0

0 -28.28 -11.1948
4.04 -28.28 -11.1948
4.04 -28.28 -7.15475
0 -28.28 -7.15475
0 -24.24 -7.15475
0 -24.24 -11.1948
4.04 -24.2166 -7.1501
4.04 -24.24 -11.1948
4.04 -23.2599 -4.0251
0 -24.24 -3.11475
4.04 -29.6072 -4.3472
0 -28.28 -3.11475
8.08 -24.24 -3.11475
8.08 -28.28 -3.11475
8.08 -24.24 -7.15475
8.08 -28.28 -11.1948
8.08 -28.28 -7.15475
8.08 -24.24 -11.1948
4.03984 -20.1728 -11.4583
0 -20.2 -11.1948
4.04 -20.2 -7.15475
8.08 -20.2 -11.1948
4.04 -16.16 -11.1948
4.03989 -15.8404 -7.20731
0 -16.16 -7.15475
4.04 -20.2 -3.11475
0 -16.16 -3.11475
4.04 -15.785 -3.11475
8.08 -16.16 -3.11475
8.08 -16.16 -7.15475
4.03984 20.1728 -11.4583
4.04 16.16 -11.1948
0 20.2 -11.1948
4.04 20.2 -7.15475
0 16.16 -7.15475
4.03989 15.8404 -7.20731
0 16.16 -3.11475
4.04 20.2 -3.11475
4.04 15.785 -3.11475
8.08 16.16 -3.11475
8.08 16.16 -7.15475
8.08 20.2 -11.1948
4.04 24.24 -11.1948
4.04 24.2166 -7.15008
0 24.24 -7.15475
8.08 24.24 -7.15475
0 24.24 -11.1948
0 28.28 -7.15475
0 28.28 -11.1948
4.04 28.28 -7.15475
4.04 28.28 -11.1948
0 24.24 -3.11475
0 28.28 -3.11475
4.04 29.6072 -4.3472
4.04 23.2599 -4.0251
8.08 24.24 -3.11475
8.08 28.28 -3.11475
8.08 24.24 -11.1948
8.08 28.28 -7.15475
8.08 28.28 -11.1948
0 -24.24 4.96525
0 -28.28 4.96525
4.04 -28.28 9.00525
4.04023 -28.3843 5.06126
4.03788 -25.1098 9.54025
0 -24.24 9.00525
8.08 -24.24 4.96525
8.08 -24.24 9.00525
8.08 -28.28 4.96525
0 -28.28 0.92525
4.04 -32.32 -3.11475
4.04001 -32.3335 0.929203
0 -32.32 0.92525
4.04 -32.32 4.96525
8.08 -28.28 0.92525
8.08 -32.32 0.92525
0 -24.24 0.92525
8.08 -24.24 0.92525
0 -20.2 9.00525
0 -20.2 4.96525
4.04 -24.24 13.0452
4.03496 -23.1165 13.9548
0 -20.2 13.0452
8.08 -20.2 9.00525
8.08 -20.2 13.0452
8.08 -20.2 4.96525
0 -16.16 9.00525
0 -16.16 4.96525
4.04 -15.1377 8.73131
4.04 -15.785 4.96525
0 -16.16 13.0452
4.04 -14.1276 12.5007
8.08 -16.16 9.00525
8.08 -16.16 13.0452
8.08 -16.16 4.96525
0 -20.2 0.92525
8.08 -20.2 0.92525
4.04 -15.785 0.92525
0 -16.16 0.92525
8.08 -16.16 0.92525
0 16.16 4.96525
4.04 15.785 4.96525
4.04 15.1377 8.73131
0 16.16 9.00525
0 20.2 9.00525
0 20.2 4.96525
4.04 14.1276 12.5007
0 16.16 13.0452
0 20.2 13.0452
8.08 16.16 9.00525
8.08 16.16 13.0452
8.08 20.2 9.00525
8.08 20.2 13.0452
8.08 16.16 4.96525
8.08 20.2 4.96525
0 24.24 9.00525
0 24.24 4.96525
4.04 24.24 13.0452
4.03369 23.1253 13.9314
4.03831 25.1125 9.53194
8.08 24.24 9.00525
8.08 24.24 4.96525
0 16.16 0.92525
0 20.2 0.92525
4.04 15.785 0.92525
8.08 16.16 0.92525
8.08 20.2 0.92525
0 24.24 0.92525
8.08 24.24 0.92525
4.04 28.28 9.00525
4.04023 28.3843 5.06126
0 28.28 4.96525
8.08 28.28 4.96525
0 28.28 0.92525
8.08 28.28 0.92525
0 32.32 0.92525
4.04 32.32 -3.11475
4.04001 32.3335 0.929203
4.04 32.32 4.96525
8.08 32.32 0.92525
-4.04 -20.2 29.2052
-8.08 -16.16 29.2052
-8.08 -16.16 25.1653
-4.04 -20.2 25.1653
-4.04085 -17.4398 30.784
-4.04135 -18.638 23.5542
0 -20.2 25.1653
0 -20.2 29.2052
-0.000853033 -17.4409 30.7853
0 -18.6035 23.5053
0 -16.16 21.1253
0 -20.2 21.1253
4.04 -21.0716 21.3588
4.04 -20.2 25.1653
4.04 -20.2 29.2052
4.04091 -17.4975 30.7391
8.08 -16.16 29.2052
8.08 -16.16 25.1653
8.08 -16.16 21.1253
8.08 -20.2 21.1253
4.04 -22.0816 17.5894
0 -20.2 17.0852
0 -16.16 17.0852
8.08 -20.2 17.0852
8.08 -16.16 17.0852
-8.08 -12.12 25.1653
-8.08 -12.12 21.1253
-4.04 -16.16 21.1253
-4.04 -12.12 21
-8.08 -12.12 29.2052
0 -12.12 21
-8.08 -8.08 25.1653
-8.08 -8.08 21.1253
-4.04 -8.08 21
-8.08 -8.08 29.2052
0 -8.08 21
8.08 -12.12 25.1653
8.08 -12.12 29.2052
8.08 -12.12 21.1253
2 -8.08 29.2052
4.04 -8.08 29.2052
4.04 -8.08 25.1653
2 -8.08 25.1653
4.0369 -10.7833 30.9551
4.04 -8.08 21.1253
4.04 -11.2501 20.5725
4.04 -12.12 13.0452
4.04 -12.12 17.0852
0 -12.12 17.0852
0 -8.08 17.0852
-8.08 -4.04 25.1653
-8.08 -4.04 21.1253
-4.04 -4.04 21
-8.08 -4.04 29.2052
2 -4.04 25.1653
2 -4.04 29.2052
0 -4.04 21
-8.08 0 25.1653
-8.08 0 21.1253
-4.04 0 21
-8.08 0 29.2052
2 0 25.1653
2 0 29.2052
0 0 21
4.04 -4.04 25.1653
4.04 -4.04 21.1253
4.04 0 25.1653
4.04 0 21.1253
-8.08 4.04 25.1653
-8.08 4.04 21.1253
-4.04 4.04 21
-8.08 4.04 29.2052
2 4.04 25.1653
2 4.04 29.2052
0 4.04 21
-8.08 8.08 25.1653
-8.08 8.08 21.1253
-4.04 8.08 21
-8.08 8.08 29.2052
2 8.08 25.1653
2 8.08 29.2052
0 8.08 21
4.04 4.04 25.1653
4.04 4.04 21.1253
4.04 8.08 25.1653
4.04 8.08 21.1253
-8.08 12.12 25.1653
-8.08 12.12 21.1253
-4.04 12.12 21
-8.08 12.12 29.2052
0 12.12 21
-8.08 16.16 25.1653
-4.04 16.16 21.1253
-4.04135 18.638 23.5542
-8.08 16.16 29.2052
0 16.16 21.1253
0 18.6035 23.5053
4.04 8.08 29.2052
8.08 12.12 29.2052
8.08 12.12 25.1653
4.0369 10.7833 30.9551
8.08 12.12 21.1253
4.04 11.2501 20.5725
8.08 16.16 25.1653
8.08 16.16 29.2052
8.08 16.16 21.1253
0 12.12 17.0852
4.04 12.12 17.0852
0 8.08 17.0852
0 16.16 17.0852
4.04 12.12 13.0452
8.08 16.16 17.0852
-4.04 20.2 25.1653
-4.04 20.2 29.2052
-4.04085 17.4398 30.784
-0.000853033 17.4409 30.7853
0 20.2 29.2052
0 20.2 25.1653
4.04 21.0716 21.3588
0 20.2 21.1253
4.04 20.2 25.1653
4.04091 17.4975 30.7391
4.04 20.2 29.2052
8.08 20.2 21.1253
0 20.2 17.0852
4.04 22.0816 17.5894
8.08 20.2 17.0852
-4.04 -12.12 33.2452
-4.04 -16.16 33.2452
0 -16.16 33.2452
0 -12.12 33.2452
-4.04 -8.08 33.2452
0 -8.08 33.2452
4.04 -16.16 33.2452
4.04 -12.12 33.2452
-4.03999 -3.57644 33.9917
-8.08 -4.04 33.2452
-8.08 -8.08 33.2452
-4.04 -8.08 37.2852
-8.08 -8.08 37.2852
-8.08 -4.04 37.2852
-4.04 -4.04 37.2852
0 -4.04 37.2852
-5.21133e-06 -3.57632 33.9916
-4.04 0 33.2452
0 0 33.2452
-4.04 -8.5 41.3252
-8.08 -8.08 41.3252
-8.08 -4.04 41.3252
-4.04 -4.04 41.3252
-8.08 -8.08 45.3653
-4.04 -4.04 45.3653
-4.04 -8.5 45.3653
0 -8.5 41.3252
0 -8.5 45.3653
0 -4.04 45.3653
0 -4.04 41.3252
0 -8.08 37.2852
4.04 -8.08 37.2852
4.04 -8.08 41.3252
4.04 -4.04 41.3252
4.04 -4.04 37.2852
4.04 -8.08 45.3653
4.04 -4.04 29.2052
4.04 -4.04 33.2452
4.04 -8.08 33.2452
4.04 0 29.2052
-4.04 3.57633 33.9916
-8.08 4.04 33.2452
-3.24717e-06 3.57632 33.9916
-4.04 8.08 33.2452
-4.04 4.04 37.2852
-8.08 4.04 37.2852
-8.08 8.08 37.2852
-8.08 8.08 33.2452
-4.04 8.08 37.2852
0 4.04 37.2852
0 8.08 33.2452
-4.04 4.04 41.3252
-8.08 4.04 41.3252
-8.08 8.08 41.3252
-4.04 8.5 41.3252
-4.04 4.04 45.3653
-8.08 8.08 45.3653
-4.04 8.5 45.3653
0 4.04 41.3252
0 4.04 45.3653
0 8.5 45.3653
0 8.5 41.3252
0 8.08 37.2852
4.04 4.04 37.2852
4.04 4.04 41.3252
4.04 8.08 41.3252
4.04 8.08 37.2852
4.04 8.08 45.3653
4.04 4.04 29.2052
4.04 4.04 33.2452
4.04 8.08 33.2452
-4.04 12.12 33.2452
0 12.12 33.2452
-4.04 16.16 33.2452
0 16.16 33.2452
4.04 12.12 33.2452
4.04 16.16 33.2452
-4.04 -8.08 49.4053
-8.08 -8.08 49.4053
-8.08 -4.04 49.4053
-8.08 -4.04 45.3653
-4.04 -4.04 49.4053
-4.08889 -4.04 53.6276
-8.08 -4.04 53.4453
-8.08 -8.08 53.4453
-4.08889 -8.08 53.6276
0 -8.08 53.4453
0 -4.04 53.4453
-0.318575 -8.07981 49.3467
-0.31625 -4.03981 49.3471
-8.08 0 53.4453
-8.08 0 49.4053
-4.04 0 53.4453
-4.04 0 49.4053
0 0 49.4053
4.04 -8.08 49.4053
4.04 -4.04 49.4053
4.04 -4.04 45.3653
0 0 45.3653
4.04 0 45.3653
4.04 0 49.4053
4.04 -4.04 53.4453
0 0 53.4453
4.04 0 53.4453
-8.08 4.04 53.4453
-8.08 4.04 49.4053
-4.08889 4.04 53.6276
-4.04 4.04 49.4053
0 4.04 53.4453
-0.953499 4.0404 49.1978
-4.04 0 45.3653
-8.08 4.04 45.3653
-8.08 8.08 49.4053
-4.04 8.08 49.4053
-4.08889 8.08 53.6276
-8.08 8.08 53.4453
0 8.08 53.4453
0 8.5 49.4053
4.04 4.04 45.3653
4.04 4.04 49.4053
4.04 4.04 53.4453
4.04 8.08 49.4053

4 0 1 2 3  0.217 0.92 0.92 
4 0 3 4 5  0.217 0.92 0.92 
4 3 2 6 4  0.217 0.92 0.92 
4 1 0 5 7  0.217 0.92 0.92 
4 5 4 6 7  0.217 0.92 0.92 
4 8 6 4 9  0.217 0.92 0.92 
3 9 4 2  0.217 0.92 0.92 
3 4 6 2  0.217 0.92 0.92 
3 10 11 2  0.217 0.92 0.92 
3 11 9 2  0.217 0.92 0.92 
3 12 13 2  0.217 0.92 0.92 
3 13 10 2  0.217 0.92 0.92 
4 8 12 14 6  0.217 0.92 0.92 
3 6 14 2  0.217 0.92 0.92 
3 14 12 2  0.217 0.92 0.92 
4 1 15 16 2  0.217 0.92 0.92 
4 2 16 14 6  0.217 0.92 0.92 
4 16 15 17 14  0.217 0.92 0.92 
4 15 1 7 17  0.217 0.92 0.92 
4 7 6 14 17  0.217 0.92 0.92 
3 18 7 19  0.217 0.92 0.92 
3 7 20 19  0.217 0.92 0.92 
3 6 20 4  0.217 0.92 0.92 
3 20 7 4  0.217 0.92 0.92 
3 7 6 4  0.217 0.92 0.92 
3 6 7 14  0.217 0.92 0.92 
3 7 20 14  0.217 0.92 0.92 
3 20 6 14  0.217 0.92 0.92 
3 20 7 21  0.217 0.92 0.92 
3 7 18 21  0.217 0.92 0.92 
3 20 22 19  0.217 0.92 0.92 
3 22 18 19  0.217 0.92 0.92 
3 23 22 24  0.217 0.92 0.92 
3 22 20 24  0.217 0.92 0.92 
4 25 26 24 20  0.217 0.92 0.92 
4 27 23 24 26  0.217 0.92 0.92 
4 27 28 29 23  0.217 0.92 0.92 
4 28 25 20 29  0.217 0.92 0.92 
3 20 22 29  0.217 0.92 0.92 
3 22 23 29  0.217 0.92 0.92 
3 18 22 21  0.217 0.92 0.92 
3 22 20 21  0.217 0.92 0.92 
3 30 31 32  0.217 0.92 0.92 
3 31 33 32  0.217 0.92 0.92 
3 33 31 34  0.217 0.92 0.92 
3 31 35 34  0.217 0.92 0.92 
4 33 34 36 37  0.217 0.92 0.92 
4 35 38 36 34  0.217 0.92 0.92 
4 37 39 40 33  0.217 0.92 0.92 
4 38 35 40 39  0.217 0.92 0.92 
3 35 31 40  0.217 0.92 0.92 
3 31 33 40  0.217 0.92 0.92 
3 33 31 41  0.217 0.92 0.92 
3 31 30 41  0.217 0.92 0.92 
3 33 42 32  0.217 0.92 0.92 
3 42 30 32  0.217 0.92 0.92 
3 43 42 44  0.217 0.92 0.92 
3 42 33 44  0.217 0.92 0.92 
3 33 43 44  0.217 0.92 0.92 
3 43 33 45  0.217 0.92 0.92 
3 33 42 45  0.217 0.92 0.92 
3 42 43 45  0.217 0.92 0.92 
3 30 42 41  0.217 0.92 0.92 
3 42 33 41  0.217 0.92 0.92 
4 46 42 43 44  0.217 0.92 0.92 
4 46 44 47 48  0.217 0.92 0.92 
4 44 43 49 47  0.217 0.92 0.92 
4 42 46 48 50  0.217 0.92 0.92 
4 48 47 49 50  0.217 0.92 0.92 
3 51 52 49  0.217 0.92 0.92 
3 52 53 49  0.217 0.92 0.92 
4 54 51 44 43  0.217 0.92 0.92 
3 43 44 49  0.217 0.92 0.92 
3 44 51 49  0.217 0.92 0.92 
4 54 43 45 55  0.217 0.92 0.92 
3 55 45 49  0.217 0.92 0.92 
3 45 43 49  0.217 0.92 0.92 
3 53 56 49  0.217 0.92 0.92 
3 56 55 49  0.217 0.92 0.92 
4 42 57 45 43  0.217 0.92 0.92 
4 43 45 58 49  0.217 0.92 0.92 
4 45 57 59 58  0.217 0.92 0.92 
4 57 42 50 59  0.217 0.92 0.92 
4 50 49 58 59  0.217 0.92 0.92 
3 60 61 62  0.217 0.92 0.92 
3 61 63 62  0.217 0.92 0.92 
3 64 65 62  0.217 0.92 0.92 
3 65 60 62  0.217 0.92 0.92 
3 66 67 62  0.217 0.92 0.92 
3 67 64 62  0.217 0.92 0.92 
3 63 68 62  0.217 0.92 0.92 
3 68 66 62  0.217 0.92 0.92 
3 69 11 70  0.217 0.92 0.92 
3 11 10 70  0.217 0.92 0.92 
3 71 72 70  0.217 0.92 0.92 
3 72 69 70  0.217 0.92 0.92 
3 69 72 73  0.217 0.92 0.92 
3 72 71 73  0.217 0.92 0.92 
3 63 61 73  0.217 0.92 0.92 
3 61 69 73  0.217 0.92 0.92 
3 74 68 73  0.217 0.92 0.92 
3 68 63 73  0.217 0.92 0.92 
3 71 75 73  0.217 0.92 0.92 
3 75 74 73  0.217 0.92 0.92 
3 74 75 70  0.217 0.92 0.92 
3 75 71 70  0.217 0.92 0.92 
3 10 13 70  0.217 0.92 0.92 
3 13 74 70  0.217 0.92 0.92 
4 11 69 76 9  0.217 0.92 0.92 
4 69 61 60 76  0.217 0.92 0.92 
4 68 74 77 66  0.217 0.92 0.92 
4 74 13 12 77  0.217 0.92 0.92 
4 60 65 78 79  0.217 0.92 0.92 
3 78 65 80  0.217 0.92 0.92 
3 65 64 80  0.217 0.92 0.92 
3 81 82 80  0.217 0.92 0.92 
3 82 78 80  0.217 0.92 0.92 
3 83 84 80  0.217 0.92 0.92 
3 84 81 80  0.217 0.92 0.92 
3 64 67 80  0.217 0.92 0.92 
3 67 83 80  0.217 0.92 0.92 
4 67 66 85 83  0.217 0.92 0.92 
4 79 78 86 87  0.217 0.92 0.92 
4 87 86 88 89  0.217 0.92 0.92 
4 78 82 90 86  0.217 0.92 0.92 
4 86 90 91 88  0.217 0.92 0.92 
4 84 83 92 93  0.217 0.92 0.92 
4 88 91 93 92  0.217 0.92 0.92 
4 83 85 94 92  0.217 0.92 0.92 
4 89 88 92 94  0.217 0.92 0.92 
3 76 95 25  0.217 0.92 0.92 
3 8 9 25  0.217 0.92 0.92 
3 9 76 25  0.217 0.92 0.92 
4 76 60 79 95  0.217 0.92 0.92 
4 66 77 96 85  0.217 0.92 0.92 
3 77 12 25  0.217 0.92 0.92 
3 12 8 25  0.217 0.92 0.92 
3 96 77 25  0.217 0.92 0.92 
4 97 27 26 98  0.217 0.92 0.92 
3 98 26 25  0.217 0.92 0.92 
3 95 98 25  0.217 0.92 0.92 
4 95 79 87 98  0.217 0.92 0.92 
4 98 87 89 97  0.217 0.92 0.92 
4 85 96 99 94  0.217 0.92 0.92 
4 97 89 94 99  0.217 0.92 0.92 
3 99 96 25  0.217 0.92 0.92 
4 97 99 28 27  0.217 0.92 0.92 
3 28 99 25  0.217 0.92 0.92 
4 100 101 102 103  0.217 0.92 0.92 
4 100 103 104 105  0.217 0.92 0.92 
4 103 102 106 107  0.217 0.92 0.92 
4 103 107 108 104  0.217 0.92 0.92 
4 102 109 110 106  0.217 0.92 0.92 
4 110 109 111 112  0.217 0.92 0.92 
4 101 113 109 102  0.217 0.92 0.92 
4 109 113 114 111  0.217 0.92 0.92 
4 105 104 115 116  0.217 0.92 0.92 
3 104 108 117  0.217 0.92 0.92 
3 108 118 117  0.217 0.92 0.92 
3 119 115 117  0.217 0.92 0.92 
3 115 104 117  0.217 0.92 0.92 
3 111 120 117  0.217 0.92 0.92 
3 120 119 117  0.217 0.92 0.92 
3 118 112 117  0.217 0.92 0.92 
3 112 111 117  0.217 0.92 0.92 
4 111 114 121 120  0.217 0.92 0.92 
3 122 123 37  0.217 0.92 0.92 
4 124 122 36 38  0.217 0.92 0.92 
3 36 122 37  0.217 0.92 0.92 
4 122 124 101 100  0.217 0.92 0.92 
4 122 100 105 123  0.217 0.92 0.92 
4 124 125 113 101  0.217 0.92 0.92 
4 113 125 126 114  0.217 0.92 0.92 
4 124 38 39 125  0.217 0.92 0.92 
3 125 39 37  0.217 0.92 0.92 
3 126 125 37  0.217 0.92 0.92 
3 127 51 37  0.217 0.92 0.92 
3 51 54 37  0.217 0.92 0.92 
3 123 127 37  0.217 0.92 0.92 
4 123 105 116 127  0.217 0.92 0.92 
4 114 126 128 121  0.217 0.92 0.92 
3 128 126 37  0.217 0.92 0.92 
3 54 55 37  0.217 0.92 0.92 
3 55 128 37  0.217 0.92 0.92 
3 116 115 129  0.217 0.92 0.92 
3 115 119 129  0.217 0.92 0.92 
3 130 131 129  0.217 0.92 0.92 
3 131 116 129  0.217 0.92 0.92 
3 121 132 129  0.217 0.92 0.92 
3 132 130 129  0.217 0.92 0.92 
3 119 120 129  0.217 0.92 0.92 
3 120 121 129  0.217 0.92 0.92 
4 51 127 133 52  0.217 0.92 0.92 
4 127 116 131 133  0.217 0.92 0.92 
4 121 128 134 132  0.217 0.92 0.92 
4 128 55 56 134  0.217 0.92 0.92 
3 133 135 136  0.217 0.92 0.92 
3 135 137 136  0.217 0.92 0.92 
3 53 52 136  0.217 0.92 0.92 
3 52 133 136  0.217 0.92 0.92 
3 133 131 138  0.217 0.92 0.92 
3 131 130 138  0.217 0.92 0.92 
3 137 135 138  0.217 0.92 0.92 
3 135 133 138  0.217 0.92 0.92 
3 134 139 138  0.217 0.92 0.92 
3 139 137 138  0.217 0.92 0.92 
3 130 132 138  0.217 0.92 0.92 
3 132 134 138  0.217 0.92 0.92 
3 134 56 136  0.217 0.92 0.92 
3 56 53 136  0.217 0.92 0.92 
3 137 139 136  0.217 0.92 0.92 
3 139 134 136  0.217 0.92 0.92 
4 140 141 142 143  0.217 0.92 0.92 
3 144 141 140  0.217 0.92 0.92 
3 145 143 142  0.217 0.92 0.92 
4 143 146 147 140  0.217 0.92 0.92 
4 140 147 148 144  0.217 0.92 0.92 
4 146 143 145 149  0.217 0.92 0.92 
3 146 149 150  0.217 0.92 0.92 
3 151 152 153  0.217 0.92 0.92 
3 153 146 151  0.217 0.92 0.92 
3 146 150 151  0.217 0.92 0.92 
4 146 153 154 147  0.217 0.92 0.92 
4 147 154 155 148  0.217 0.92 0.92 
4 156 154 153 157  0.217 0.92 0.92 
3 155 154 156  0.217 0.92 0.92 
3 158 157 153  0.217 0.92 0.92 
3 152 159 153  0.217 0.92 0.92 
3 159 158 153  0.217 0.92 0.92 
4 82 81 160 161  0.217 0.92 0.92 
4 82 161 162 90  0.217 0.92 0.92 
4 161 160 152 151  0.217 0.92 0.92 
4 161 151 150 162  0.217 0.92 0.92 
4 160 163 159 152  0.217 0.92 0.92 
4 159 163 164 158  0.217 0.92 0.92 
4 81 84 163 160  0.217 0.92 0.92 
4 163 84 93 164  0.217 0.92 0.92 
3 165 166 167  0.217 0.92 0.92 
3 166 168 167  0.217 0.92 0.92 
3 145 142 167  0.217 0.92 0.92 
3 142 165 167  0.217 0.92 0.92 
4 142 141 169 165  0.217 0.92 0.92 
4 168 170 150 167  0.217 0.92 0.92 
4 145 167 150 149  0.217 0.92 0.92 
4 166 165 171 172  0.217 0.92 0.92 
4 168 166 172 173  0.217 0.92 0.92 
4 165 169 174 171  0.217 0.92 0.92 
4 170 168 173 175  0.217 0.92 0.92 
4 156 157 176 177  0.217 0.92 0.92 
4 157 158 178 176  0.217 0.92 0.92 
4 179 180 181 182  0.217 0.92 0.92 
4 180 177 176 181  0.217 0.92 0.92 
3 183 177 180  0.217 0.92 0.92 
4 181 176 178 184  0.217 0.92 0.92 
3 185 184 178  0.217 0.92 0.92 
4 186 90 162 187  0.217 0.92 0.92 
3 91 90 186  0.217 0.92 0.92 
3 170 188 150  0.217 0.92 0.92 
3 150 188 162  0.217 0.92 0.92 
3 188 187 162  0.217 0.92 0.92 
3 158 164 187  0.217 0.92 0.92 
3 185 178 187  0.217 0.92 0.92 
3 178 158 187  0.217 0.92 0.92 
4 187 164 93 186  0.217 0.92 0.92 
3 91 186 93  0.217 0.92 0.92 
4 170 175 189 188  0.217 0.92 0.92 
3 188 189 184  0.217 0.92 0.92 
3 189 175 184  0.217 0.92 0.92 
3 185 187 184  0.217 0.92 0.92 
3 187 188 184  0.217 0.92 0.92 
4 172 171 190 191  0.217 0.92 0.92 
4 173 172 191 192  0.217 0.92 0.92 
4 171 174 193 190  0.217 0.92 0.92 
4 179 182 194 195  0.217 0.92 0.92 
4 175 173 192 196  0.217 0.92 0.92 
4 191 190 197 198  0.217 0.92 0.92 
4 192 191 198 199  0.217 0.92 0.92 
4 190 193 200 197  0.217 0.92 0.92 
4 195 194 201 202  0.217 0.92 0.92 
4 196 192 199 203  0.217 0.92 0.92 
4 182 181 204 194  0.217 0.92 0.92 
4 181 184 205 204  0.217 0.92 0.92 
4 184 175 196 205  0.217 0.92 0.92 
4 194 204 206 201  0.217 0.92 0.92 
4 204 205 207 206  0.217 0.92 0.92 
4 205 196 203 207  0.217 0.92 0.92 
4 198 197 208 209  0.217 0.92 0.92 
4 199 198 209 210  0.217 0.92 0.92 
4 197 200 211 208  0.217 0.92 0.92 
4 202 201 212 213  0.217 0.92 0.92 
4 203 199 210 214  0.217 0.92 0.92 
4 209 208 215 216  0.217 0.92 0.92 
4 210 209 216 217  0.217 0.92 0.92 
4 208 211 218 215  0.217 0.92 0.92 
4 213 212 219 220  0.217 0.92 0.92 
4 214 210 217 221  0.217 0.92 0.92 
4 201 206 222 212  0.217 0.92 0.92 
4 206 207 223 222  0.217 0.92 0.92 
4 207 203 214 223  0.217 0.92 0.92 
4 212 222 224 219  0.217 0.92 0.92 
4 222 223 225 224  0.217 0.92 0.92 
4 223 214 221 225  0.217 0.92 0.92 
4 216 215 226 227  0.217 0.92 0.92 
4 217 216 227 228  0.217 0.92 0.92 
4 215 218 229 226  0.217 0.92 0.92 
4 221 217 228 230  0.217 0.92 0.92 
3 226 231 232  0.217 0.92 0.92 
3 231 233 232  0.217 0.92 0.92 
3 228 227 232  0.217 0.92 0.92 
3 227 226 232  0.217 0.92 0.92 
4 226 229 234 231  0.217 0.92 0.92 
4 230 228 232 235  0.217 0.92 0.92 
4 236 235 232 233  0.217 0.92 0.92 
4 219 224 237 220  0.217 0.92 0.92 
4 238 237 224 239  0.217 0.92 0.92 
3 240 237 238  0.217 0.92 0.92 
4 239 224 225 241  0.217 0.92 0.92 
3 242 241 225  0.217 0.92 0.92 
4 238 239 243 244  0.217 0.92 0.92 
4 239 241 245 243  0.217 0.92 0.92 
3 246 247 225  0.217 0.92 0.92 
3 247 242 225  0.217 0.92 0.92 
4 230 246 248 221  0.217 0.92 0.92 
3 221 248 225  0.217 0.92 0.92 
3 248 246 225  0.217 0.92 0.92 
4 247 249 107 250  0.217 0.92 0.92 
3 106 250 107  0.217 0.92 0.92 
3 246 230 235  0.217 0.92 0.92 
3 235 249 246  0.217 0.92 0.92 
3 249 247 246  0.217 0.92 0.92 
3 245 241 247  0.217 0.92 0.92 
3 241 242 247  0.217 0.92 0.92 
3 251 245 247  0.217 0.92 0.92 
4 251 247 250 110  0.217 0.92 0.92 
3 106 110 250  0.217 0.92 0.92 
4 252 231 234 253  0.217 0.92 0.92 
3 233 231 252  0.217 0.92 0.92 
3 254 253 234  0.217 0.92 0.92 
4 254 255 256 253  0.217 0.92 0.92 
4 236 233 252 257  0.217 0.92 0.92 
4 252 253 256 257  0.217 0.92 0.92 
3 258 259 260  0.217 0.92 0.92 
3 236 257 235  0.217 0.92 0.92 
3 260 259 257  0.217 0.92 0.92 
3 259 235 257  0.217 0.92 0.92 
4 255 261 262 256  0.217 0.92 0.92 
4 257 256 262 260  0.217 0.92 0.92 
4 262 244 243 260  0.217 0.92 0.92 
3 261 244 262  0.217 0.92 0.92 
3 245 263 260  0.217 0.92 0.92 
3 263 258 260  0.217 0.92 0.92 
3 243 245 260  0.217 0.92 0.92 
4 107 249 264 108  0.217 0.92 0.92 
4 108 264 265 118  0.217 0.92 0.92 
4 249 235 259 264  0.217 0.92 0.92 
4 264 259 258 265  0.217 0.92 0.92 
4 245 251 266 263  0.217 0.92 0.92 
4 265 258 263 266  0.217 0.92 0.92 
4 251 110 112 266  0.217 0.92 0.92 
4 118 265 266 112  0.217 0.92 0.92 
4 267 169 141 268  0.217 0.92 0.92 
3 144 268 141  0.217 0.92 0.92 
4 144 148 269 268  0.217 0.92 0.92 
4 268 269 270 267  0.217 0.92 0.92 
4 271 174 169 267  0.217 0.92 0.92 
4 267 270 272 271  0.217 0.92 0.92 
4 148 155 273 269  0.217 0.92 0.92 
4 269 273 274 270  0.217 0.92 0.92 
4 177 274 273 156  0.217 0.92 0.92 
3 183 274 177  0.217 0.92 0.92 
3 155 156 273  0.217 0.92 0.92 
3 270 274 180  0.217 0.92 0.92 
3 274 183 180  0.217 0.92 0.92 
3 272 270 180  0.217 0.92 0.92 
3 193 174 271  0.217 0.92 0.92 
3 275 276 271  0.217 0.92 0.92 
3 276 193 271  0.217 0.92 0.92 
4 277 271 278 279  0.217 0.92 0.92 
4 277 279 280 276  0.217 0.92 0.92 
4 278 271 275 281  0.217 0.92 0.92 
4 271 277 276 275  0.217 0.92 0.92 
4 276 280 281 275  0.217 0.92 0.92 
4 272 282 281 271  0.217 0.92 0.92 
4 283 275 281 282  0.217 0.92 0.92 
3 283 282 272  0.217 0.92 0.92 
3 275 271 281  0.217 0.92 0.92 
3 193 276 284  0.217 0.92 0.92 
3 276 275 284  0.217 0.92 0.92 
3 200 193 284  0.217 0.92 0.92 
4 283 285 284 275  0.217 0.92 0.92 
4 279 278 286 287  0.217 0.92 0.92 
4 279 287 288 280  0.217 0.92 0.92 
4 287 286 289 288  0.217 0.92 0.92 
4 286 278 281 289  0.217 0.92 0.92 
4 280 288 289 281  0.217 0.92 0.92 
4 289 287 290 291  0.217 0.92 0.92 
4 286 292 290 287  0.217 0.92 0.92 
3 286 287 289  0.217 0.92 0.92 
3 292 291 290  0.217 0.92 0.92 
4 286 293 294 292  0.217 0.92 0.92 
4 289 291 295 296  0.217 0.92 0.92 
4 296 297 278 289  0.217 0.92 0.92 
4 293 286 278 297  0.217 0.92 0.92 
3 293 297 296  0.217 0.92 0.92 
3 286 289 278  0.217 0.92 0.92 
4 297 298 299 293  0.217 0.92 0.92 
4 297 293 296 282  0.217 0.92 0.92 
4 293 299 300 296  0.217 0.92 0.92 
4 299 298 301 300  0.217 0.92 0.92 
4 282 296 300 301  0.217 0.92 0.92 
4 295 302 299 296  0.217 0.92 0.92 
4 294 293 299 302  0.217 0.92 0.92 
3 293 296 299  0.217 0.92 0.92 
3 303 304 272  0.217 0.92 0.92 
3 304 283 272  0.217 0.92 0.92 
4 195 303 180 179  0.217 0.92 0.92 
3 180 303 272  0.217 0.92 0.92 
4 272 305 298 297  0.217 0.92 0.92 
4 272 297 282 283  0.217 0.92 0.92 
4 298 305 304 301  0.217 0.92 0.92 
4 305 272 283 304  0.217 0.92 0.92 
4 283 282 301 304  0.217 0.92 0.92 
4 195 202 306 303  0.217 0.92 0.92 
3 303 306 285  0.217 0.92 0.92 
3 283 304 285  0.217 0.92 0.92 
3 304 303 285  0.217 0.92 0.92 
3 211 200 284  0.217 0.92 0.92 
3 307 308 284  0.217 0.92 0.92 
3 308 211 284  0.217 0.92 0.92 
4 309 307 284 285  0.217 0.92 0.92 
3 211 308 310  0.217 0.92 0.92 
3 308 307 310  0.217 0.92 0.92 
3 218 211 310  0.217 0.92 0.92 
4 308 307 311 312  0.217 0.92 0.92 
4 308 312 313 314  0.217 0.92 0.92 
4 311 307 310 315  0.217 0.92 0.92 
4 307 308 314 310  0.217 0.92 0.92 
4 314 313 315 310  0.217 0.92 0.92 
4 310 311 316 317  0.217 0.92 0.92 
4 307 309 316 311  0.217 0.92 0.92 
3 307 311 310  0.217 0.92 0.92 
3 309 317 316  0.217 0.92 0.92 
4 312 311 318 319  0.217 0.92 0.92 
4 312 319 320 313  0.217 0.92 0.92 
4 319 318 321 320  0.217 0.92 0.92 
4 318 311 315 321  0.217 0.92 0.92 
4 313 320 321 315  0.217 0.92 0.92 
4 322 323 320 318  0.217 0.92 0.92 
4 324 321 320 323  0.217 0.92 0.92 
3 324 323 322  0.217 0.92 0.92 
3 321 318 320  0.217 0.92 0.92 
4 318 325 326 322  0.217 0.92 0.92 
4 321 324 327 328  0.217 0.92 0.92 
4 328 329 315 321  0.217 0.92 0.92 
4 329 325 318 315  0.217 0.92 0.92 
3 328 325 329  0.217 0.92 0.92 
3 321 315 318  0.217 0.92 0.92 
4 316 330 331 325  0.217 0.92 0.92 
4 316 325 328 329  0.217 0.92 0.92 
4 325 331 332 328  0.217 0.92 0.92 
4 331 330 333 332  0.217 0.92 0.92 
4 329 328 332 333  0.217 0.92 0.92 
4 327 334 332 328  0.217 0.92 0.92 
4 334 326 325 332  0.217 0.92 0.92 
3 328 332 325  0.217 0.92 0.92 
3 335 336 285  0.217 0.92 0.92 
3 336 309 285  0.217 0.92 0.92 
4 213 335 306 202  0.217 0.92 0.92 
3 306 335 285  0.217 0.92 0.92 
4 213 220 237 335  0.217 0.92 0.92 
3 335 237 317  0.217 0.92 0.92 
3 309 336 317  0.217 0.92 0.92 
3 336 335 317  0.217 0.92 0.92 
4 309 336 330 316  0.217 0.92 0.92 
4 309 316 329 317  0.217 0.92 0.92 
4 330 336 337 333  0.217 0.92 0.92 
4 336 309 317 337  0.217 0.92 0.92 
4 317 329 333 337  0.217 0.92 0.92 
4 338 229 218 310  0.217 0.92 0.92 
4 310 317 339 338  0.217 0.92 0.92 
4 340 234 229 338  0.217 0.92 0.92 
3 254 234 340  0.217 0.92 0.92 
4 338 339 341 340  0.217 0.92 0.92 
4 254 340 341 255  0.217 0.92 0.92 
3 339 317 237  0.217 0.92 0.92 
3 240 342 237  0.217 0.92 0.92 
3 342 339 237  0.217 0.92 0.92 
4 339 342 343 341  0.217 0.92 0.92 
4 255 341 343 261  0.217 0.92 0.92 
4 244 343 342 238  0.217 0.92 0.92 
3 261 343 244  0.217 0.92 0.92 
3 240 238 342  0.217 0.92 0.92 
4 290 292 344 345  0.217 0.92 0.92 
4 290 345 346 347  0.217 0.92 0.92 
4 345 344 348 346  0.217 0.92 0.92 
4 344 292 291 348  0.217 0.92 0.92 
4 292 290 347 291  0.217 0.92 0.92 
4 347 346 348 291  0.217 0.92 0.92 
4 349 350 351 352  0.217 0.92 0.92 
4 350 348 344 351  0.217 0.92 0.92 
3 349 348 350  0.217 0.92 0.92 
3 352 351 344  0.217 0.92 0.92 
4 349 352 353 354  0.217 0.92 0.92 
3 352 344 353  0.217 0.92 0.92 
3 355 353 344  0.217 0.92 0.92 
3 291 292 344  0.217 0.92 0.92 
3 292 294 344  0.217 0.92 0.92 
3 348 356 295  0.217 0.92 0.92 
3 294 355 344  0.217 0.92 0.92 
3 295 291 348  0.217 0.92 0.92 
3 291 344 348  0.217 0.92 0.92 
4 346 348 349 350  0.217 0.92 0.92 
4 346 350 357 358  0.217 0.92 0.92 
4 350 349 359 357  0.217 0.92 0.92 
4 349 348 360 359  0.217 0.92 0.92 
4 348 346 358 360  0.217 0.92 0.92 
3 349 354 359  0.217 0.92 0.92 
3 354 348 359  0.217 0.92 0.92 
3 348 349 359  0.217 0.92 0.92 
3 356 348 361  0.217 0.92 0.92 
3 348 354 361  0.217 0.92 0.92 
3 354 356 361  0.217 0.92 0.92 
4 355 294 302 362  0.217 0.92 0.92 
3 362 302 295  0.217 0.92 0.92 
3 356 363 295  0.217 0.92 0.92 
3 363 362 295  0.217 0.92 0.92 
4 363 354 353 362  0.217 0.92 0.92 
3 356 354 363  0.217 0.92 0.92 
3 355 362 353  0.217 0.92 0.92 
4 295 364 363 356  0.217 0.92 0.92 
4 295 356 361 365  0.217 0.92 0.92 
4 363 364 366 367  0.217 0.92 0.92 
4 364 295 365 366  0.217 0.92 0.92 
4 356 363 368 354  0.217 0.92 0.92 
4 356 354 369 361  0.217 0.92 0.92 
4 354 368 370 369  0.217 0.92 0.92 
4 368 363 367 370  0.217 0.92 0.92 
4 358 357 371 372  0.217 0.92 0.92 
4 357 359 373 371  0.217 0.92 0.92 
4 359 360 374 373  0.217 0.92 0.92 
4 360 358 372 374  0.217 0.92 0.92 
4 372 371 373 374  0.217 0.92 0.92 
3 373 374 359  0.217 0.92 0.92 
3 374 375 359  0.217 0.92 0.92 
3 375 373 359  0.217 0.92 0.92 
3 376 375 361  0.217 0.92 0.92 
3 375 374 361  0.217 0.92 0.92 
3 374 376 361  0.217 0.92 0.92 
4 377 365 361 360  0.217 0.92 0.92 
4 377 360 374 322  0.217 0.92 0.92 
4 360 361 376 374  0.217 0.92 0.92 
4 365 377 322 326  0.217 0.92 0.92 
4 322 374 376 326  0.217 0.92 0.92 
4 378 322 374 372  0.217 0.92 0.92 
4 378 372 379 323  0.217 0.92 0.92 
4 372 374 380 379  0.217 0.92 0.92 
4 374 322 324 380  0.217 0.92 0.92 
4 322 378 323 324  0.217 0.92 0.92 
4 323 379 380 324  0.217 0.92 0.92 
4 381 382 371 373  0.217 0.92 0.92 
4 382 380 374 371  0.217 0.92 0.92 
3 381 380 382  0.217 0.92 0.92 
3 373 371 374  0.217 0.92 0.92 
4 381 373 375 383  0.217 0.92 0.92 
3 381 383 380  0.217 0.92 0.92 
3 384 380 383  0.217 0.92 0.92 
3 376 374 326  0.217 0.92 0.92 
3 324 322 380  0.217 0.92 0.92 
3 327 324 380  0.217 0.92 0.92 
3 326 374 322  0.217 0.92 0.92 
3 374 380 322  0.217 0.92 0.92 
3 384 327 380  0.217 0.92 0.92 
4 367 366 385 386  0.217 0.92 0.92 
4 366 365 326 385  0.217 0.92 0.92 
4 326 376 386 385  0.217 0.92 0.92 
4 361 369 375 376  0.217 0.92 0.92 
4 369 370 387 375  0.217 0.92 0.92 
4 370 367 386 387  0.217 0.92 0.92 
4 376 375 387 386  0.217 0.92 0.92 
3 388 386 326  0.217 0.92 0.92 
3 386 376 326  0.217 0.92 0.92 
4 384 388 334 327  0.217 0.92 0.92 
3 334 388 326  0.217 0.92 0.92 
4 388 383 375 386  0.217 0.92 0.92 
3 384 383 388  0.217 0.92 0.92 
3 376 386 375  0.217 0.92 0.92 
