OFF
628 626 0

0 -29.4634 -4.50215
0 -29.4634 -4.50215
0 -31.4778 -2.33273
0 -31.4778 -2.33273
0 -28.28 -3.11475
0 -27.5928 -6.51661
0 -27.5928 -6.51661
-8.88178e-16 -24.24 -3.11475
0 -24.7059 -7.24733
0 -24.24 -3.11475
0.237475 -24.4735 -7.20123
0 -25.5783 -8.68602
0 -25.5783 -8.68602
0 -23.7286 -10.5351
0.000270912 -23.7286 -10.5351
4.04 -29.4634 -4.50215
4.04 -31.4778 -2.33273
4.04 -27.5928 -6.51661
8 -29.4634 -4.50215
8 -31.4778 -2.33273
8 -27.5928 -6.51661
8 -28.28 -3.11475
4.04 -25.5783 -8.68602
4.03945 -23.7391 -10.5264
8 -24.24 -7.15475
8 -24.24 -3.11475
8 -25.5783 -8.68602
8 -23.7375 -10.5243
0 -22.6734 -11.1297
7.86e-05 -22.6734 -11.1297
0 -20.2 -11.1948
0 -20.5459 -11.4943
0.000168005 -20.5459 -11.4943
0 -17.2542 -10.0327
0 -18.9575 -11.1538
0.000136992 -18.9575 -11.1538
0.00118133 -17.2542 -10.0327
0 -18.1489 -9.49682
0.5 -18.4763 -9.12062
0.27842 -20.1457 -2.84082
0 -20.0918 -2.56852
0 -16.16 -3.11475
0 -16.16 -7.15475
8 -18.4782 -9.12206
8 -20.1887 -3.05794
8 -20.2 -11.1948
8 -16.16 -7.15475
8 -16.16 -3.11475
8 -17.2983 -10.0722
4.03709 -22.5709 -11.1689
4.03651 -20.4792 -11.4856
8 -22.5105 -11.1902
8 -20.4794 -11.4819
4.04014 -18.9574 -11.1539
4.03837 -17.2954 -10.0751
8 -18.9574 -11.154
0 -15.785 -3.11475
0 -15.8099 -6.95066
0 -15.785 -3.11475
0 -15.8099 -6.95066
0 -16.2509 -8.6076
0 -16.2509 -8.6076
4.05059 -16.2995 -8.70649
4.03845 -15.8116 -6.95056
4.04 -15.785 -3.11475
8 -15.8112 -6.93
8 -15.785 -3.11475
8 -16.3469 -8.8029
0 15.8099 -6.95066
0 15.8099 -6.95066
0 15.785 -3.11475
0 15.785 -3.11475
0 16.16 -3.11475
0 16.16 -7.15475
-0 16.2509 -8.6076
-0 16.2509 -8.6076
0 17.2542 -10.0327
0.00118133 17.2542 -10.0327
4.05059 16.2995 -8.70649
4.0386 15.8097 -6.93009
4.03837 17.2954 -10.0751
4.04 15.785 -3.11475
8 15.8112 -6.93
8 15.785 -3.11475
8 16.16 -7.15475
8 16.16 -3.11475
8 16.3469 -8.8029
8 17.2983 -10.0722
-0 18.9575 -11.1538
0.000136992 18.9575 -11.1538
0 20.2 -11.1948
-0 20.5459 -11.4943
0.000168005 20.5459 -11.4943
0 23.7286 -10.5351
-0 22.6734 -11.1297
7.86e-05 22.6734 -11.1297
0.000270912 23.7286 -10.5351
0 20.0918 -2.56852
0 18.1489 -9.49682
0 24.24 -3.11475
0 24.7059 -7.24733
0.278338 20.1455 -2.84094
0.5 18.4763 -9.12062
0.237514 24.4735 -7.20115
0 24.24 -3.11475
4.04 20.1887 -3.05772
4.04015 18.4764 -9.12047
8 18.4782 -9.12206
8 20.1887 -3.05794
8 20.2 -11.1948
4.04 24.2166 -7.15008
4.04 23.2599 -4.0251
8 24.24 -7.15475
8 24.24 -3.11475
8 23.7375 -10.5243
4.04014 18.9574 -11.1539
4.03651 20.4792 -11.4856
8 18.9574 -11.154
8 20.4794 -11.4819
4.03709 22.5709 -11.1689
4.03945 23.7391 -10.5264
8 22.5105 -11.1902
0 28.28 -3.11475
0 27.5928 -6.51661
0 25.5783 -8.68602
0 25.5783 -8.68602
0 27.5928 -6.51661
0 31.4778 -2.33273
0 29.4634 -4.50215
0 29.4634 -4.50215
0 31.4778 -2.33273
4.04 25.5783 -8.68602
4.04 27.5928 -6.51661
8 27.5928 -6.51661
8 28.28 -3.11475
8 25.5783 -8.68602
4.04 29.4634 -4.50215
4.04 31.4778 -2.33273
8 29.4634 -4.50215
8 31.4778 -2.33273
0 -32.4622 0.387463
0 -32.4622 0.387463
0 -32.2234 1.2044
0 -32.2234 1.2044
0 -30.611 2.92774
0 -32.32 0.92525
0.00548186 -30.611 2.92775
0 -32.2699 -1.2055
0 -32.2699 -1.2055
4.03704 -32.2199 -1.31369
4.0401 -32.4665 0.342898
3.9808 -32.2684 1.09587
4.04 -30.5996 2.94787
8 -32.4666 0.342912
8 -32.3139 0.9863
8 -30.5996 2.94787
8 -32.32 0.92525
8 -32.2037 -1.34287
0 -28.28 4.96525
0 -28.28 0.92525
0 -28.28 4.96525
0 -24.24 4.96525
0 -24.24 0.92525
0 -26.33 7.62596
0 -26.33 7.62596
0 -24.2263 11.2214
0 -24.2263 11.2214
0 -23.5474 12.7859
0 -24.24 9.00525
0 -23.5474 12.7859
4.04023 -28.3843 5.06126
4.03996 -26.33 7.62592
4.05078 -24.3058 11.0609
4.0418 -23.5552 12.7699
8 -26.3462 7.61321
8 -24.3144 11.0652
8 -23.5642 12.7735
8 -24.24 9.00525
8 -28.28 4.96525
8 -24.24 4.96525
8 -28.28 0.92525
8 -24.24 0.92525
0 -20.2 4.96525
0 -20.2 0.92525
0 -16.16 4.96525
0 -16.16 0.92525
0 -20.2 13.0452
0 -20.2 9.00525
0 -16.16 13.0452
0 -16.16 9.00525
8 -20.2 9.00525
8 -20.2 13.0452
8 -20.2 4.96525
8 -16.16 9.00525
8 -16.16 13.0452
8 -16.16 4.96525
8 -20.2 0.92525
8 -16.16 0.92525
0 -15.785 4.96525
0 -15.785 0.92525
0 -15.785 4.96525
0 -15.785 0.92525
0 -13.857 13.5107
0 -14.867 9.74133
0 -13.857 13.5107
0 -14.867 9.74133
4.04 -14.867 9.74133
4.04 -15.785 4.96525
4.04 -13.857 13.5107
8 -14.867 9.74133
8 -13.857 13.5107
8 -15.785 4.96525
4.04 -15.785 0.92525
8 -15.785 0.92525
0 15.785 0.92525
0 15.785 0.92525
0 15.785 4.96525
0 15.785 4.96525
0 16.16 4.96525
0 16.16 0.92525
0 14.867 9.74133
0 14.867 9.74133
0 13.857 13.5107
0 13.857 13.5107
0 16.16 13.0452
0 16.16 9.00525
4.04 15.785 4.96525
4.04 14.867 9.74133
4.04 13.857 13.5107
8 14.867 9.74133
8 13.857 13.5107
8 16.16 9.00525
8 16.16 13.0452
8 15.785 4.96525
8 16.16 4.96525
4.04 15.785 0.92525
8 15.785 0.92525
8 16.16 0.92525
0 20.2 4.96525
0 20.2 0.92525
-8.88178e-16 24.24 4.96525
0 24.24 0.92525
0 20.2 13.0452
0 20.2 9.00525
0 23.5474 12.7859
0 24.24 9.00525
8 20.2 9.00525
8 20.2 13.0452
8 20.2 4.96525
8 24.24 9.00525
8 23.5642 12.7735
8 24.24 4.96525
8 20.2 0.92525
8 24.24 0.92525
-8.88178e-16 28.28 4.96525
0 28.28 0.92525
0 30.611 2.92774
0 32.32 0.92525
0 24.2263 11.2214
0 26.33 7.62596
0 23.5474 12.7859
0 24.2263 11.2214
0.00492714 26.33 7.62597
0 28.23 5.23848
0 28.23 5.23848
0 30.611 2.92774
4.0418 23.5552 12.7699
4.05078 24.3058 11.0609
4.03996 26.3462 7.61325
8 24.3144 11.0652
8 26.3462 7.61321
8 28.28 4.96525
4.03096 28.2252 5.23404
4.04438 30.5954 2.94291
8 28.0834 5.40765
8 30.5996 2.94787
8 28.28 0.92525
8 32.32 0.92525
-0 32.2234 1.2044
0 32.4622 0.387463
-0 32.2234 1.2044
9.74461e-05 32.4622 0.387463
-0 32.2699 -1.2055
-0 32.2699 -1.2055
4.03704 32.2199 -1.31369
4.03865 32.4667 0.355005
3.9808 32.2684 1.09587
8 32.3139 0.9863
8 32.4666 0.342912
8 32.2037 -1.34287
0 -22.3523 16.5794
0 -22.3523 16.5794
0 -21.3423 20.3488
0 -21.3423 20.3488
-4.04273 -18.1486 22.8968
0 -20.2 17.0852
-4.04017 -16.0467 21.3994
0 -16.16 17.0852
0 -20.3322 24.1182
0 -20.3322 24.1182
-4.04037 -19.3833 25.3774
0 -20.0616 25.1282
-8 -18.0946 22.8288
-8 -19.3794 25.3556
-8 -16.16 25.1653
-8 -16.0528 21.4049
-4.04061 -19.0454 28.6852
-8 -19.0247 28.7359
-8 -16.16 29.2052
-0.000609285 -19.0437 28.6844
4.04 -21.3423 20.3488
4.04 -20.3322 24.1182
4.04 -20.0616 25.1282
8 -21.3423 20.3488
8 -20.3322 24.1182
8 -20.0616 25.1282
8 -20.2 21.1253
4.03939 -19.0419 28.6836
8 -19.0402 28.6828
8 -16.16 25.1653
8 -16.16 29.2052
8 -16.16 21.1253
4.04 -22.3523 16.5794
8 -22.3523 16.5794
8 -20.2 17.0852
8 -16.16 17.0852
-8 -15.1433 21.1202
-8 -12.12 21.1253
-8 -12.12 21
-4.04 -12.12 21
0 -12.847 17.28
-8 -8.08 21.1253
-8 -8.08 21
-4.04 -8.08 21
0 -8.08 21
-8 -12.12 25.1653
-8 -12.12 29.2052
-8 -8.08 25.1653
-8 -8.08 29.2052
8 -12.12 25.1653
8 -12.12 29.2052
8 -12.12 21.1253
8 -8.6433 25.2734
8 -8.99056 28.7581
4.04003 -8.635 25.2936
4.04086 -8.99786 28.769
8 -10.088 22.4012
2 -8.08 21.1253
4.04 -12.847 17.28
8 -12.847 17.28
2 -8.08 21
8 -11.9168 19.5233
-8 -4.04 21.1253
-8 -4.04 21
-4.04 -4.04 21
0 -4.04 21
-8 0 21.1253
-8 0 21
-4.04 0 21
0 0 21
-8 -4.04 25.1653
-8 -4.04 29.2052
-8 0 25.1653
-8 0 29.2052
2 -4.04 21.1253
2 -4.04 25.1653
2 -4.04 29.2052
2 0 21.1253
2 0 25.1653
2 0 29.2052
2 -4.04 21
2 0 21
-8 4.04 21.1253
-8 4.04 21
-4.04 4.04 21
0 4.04 21
-8 8.08 21.1253
-8 8.08 21
-4.04 8.08 21
0 8.08 21
-8 4.04 25.1653
-8 4.04 29.2052
-8 8.08 25.1653
-8 8.08 29.2052
2 4.04 29.2052
2 4.04 25.1653
2 8.08 25.1653
2 8.08 29.2052
2 4.04 21.1253
2 4.04 25.1653
2 4.04 29.2052
4.04003 8.635 25.2936
2 8.08 21.1253
2 4.04 21
2 8.08 21
-8 12.12 21.1253
-8 12.12 21
-4.04 12.12 21
0 12.847 17.28
-8 16.0528 21.4049
-8 15.1433 21.1202
0 16.16 17.0852
-4.04017 16.0467 21.3994
-8 12.12 25.1653
-8 12.12 29.2052
-8 16.16 25.1653
-8 16.16 29.2052
4.04086 8.99786 28.769
8 8.6433 25.2734
8 8.99056 28.7581
8 12.12 25.1653
8 12.12 29.2052
8 10.088 22.4012
8 12.12 21.1253
8 16.16 25.1653
8 16.16 29.2052
8 16.16 21.1253
4.04 12.847 17.28
8 11.9168 19.5233
8 12.847 17.28
8 16.16 17.0852
-4.04273 18.1486 22.8968
0 20.2 17.0852
0 21.3423 20.3488
0 22.3523 16.5794
0 20.2 21.1253
0 21.3423 20.3488
0 22.3523 16.5794
-8 19.3794 25.3556
-8 18.0946 22.8288
-4.04037 19.3833 25.3774
-8 19.0247 28.7359
-4.04061 19.0454 28.6852
-0.000609285 19.0437 28.6844
0 20.0616 25.1282
4.03939 19.0419 28.6836
4.04 20.0616 25.1282
8 20.0616 25.1282
8 19.0402 28.6828
8 20.2 21.1253
0 20.3322 24.1182
4.04 20.3322 24.1182
4.04 21.3423 20.3488
8 20.3322 24.1182
8 21.3423 20.3488
8 20.2 17.0852
4.04 22.3523 16.5794
8 22.3523 16.5794
-4.04035 -17.7178 30.5518
-8 -17.6807 30.5866
-8 -15.6999 31.7305
-4.04057 -15.7124 31.7253
-0.00101986 -17.7557 30.5164
-0.000569842 -15.712 31.7239
4.03835 -17.7913 30.483
4.03943 -15.7116 31.7225
8 -17.7901 30.4816
8 -15.7112 31.7211
-8 -12.12 32
-4.04 -12.12 32
0 -12.12 32
-8 -8.08 32
-4.04 -8.08 32
0 -8.08 32
-8 -8.28296 38.0915
-4.04271 -8.28479 38.1129
-4.04 -8.5 41.3252
-8 -8.5 41.3252
-8 -8.08 41.3252
-8 -8.05047 37.2939
-4.04 -8.05247 37.2937
-4.04 -8.5 45.3653
-8 -8.5 45.3653
-8 -8.08 45.3653
0 -8.5 41.3252
0 -8.5 45.3653
-0.00271658 -8.28205 38.1135
1.51702e-06 -8.05267 37.2936
2 -8.2807 38.1138
2 -8.5 41.3252
2 -8.05277 37.2936
2 -8.08 41.3252
2 -8.5 45.3653
2 -8.08 45.3653
4.04236 -12.5615 31.8047
8 -12.4977 31.7841
2 -8.08 32
8 -10.3036 30.5723
-8 -4.04 33.2452
-8 -5.78061 36.0674
-8 -0.0124408 33.0007
-8 -1.40532 33.1425
-4.03999 -5.78086 36.0677
-4.04006 -1.40572 33.1426
1.36444e-05 -5.78084 36.0677
-5.64321e-05 -1.40614 33.1427
-8 -6.65687 42.1363
-4.04002 -6.65689 42.1363
-8 -4.2098 45.5825
-4.04 -4.20979 45.5826
8.56241e-07 -4.20978 45.5826
1.70298e-05 -6.65673 42.1367
2 -5.78083 36.0677
2 -6.65672 42.1367
2 -4.20978 45.5825
2 -4.04 33.2452
2 0.0124773 33.0006
2 1.40634 33.1427
-8 4.04 33.2452
-8 5.78094 36.0679
-4.04001 5.78095 36.0679
7.19507e-06 5.78083 36.0677
-8 8.08 32
-8 8.05047 37.2939
-4.04 8.05067 37.2938
-4.04 8.08 32
1.60903e-06 8.05088 37.2937
0 8.08 32
-4.04 6.65668 42.1369
-8 6.65668 42.1369
-8 8.08 41.3252
-4.04 4.20977 45.5826
-8 4.20977 45.5826
-8 8.08 45.3653
7.1032e-06 6.65673 42.1367
3.25741e-07 4.20978 45.5826
2 5.78083 36.0677
2 6.65672 42.1367
2 8.05277 37.2936
2 8.08 41.3252
2 4.20978 45.5825
2 8.08 45.3653
2 4.04 33.2452
2 8.08 32
-8 12.12 32
-4.04 12.12 32
0 12.12 32
-8 15.6999 31.7305
-4.04057 15.7124 31.7253
-0.000569842 15.712 31.7239
-8 8.5 41.3252
-8 8.28296 38.0915
-4.04271 8.28479 38.1129
-4.04 8.5 41.3252
-8 8.5 45.3653
-4.04 8.5 45.3653
0 8.5 45.3653
0 8.5 41.3252
-0.00271658 8.28205 38.1135
2 8.2807 38.1138
2 8.5 41.3252
2 8.5 45.3653
4.04236 12.5615 31.8047
8 10.3036 30.5723
8 12.4977 31.7841
4.03943 15.7116 31.7225
8 15.7112 31.7211
-8 17.6807 30.5866
-4.04035 17.7178 30.5518
-0.00101986 17.7557 30.5164
4.03835 17.7913 30.483
8 17.7901 30.4816
-5.33779 -8.5 50.1886
-7.95473 -8.5 49.3854
-7.95473 -8.08 49.3854
-4.04 -8.5 53.4453
-6.71582 -8.5 52.095
-6.71582 -8.08 52.095
0 -8.5 49.4053
-0.315281 -8.5 52.9602
-3.52499 -8.5 53.7224
-5.03416 -8.5 53.317
-5.03416 -8.08 53.317
-3.52499 -8.08 53.7224
-1.45573 -8.5 53.5055
-1.45573 -8.08 53.5055
-0.315281 -8.08 52.9602
1.97219 -8.5 49.2751
1.97219 -8.08 49.2751
1.13071 -8.5 51.5571
1.13071 -8.08 51.5571
-7.95473 -4.04 49.3854
-6.71582 -4.04 52.095
-7.95473 -0.75 49.3854
-8 0.75 46.9597
-5.08742 0.75 46.9597
-6.71582 -0.75 52.095
0 0.75 46.9597
-5.03416 -4.04 53.317
-3.52499 -4.04 53.7224
-1.45573 -4.04 53.5055
-0.315281 -4.04 52.9602
-5.03416 -0.75 53.317
-3.52499 -0.75 53.7224
-1.45573 -0.75 53.5055
-0.315281 -0.75 52.9602
1.97219 -4.04 49.2751
1.13071 -4.04 51.5571
2 0.75 46.9597
1.97219 -0.75 49.2751
1.13071 -0.75 51.5571
-7.95473 4.04 49.3854
-6.71582 4.04 52.095
-7.95473 8.08 49.3854
-6.71582 8.08 52.095
-5.03416 4.04 53.317
-3.52499 4.04 53.7224
-1.45573 4.04 53.5055
-0.315281 4.04 52.9602
-5.01347 8.17266 53.325
-3.52499 8.08 53.7224
-1.45573 8.08 53.5055
-0.315281 8.08 52.9602
1.97219 4.04 49.2751
1.13071 4.04 51.5571
1.97219 8.08 49.2751
1.13071 8.08 51.5571
-7.95473 8.5 49.3854
-5.15097 8.5 50.0134
-6.71582 8.5 52.095
-4.04 8.5 53.4453
-0.315281 8.5 52.9602
0 8.5 49.4053
-5.03416 8.5 53.317
-3.52499 8.5 53.7224
-1.45573 8.5 53.5055
1.97219 8.5 49.2751
1.13071 8.5 51.5571

4 0 1 2 3  0.217 0.92 0.92 
4 0 3 4 5  0.217 0.92 0.92 
4 1 0 5 6  0.217 0.92 0.92 
4 5 4 7 8  0.217 0.92 0.92 
4 8 7 9 10  0.217 0.92 0.92 
4 11 12 6 5  0.217 0.92 0.92 
4 11 5 8 13  0.217 0.92 0.92 
4 12 11 13 14  0.217 0.92 0.92 
4 1 15 16 2  0.217 0.92 0.92 
4 15 1 6 17  0.217 0.92 0.92 
4 15 18 19 16  0.217 0.92 0.92 
4 19 18 20 21  0.217 0.92 0.92 
4 18 15 17 20  0.217 0.92 0.92 
4 12 22 17 6  0.217 0.92 0.92 
4 22 12 14 23  0.217 0.92 0.92 
4 21 20 24 25  0.217 0.92 0.92 
4 22 26 20 17  0.217 0.92 0.92 
4 20 26 27 24  0.217 0.92 0.92 
4 26 22 23 27  0.217 0.92 0.92 
4 28 29 14 13  0.217 0.92 0.92 
4 28 13 30 31  0.217 0.92 0.92 
4 29 28 31 32  0.217 0.92 0.92 
4 31 30 33 34  0.217 0.92 0.92 
4 32 31 34 35  0.217 0.92 0.92 
4 34 33 36 35  0.217 0.92 0.92 
4 13 8 37 30  0.217 0.92 0.92 
4 8 10 38 37  0.217 0.92 0.92 
4 37 38 39 40  0.217 0.92 0.92 
4 37 40 41 42  0.217 0.92 0.92 
4 30 37 42 33  0.217 0.92 0.92 
4 10 9 39 38  0.217 0.92 0.92 
4 25 24 43 44  0.217 0.92 0.92 
4 24 27 45 43  0.217 0.92 0.92 
4 44 43 46 47  0.217 0.92 0.92 
4 43 45 48 46  0.217 0.92 0.92 
4 29 49 23 14  0.217 0.92 0.92 
4 49 29 32 50  0.217 0.92 0.92 
4 49 51 27 23  0.217 0.92 0.92 
4 27 51 52 45  0.217 0.92 0.92 
4 51 49 50 52  0.217 0.92 0.92 
4 50 32 35 53  0.217 0.92 0.92 
4 35 36 54 53  0.217 0.92 0.92 
4 45 52 55 48  0.217 0.92 0.92 
4 52 50 53 55  0.217 0.92 0.92 
4 53 54 48 55  0.217 0.92 0.92 
4 42 41 56 57  0.217 0.92 0.92 
4 57 56 58 59  0.217 0.92 0.92 
4 33 42 57 60  0.217 0.92 0.92 
4 36 33 60 61  0.217 0.92 0.92 
4 60 57 59 61  0.217 0.92 0.92 
4 54 36 61 62  0.217 0.92 0.92 
4 61 59 63 62  0.217 0.92 0.92 
4 59 58 64 63  0.217 0.92 0.92 
4 47 46 65 66  0.217 0.92 0.92 
4 63 64 66 65  0.217 0.92 0.92 
4 46 48 67 65  0.217 0.92 0.92 
4 48 54 62 67  0.217 0.92 0.92 
4 62 63 65 67  0.217 0.92 0.92 
4 68 69 70 71  0.217 0.92 0.92 
4 68 71 72 73  0.217 0.92 0.92 
4 74 75 69 68  0.217 0.92 0.92 
4 74 68 73 76  0.217 0.92 0.92 
4 75 74 76 77  0.217 0.92 0.92 
4 75 78 79 69  0.217 0.92 0.92 
4 78 75 77 80  0.217 0.92 0.92 
4 69 79 81 70  0.217 0.92 0.92 
4 79 82 83 81  0.217 0.92 0.92 
4 83 82 84 85  0.217 0.92 0.92 
4 78 86 82 79  0.217 0.92 0.92 
4 82 86 87 84  0.217 0.92 0.92 
4 86 78 80 87  0.217 0.92 0.92 
4 88 89 77 76  0.217 0.92 0.92 
4 88 76 90 91  0.217 0.92 0.92 
4 89 88 91 92  0.217 0.92 0.92 
4 91 90 93 94  0.217 0.92 0.92 
4 92 91 94 95  0.217 0.92 0.92 
4 94 93 96 95  0.217 0.92 0.92 
4 73 72 97 98  0.217 0.92 0.92 
4 76 73 98 90  0.217 0.92 0.92 
4 98 97 99 100  0.217 0.92 0.92 
4 101 102 103 104  0.217 0.92 0.92 
4 90 98 100 93  0.217 0.92 0.92 
4 102 101 105 106  0.217 0.92 0.92 
4 85 84 107 108  0.217 0.92 0.92 
4 84 87 109 107  0.217 0.92 0.92 
4 102 106 110 103  0.217 0.92 0.92 
4 106 105 111 110  0.217 0.92 0.92 
4 108 107 112 113  0.217 0.92 0.92 
4 107 109 114 112  0.217 0.92 0.92 
4 89 115 80 77  0.217 0.92 0.92 
4 115 89 92 116  0.217 0.92 0.92 
4 115 117 87 80  0.217 0.92 0.92 
4 87 117 118 109  0.217 0.92 0.92 
4 117 115 116 118  0.217 0.92 0.92 
4 116 92 95 119  0.217 0.92 0.92 
4 95 96 120 119  0.217 0.92 0.92 
4 109 118 121 114  0.217 0.92 0.92 
4 118 116 119 121  0.217 0.92 0.92 
4 119 120 114 121  0.217 0.92 0.92 
4 100 99 122 123  0.217 0.92 0.92 
4 93 100 123 124  0.217 0.92 0.92 
4 96 93 124 125  0.217 0.92 0.92 
4 124 123 126 125  0.217 0.92 0.92 
4 123 122 127 128  0.217 0.92 0.92 
4 126 123 128 129  0.217 0.92 0.92 
4 128 127 130 129  0.217 0.92 0.92 
4 120 96 125 131  0.217 0.92 0.92 
4 125 126 132 131  0.217 0.92 0.92 
4 103 110 111 104  0.217 0.92 0.92 
4 113 112 133 134  0.217 0.92 0.92 
4 112 114 135 133  0.217 0.92 0.92 
4 114 120 131 135  0.217 0.92 0.92 
4 131 132 133 135  0.217 0.92 0.92 
4 132 126 129 136  0.217 0.92 0.92 
4 129 130 137 136  0.217 0.92 0.92 
4 134 133 138 139  0.217 0.92 0.92 
4 133 132 136 138  0.217 0.92 0.92 
4 136 137 139 138  0.217 0.92 0.92 
4 140 141 142 143  0.217 0.92 0.92 
4 140 143 144 145  0.217 0.92 0.92 
4 143 142 146 144  0.217 0.92 0.92 
4 147 148 141 140  0.217 0.92 0.92 
4 147 140 145 3  0.217 0.92 0.92 
4 148 147 3 2  0.217 0.92 0.92 
4 148 149 150 141  0.217 0.92 0.92 
4 149 148 2 16  0.217 0.92 0.92 
4 141 150 151 142  0.217 0.92 0.92 
4 142 151 152 146  0.217 0.92 0.92 
4 150 153 154 151  0.217 0.92 0.92 
4 151 154 155 152  0.217 0.92 0.92 
4 154 153 156 155  0.217 0.92 0.92 
4 149 157 153 150  0.217 0.92 0.92 
4 153 157 19 156  0.217 0.92 0.92 
4 157 149 16 19  0.217 0.92 0.92 
4 145 144 158 159  0.217 0.92 0.92 
4 144 146 160 158  0.217 0.92 0.92 
4 3 145 159 4  0.217 0.92 0.92 
4 159 158 161 162  0.217 0.92 0.92 
4 4 159 162 7  0.217 0.92 0.92 
4 163 164 165 166  0.217 0.92 0.92 
4 163 166 167 168  0.217 0.92 0.92 
4 166 165 169 167  0.217 0.92 0.92 
4 158 160 164 163  0.217 0.92 0.92 
4 158 163 168 161  0.217 0.92 0.92 
4 160 170 171 164  0.217 0.92 0.92 
4 164 171 172 165  0.217 0.92 0.92 
4 165 172 173 169  0.217 0.92 0.92 
4 171 174 175 172  0.217 0.92 0.92 
4 172 175 176 173  0.217 0.92 0.92 
4 175 174 177 176  0.217 0.92 0.92 
4 170 178 174 171  0.217 0.92 0.92 
4 174 178 179 177  0.217 0.92 0.92 
4 146 152 170 160  0.217 0.92 0.92 
4 152 155 178 170  0.217 0.92 0.92 
4 155 156 180 178  0.217 0.92 0.92 
4 156 19 21 180  0.217 0.92 0.92 
4 178 180 181 179  0.217 0.92 0.92 
4 180 21 25 181  0.217 0.92 0.92 
4 162 161 182 183  0.217 0.92 0.92 
4 7 162 183 40  0.217 0.92 0.92 
4 9 7 40 39  0.217 0.92 0.92 
4 183 182 184 185  0.217 0.92 0.92 
4 40 183 185 41  0.217 0.92 0.92 
4 168 167 186 187  0.217 0.92 0.92 
4 161 168 187 182  0.217 0.92 0.92 
4 187 186 188 189  0.217 0.92 0.92 
4 182 187 189 184  0.217 0.92 0.92 
4 176 177 190 191  0.217 0.92 0.92 
4 177 179 192 190  0.217 0.92 0.92 
4 191 190 193 194  0.217 0.92 0.92 
4 190 192 195 193  0.217 0.92 0.92 
4 179 181 196 192  0.217 0.92 0.92 
4 181 25 44 196  0.217 0.92 0.92 
4 192 196 197 195  0.217 0.92 0.92 
4 196 44 47 197  0.217 0.92 0.92 
4 185 184 198 199  0.217 0.92 0.92 
4 199 198 200 201  0.217 0.92 0.92 
4 41 185 199 56  0.217 0.92 0.92 
4 56 199 201 58  0.217 0.92 0.92 
4 189 188 202 203  0.217 0.92 0.92 
4 203 202 204 205  0.217 0.92 0.92 
4 184 189 203 198  0.217 0.92 0.92 
4 198 203 205 200  0.217 0.92 0.92 
4 200 205 206 207  0.217 0.92 0.92 
4 205 204 208 206  0.217 0.92 0.92 
4 194 193 209 210  0.217 0.92 0.92 
4 206 208 210 209  0.217 0.92 0.92 
4 193 195 211 209  0.217 0.92 0.92 
4 207 206 209 211  0.217 0.92 0.92 
4 58 201 212 64  0.217 0.92 0.92 
4 201 200 207 212  0.217 0.92 0.92 
4 195 197 213 211  0.217 0.92 0.92 
4 212 207 211 213  0.217 0.92 0.92 
4 197 47 66 213  0.217 0.92 0.92 
4 64 212 213 66  0.217 0.92 0.92 
4 214 215 216 217  0.217 0.92 0.92 
4 214 217 218 219  0.217 0.92 0.92 
4 71 70 215 214  0.217 0.92 0.92 
4 71 214 219 72  0.217 0.92 0.92 
4 220 221 222 223  0.217 0.92 0.92 
4 220 223 224 225  0.217 0.92 0.92 
4 217 216 221 220  0.217 0.92 0.92 
4 217 220 225 218  0.217 0.92 0.92 
4 216 226 227 221  0.217 0.92 0.92 
4 221 227 228 222  0.217 0.92 0.92 
4 227 229 230 228  0.217 0.92 0.92 
4 230 229 231 232  0.217 0.92 0.92 
4 226 233 229 227  0.217 0.92 0.92 
4 229 233 234 231  0.217 0.92 0.92 
4 70 81 235 215  0.217 0.92 0.92 
4 215 235 226 216  0.217 0.92 0.92 
4 235 236 233 226  0.217 0.92 0.92 
4 233 236 237 234  0.217 0.92 0.92 
4 81 83 236 235  0.217 0.92 0.92 
4 236 83 85 237  0.217 0.92 0.92 
4 219 218 238 239  0.217 0.92 0.92 
4 72 219 239 97  0.217 0.92 0.92 
4 239 238 240 241  0.217 0.92 0.92 
4 97 239 241 99  0.217 0.92 0.92 
4 225 224 242 243  0.217 0.92 0.92 
4 218 225 243 238  0.217 0.92 0.92 
4 243 242 244 245  0.217 0.92 0.92 
4 238 243 245 240  0.217 0.92 0.92 
4 232 231 246 247  0.217 0.92 0.92 
4 231 234 248 246  0.217 0.92 0.92 
4 247 246 249 250  0.217 0.92 0.92 
4 246 248 251 249  0.217 0.92 0.92 
4 234 237 252 248  0.217 0.92 0.92 
4 237 85 108 252  0.217 0.92 0.92 
4 105 101 104 111  0.217 0.92 0.92 
4 248 252 253 251  0.217 0.92 0.92 
4 252 108 113 253  0.217 0.92 0.92 
4 241 240 254 255  0.217 0.92 0.92 
4 99 241 255 122  0.217 0.92 0.92 
4 255 254 256 257  0.217 0.92 0.92 
4 122 255 257 127  0.217 0.92 0.92 
4 245 244 258 259  0.217 0.92 0.92 
4 244 260 261 258  0.217 0.92 0.92 
4 259 258 261 262  0.217 0.92 0.92 
4 240 245 259 254  0.217 0.92 0.92 
4 254 259 263 256  0.217 0.92 0.92 
4 259 262 264 263  0.217 0.92 0.92 
4 256 263 264 265  0.217 0.92 0.92 
4 260 266 267 261  0.217 0.92 0.92 
4 262 261 267 268  0.217 0.92 0.92 
4 266 250 269 267  0.217 0.92 0.92 
4 250 249 270 269  0.217 0.92 0.92 
4 268 267 269 270  0.217 0.92 0.92 
4 249 251 271 270  0.217 0.92 0.92 
4 262 268 272 264  0.217 0.92 0.92 
4 265 264 272 273  0.217 0.92 0.92 
4 268 270 274 272  0.217 0.92 0.92 
4 270 271 275 274  0.217 0.92 0.92 
4 273 272 274 275  0.217 0.92 0.92 
4 251 253 276 271  0.217 0.92 0.92 
4 253 113 134 276  0.217 0.92 0.92 
4 271 276 277 275  0.217 0.92 0.92 
4 276 134 139 277  0.217 0.92 0.92 
4 257 256 278 279  0.217 0.92 0.92 
4 256 265 280 278  0.217 0.92 0.92 
4 279 278 280 281  0.217 0.92 0.92 
4 127 257 279 282  0.217 0.92 0.92 
4 130 127 282 283  0.217 0.92 0.92 
4 282 279 281 283  0.217 0.92 0.92 
4 137 130 283 284  0.217 0.92 0.92 
4 283 281 285 284  0.217 0.92 0.92 
4 265 273 286 280  0.217 0.92 0.92 
4 281 280 286 285  0.217 0.92 0.92 
4 273 275 287 286  0.217 0.92 0.92 
4 275 277 288 287  0.217 0.92 0.92 
4 285 286 287 288  0.217 0.92 0.92 
4 277 139 289 288  0.217 0.92 0.92 
4 139 137 284 289  0.217 0.92 0.92 
4 284 285 288 289  0.217 0.92 0.92 
4 290 291 292 293  0.217 0.92 0.92 
4 290 293 294 295  0.217 0.92 0.92 
4 167 169 291 290  0.217 0.92 0.92 
4 167 290 295 186  0.217 0.92 0.92 
4 295 294 296 297  0.217 0.92 0.92 
4 186 295 297 188  0.217 0.92 0.92 
4 293 292 298 299  0.217 0.92 0.92 
4 293 299 300 294  0.217 0.92 0.92 
4 299 298 301 300  0.217 0.92 0.92 
4 302 294 300 303  0.217 0.92 0.92 
4 302 303 304 305  0.217 0.92 0.92 
4 294 302 305 296  0.217 0.92 0.92 
4 303 300 306 307  0.217 0.92 0.92 
4 303 307 308 304  0.217 0.92 0.92 
4 300 301 309 306  0.217 0.92 0.92 
4 292 310 311 298  0.217 0.92 0.92 
4 298 311 312 301  0.217 0.92 0.92 
4 310 313 314 311  0.217 0.92 0.92 
4 311 314 315 312  0.217 0.92 0.92 
4 314 313 316 315  0.217 0.92 0.92 
4 301 312 317 309  0.217 0.92 0.92 
4 312 315 318 317  0.217 0.92 0.92 
4 318 315 319 320  0.217 0.92 0.92 
4 315 316 321 319  0.217 0.92 0.92 
4 169 173 322 291  0.217 0.92 0.92 
4 291 322 310 292  0.217 0.92 0.92 
4 322 323 313 310  0.217 0.92 0.92 
4 313 323 324 316  0.217 0.92 0.92 
4 173 176 323 322  0.217 0.92 0.92 
4 323 176 191 324  0.217 0.92 0.92 
4 316 324 325 321  0.217 0.92 0.92 
4 324 191 194 325  0.217 0.92 0.92 
4 326 297 296 305  0.217 0.92 0.92 
4 326 305 327 328  0.217 0.92 0.92 
4 297 326 328 329  0.217 0.92 0.92 
4 188 297 329 202  0.217 0.92 0.92 
4 202 329 330 204  0.217 0.92 0.92 
4 328 327 331 332  0.217 0.92 0.92 
4 329 328 332 333  0.217 0.92 0.92 
4 330 329 333 334  0.217 0.92 0.92 
4 305 304 335 327  0.217 0.92 0.92 
4 304 308 336 335  0.217 0.92 0.92 
4 327 335 337 331  0.217 0.92 0.92 
4 335 336 338 337  0.217 0.92 0.92 
4 320 319 339 340  0.217 0.92 0.92 
4 319 321 341 339  0.217 0.92 0.92 
4 340 339 342 343  0.217 0.92 0.92 
4 344 345 343 342  0.217 0.92 0.92 
4 339 341 346 342  0.217 0.92 0.92 
4 347 344 342 346  0.217 0.92 0.92 
4 204 330 348 208  0.217 0.92 0.92 
4 321 325 349 341  0.217 0.92 0.92 
4 325 194 210 349  0.217 0.92 0.92 
4 208 348 349 210  0.217 0.92 0.92 
4 348 330 334 350  0.217 0.92 0.92 
4 341 349 351 346  0.217 0.92 0.92 
4 349 348 350 351  0.217 0.92 0.92 
4 350 347 346 351  0.217 0.92 0.92 
4 332 331 352 353  0.217 0.92 0.92 
4 333 332 353 354  0.217 0.92 0.92 
4 334 333 354 355  0.217 0.92 0.92 
4 353 352 356 357  0.217 0.92 0.92 
4 354 353 357 358  0.217 0.92 0.92 
4 355 354 358 359  0.217 0.92 0.92 
4 331 337 360 352  0.217 0.92 0.92 
4 337 338 361 360  0.217 0.92 0.92 
4 352 360 362 356  0.217 0.92 0.92 
4 360 361 363 362  0.217 0.92 0.92 
4 344 347 364 365  0.217 0.92 0.92 
4 345 344 365 366  0.217 0.92 0.92 
4 365 364 367 368  0.217 0.92 0.92 
4 366 365 368 369  0.217 0.92 0.92 
4 347 350 370 364  0.217 0.92 0.92 
4 350 334 355 370  0.217 0.92 0.92 
4 364 370 371 367  0.217 0.92 0.92 
4 370 355 359 371  0.217 0.92 0.92 
4 357 356 372 373  0.217 0.92 0.92 
4 358 357 373 374  0.217 0.92 0.92 
4 359 358 374 375  0.217 0.92 0.92 
4 373 372 376 377  0.217 0.92 0.92 
4 374 373 377 378  0.217 0.92 0.92 
4 375 374 378 379  0.217 0.92 0.92 
4 356 362 380 372  0.217 0.92 0.92 
4 362 363 381 380  0.217 0.92 0.92 
4 372 380 382 376  0.217 0.92 0.92 
4 380 381 383 382  0.217 0.92 0.92 
4 384 385 386 387  0.217 0.92 0.92 
4 368 367 388 389  0.217 0.92 0.92 
4 369 368 389 390  0.217 0.92 0.92 
4 385 384 390 389  0.217 0.92 0.92 
4 385 389 391 386  0.217 0.92 0.92 
4 389 388 392 391  0.217 0.92 0.92 
4 367 371 393 388  0.217 0.92 0.92 
4 371 359 375 393  0.217 0.92 0.92 
4 388 393 394 392  0.217 0.92 0.92 
4 393 375 379 394  0.217 0.92 0.92 
4 377 376 395 396  0.217 0.92 0.92 
4 378 377 396 397  0.217 0.92 0.92 
4 379 378 397 398  0.217 0.92 0.92 
4 396 395 399 400  0.217 0.92 0.92 
4 397 396 400 401  0.217 0.92 0.92 
4 400 399 402 401  0.217 0.92 0.92 
4 223 222 398 397  0.217 0.92 0.92 
4 223 397 401 224  0.217 0.92 0.92 
4 376 382 403 395  0.217 0.92 0.92 
4 382 383 404 403  0.217 0.92 0.92 
4 395 403 405 399  0.217 0.92 0.92 
4 403 404 406 405  0.217 0.92 0.92 
4 386 391 407 387  0.217 0.92 0.92 
4 391 408 409 407  0.217 0.92 0.92 
4 409 408 410 411  0.217 0.92 0.92 
4 392 412 408 391  0.217 0.92 0.92 
4 408 412 413 410  0.217 0.92 0.92 
4 411 410 414 415  0.217 0.92 0.92 
4 410 413 416 414  0.217 0.92 0.92 
4 394 379 398 417  0.217 0.92 0.92 
4 394 418 412 392  0.217 0.92 0.92 
4 412 418 419 413  0.217 0.92 0.92 
4 418 394 417 419  0.217 0.92 0.92 
4 222 228 417 398  0.217 0.92 0.92 
4 413 419 420 416  0.217 0.92 0.92 
4 228 230 419 417  0.217 0.92 0.92 
4 419 230 232 420  0.217 0.92 0.92 
4 401 402 421 422  0.217 0.92 0.92 
4 224 401 422 242  0.217 0.92 0.92 
4 422 421 423 424  0.217 0.92 0.92 
4 421 425 426 423  0.217 0.92 0.92 
4 424 423 426 427  0.217 0.92 0.92 
4 242 422 424 244  0.217 0.92 0.92 
4 244 424 427 260  0.217 0.92 0.92 
4 399 405 428 429  0.217 0.92 0.92 
4 402 399 429 421  0.217 0.92 0.92 
4 429 428 430 421  0.217 0.92 0.92 
4 405 406 431 428  0.217 0.92 0.92 
4 428 431 432 430  0.217 0.92 0.92 
4 430 432 433 434  0.217 0.92 0.92 
4 421 430 434 425  0.217 0.92 0.92 
4 434 433 435 436  0.217 0.92 0.92 
4 415 414 437 438  0.217 0.92 0.92 
4 436 435 438 437  0.217 0.92 0.92 
4 414 416 439 437  0.217 0.92 0.92 
4 425 434 440 426  0.217 0.92 0.92 
4 434 436 441 440  0.217 0.92 0.92 
4 426 440 441 442  0.217 0.92 0.92 
4 436 437 443 441  0.217 0.92 0.92 
4 437 439 444 443  0.217 0.92 0.92 
4 442 441 443 444  0.217 0.92 0.92 
4 416 420 445 439  0.217 0.92 0.92 
4 420 232 247 445  0.217 0.92 0.92 
4 260 427 446 266  0.217 0.92 0.92 
4 427 426 442 446  0.217 0.92 0.92 
4 439 445 447 444  0.217 0.92 0.92 
4 446 442 444 447  0.217 0.92 0.92 
4 445 247 250 447  0.217 0.92 0.92 
4 266 446 447 250  0.217 0.92 0.92 
4 307 306 448 449  0.217 0.92 0.92 
4 307 449 450 308  0.217 0.92 0.92 
4 449 448 451 450  0.217 0.92 0.92 
4 306 309 452 448  0.217 0.92 0.92 
4 448 452 453 451  0.217 0.92 0.92 
4 309 317 454 452  0.217 0.92 0.92 
4 452 454 455 453  0.217 0.92 0.92 
4 317 318 456 454  0.217 0.92 0.92 
4 454 456 457 455  0.217 0.92 0.92 
4 456 318 320 457  0.217 0.92 0.92 
4 308 450 458 336  0.217 0.92 0.92 
4 450 451 459 458  0.217 0.92 0.92 
4 451 453 460 459  0.217 0.92 0.92 
4 336 458 461 338  0.217 0.92 0.92 
4 458 459 462 461  0.217 0.92 0.92 
4 459 460 463 462  0.217 0.92 0.92 
4 464 465 466 467  0.217 0.92 0.92 
4 464 467 468 469  0.217 0.92 0.92 
4 465 464 469 470  0.217 0.92 0.92 
4 467 466 471 472  0.217 0.92 0.92 
4 467 472 473 468  0.217 0.92 0.92 
4 466 474 475 471  0.217 0.92 0.92 
4 465 476 474 466  0.217 0.92 0.92 
4 476 465 470 477  0.217 0.92 0.92 
4 476 478 479 474  0.217 0.92 0.92 
4 479 478 480 481  0.217 0.92 0.92 
4 478 476 477 480  0.217 0.92 0.92 
4 474 479 482 475  0.217 0.92 0.92 
4 482 479 481 483  0.217 0.92 0.92 
4 453 455 484 460  0.217 0.92 0.92 
4 455 457 485 484  0.217 0.92 0.92 
4 457 320 340 485  0.217 0.92 0.92 
4 460 484 486 463  0.217 0.92 0.92 
4 484 485 487 486  0.217 0.92 0.92 
4 485 340 343 487  0.217 0.92 0.92 
4 345 486 487 343  0.217 0.92 0.92 
4 338 461 488 361  0.217 0.92 0.92 
4 461 462 470 469  0.217 0.92 0.92 
4 461 469 489 488  0.217 0.92 0.92 
4 462 463 477 470  0.217 0.92 0.92 
4 361 488 490 363  0.217 0.92 0.92 
4 488 489 491 490  0.217 0.92 0.92 
4 489 492 493 491  0.217 0.92 0.92 
4 492 494 495 493  0.217 0.92 0.92 
4 469 468 496 489  0.217 0.92 0.92 
4 489 496 497 492  0.217 0.92 0.92 
4 468 473 498 496  0.217 0.92 0.92 
4 496 498 499 497  0.217 0.92 0.92 
4 497 499 500 501  0.217 0.92 0.92 
4 492 497 501 494  0.217 0.92 0.92 
4 481 480 502 503  0.217 0.92 0.92 
4 494 501 503 502  0.217 0.92 0.92 
4 483 481 503 504  0.217 0.92 0.92 
4 501 500 504 503  0.217 0.92 0.92 
4 486 345 366 505  0.217 0.92 0.92 
4 463 486 480 477  0.217 0.92 0.92 
4 480 486 505 502  0.217 0.92 0.92 
4 505 366 369 506  0.217 0.92 0.92 
4 494 502 507 495  0.217 0.92 0.92 
4 502 505 506 507  0.217 0.92 0.92 
4 363 490 508 381  0.217 0.92 0.92 
4 490 491 509 508  0.217 0.92 0.92 
4 491 493 510 509  0.217 0.92 0.92 
4 493 495 511 510  0.217 0.92 0.92 
4 381 508 512 383  0.217 0.92 0.92 
4 508 509 513 512  0.217 0.92 0.92 
4 512 513 514 515  0.217 0.92 0.92 
4 515 514 516 517  0.217 0.92 0.92 
4 509 510 518 519  0.217 0.92 0.92 
4 509 519 520 513  0.217 0.92 0.92 
4 519 518 521 522  0.217 0.92 0.92 
4 519 522 523 520  0.217 0.92 0.92 
4 518 524 525 521  0.217 0.92 0.92 
4 510 511 524 518  0.217 0.92 0.92 
4 511 526 527 524  0.217 0.92 0.92 
4 527 526 528 529  0.217 0.92 0.92 
4 524 527 530 525  0.217 0.92 0.92 
4 530 527 529 531  0.217 0.92 0.92 
4 506 369 390 532  0.217 0.92 0.92 
4 495 507 526 511  0.217 0.92 0.92 
4 507 506 532 526  0.217 0.92 0.92 
4 532 390 407 533  0.217 0.92 0.92 
4 390 384 387 407  0.217 0.92 0.92 
4 526 532 533 528  0.217 0.92 0.92 
4 517 516 528 533  0.217 0.92 0.92 
4 383 512 534 404  0.217 0.92 0.92 
4 512 515 535 534  0.217 0.92 0.92 
4 515 517 536 535  0.217 0.92 0.92 
4 404 534 537 406  0.217 0.92 0.92 
4 534 535 538 537  0.217 0.92 0.92 
4 535 536 539 538  0.217 0.92 0.92 
4 513 520 540 541  0.217 0.92 0.92 
4 514 513 541 542  0.217 0.92 0.92 
4 541 540 543 542  0.217 0.92 0.92 
4 520 523 544 540  0.217 0.92 0.92 
4 540 544 545 543  0.217 0.92 0.92 
4 543 545 546 547  0.217 0.92 0.92 
4 516 514 542 548  0.217 0.92 0.92 
4 542 543 547 548  0.217 0.92 0.92 
4 529 528 549 550  0.217 0.92 0.92 
4 528 516 548 549  0.217 0.92 0.92 
4 548 547 550 549  0.217 0.92 0.92 
4 531 529 550 551  0.217 0.92 0.92 
4 547 546 551 550  0.217 0.92 0.92 
4 517 533 552 536  0.217 0.92 0.92 
4 407 409 553 533  0.217 0.92 0.92 
4 533 553 554 552  0.217 0.92 0.92 
4 553 409 411 554  0.217 0.92 0.92 
4 536 552 555 539  0.217 0.92 0.92 
4 552 554 556 555  0.217 0.92 0.92 
4 554 411 415 556  0.217 0.92 0.92 
4 406 537 557 431  0.217 0.92 0.92 
4 537 538 558 557  0.217 0.92 0.92 
4 431 557 558 432  0.217 0.92 0.92 
4 538 539 559 558  0.217 0.92 0.92 
4 432 558 559 433  0.217 0.92 0.92 
4 539 555 560 559  0.217 0.92 0.92 
4 433 559 560 435  0.217 0.92 0.92 
4 555 556 561 560  0.217 0.92 0.92 
4 556 415 438 561  0.217 0.92 0.92 
4 435 560 561 438  0.217 0.92 0.92 
4 472 471 562 563  0.217 0.92 0.92 
4 472 563 564 473  0.217 0.92 0.92 
4 563 562 565 566  0.217 0.92 0.92 
4 563 566 567 564  0.217 0.92 0.92 
4 562 568 569 565  0.217 0.92 0.92 
4 471 475 568 562  0.217 0.92 0.92 
4 566 565 570 571  0.217 0.92 0.92 
4 566 571 572 567  0.217 0.92 0.92 
4 571 570 573 572  0.217 0.92 0.92 
4 565 569 574 570  0.217 0.92 0.92 
4 570 574 575 573  0.217 0.92 0.92 
4 574 569 576 575  0.217 0.92 0.92 
4 475 482 577 568  0.217 0.92 0.92 
4 577 482 483 578  0.217 0.92 0.92 
4 568 577 579 569  0.217 0.92 0.92 
4 569 579 580 576  0.217 0.92 0.92 
4 579 577 578 580  0.217 0.92 0.92 
4 473 564 581 498  0.217 0.92 0.92 
4 564 567 582 581  0.217 0.92 0.92 
4 498 581 583 584  0.217 0.92 0.92 
4 499 498 584 585  0.217 0.92 0.92 
4 581 582 586 583  0.217 0.92 0.92 
4 500 499 585 587  0.217 0.92 0.92 
4 567 572 588 582  0.217 0.92 0.92 
4 572 573 589 588  0.217 0.92 0.92 
4 573 575 590 589  0.217 0.92 0.92 
4 575 576 591 590  0.217 0.92 0.92 
4 582 588 592 586  0.217 0.92 0.92 
4 588 589 593 592  0.217 0.92 0.92 
4 589 590 594 593  0.217 0.92 0.92 
4 590 591 595 594  0.217 0.92 0.92 
4 578 483 504 596  0.217 0.92 0.92 
4 576 580 597 591  0.217 0.92 0.92 
4 580 578 596 597  0.217 0.92 0.92 
4 596 504 598 599  0.217 0.92 0.92 
4 504 500 587 598  0.217 0.92 0.92 
4 591 597 600 595  0.217 0.92 0.92 
4 597 596 599 600  0.217 0.92 0.92 
4 584 583 601 522  0.217 0.92 0.92 
4 585 584 522 521  0.217 0.92 0.92 
4 583 586 602 601  0.217 0.92 0.92 
4 587 585 521 525  0.217 0.92 0.92 
4 522 601 603 523  0.217 0.92 0.92 
4 601 602 604 603  0.217 0.92 0.92 
4 586 592 605 602  0.217 0.92 0.92 
4 592 593 606 605  0.217 0.92 0.92 
4 593 594 607 606  0.217 0.92 0.92 
4 594 595 608 607  0.217 0.92 0.92 
4 602 605 609 604  0.217 0.92 0.92 
4 605 606 610 609  0.217 0.92 0.92 
4 606 607 611 610  0.217 0.92 0.92 
4 607 608 612 611  0.217 0.92 0.92 
4 599 598 530 613  0.217 0.92 0.92 
4 598 587 525 530  0.217 0.92 0.92 
4 595 600 614 608  0.217 0.92 0.92 
4 600 599 613 614  0.217 0.92 0.92 
4 613 530 531 615  0.217 0.92 0.92 
4 608 614 616 612  0.217 0.92 0.92 
4 614 613 615 616  0.217 0.92 0.92 
4 523 603 617 544  0.217 0.92 0.92 
4 544 617 618 545  0.217 0.92 0.92 
4 603 604 619 617  0.217 0.92 0.92 
4 617 619 620 618  0.217 0.92 0.92 
4 618 620 621 622  0.217 0.92 0.92 
4 545 618 622 546  0.217 0.92 0.92 
4 604 609 623 619  0.217 0.92 0.92 
4 609 610 624 623  0.217 0.92 0.92 
4 619 623 624 620  0.217 0.92 0.92 
4 610 611 625 624  0.217 0.92 0.92 
4 611 612 621 625  0.217 0.92 0.92 
4 620 624 625 621  0.217 0.92 0.92 
4 615 531 551 626  0.217 0.92 0.92 
4 546 622 626 551  0.217 0.92 0.92 
4 612 616 627 621  0.217 0.92 0.92 
4 616 615 626 627  0.217 0.92 0.92 
4 622 621 627 626  0.217 0.92 0.92 
