OFF
685 696 0

0 -29.4634 -4.50215
0 -29.4634 -4.50215
0 -31.4778 -2.33273
0 -31.4778 -2.33273
0 -28.28 -3.11475
0 -27.5928 -6.51661
0 -28.28 -3.11475
0 -27.5928 -6.51661
-8.88178e-16 -24.24 -3.11475
0 -24.7059 -7.24733
0 -24.24 -3.11475
0.237475 -24.4735 -7.20123
0 -25.5783 -8.68602
0 -25.5783 -8.68602
0 -23.7286 -10.5351
0.000270912 -23.7286 -10.5351
4.04 -29.4634 -4.50215
4.04 -31.4778 -2.33273
4.04 -27.5928 -6.51661
8 -29.4634 -4.50215
8 -31.4778 -2.33273
8 -27.5928 -6.51661
8 -28.28 -3.11475
4.04 -25.5783 -8.68602
4.03945 -23.7391 -10.5264
4.04 -23.2599 -4.0251
4.04 -24.2166 -7.1501
8 -24.24 -7.15475
8 -24.24 -3.11475
8 -25.5783 -8.68602
8 -23.7375 -10.5243
0 -22.6734 -11.1297
7.86e-05 -22.6734 -11.1297
0 -20.2 -11.1948
0 -20.5459 -11.4943
0 -20.2 -11.1948
0.000168005 -20.5459 -11.4943
0 -17.2542 -10.0327
0 -18.9575 -11.1538
0.000136992 -18.9575 -11.1538
0.00118133 -17.2542 -10.0327
0 -18.1489 -9.49682
0.5 -18.4763 -9.12062
0.27842 -20.1457 -2.84082
0 -20.0918 -2.56852
0 -16.16 -3.11475
0 -16.16 -7.15475
0 -16.16 -3.11475
0 -16.16 -7.15475
4.04 -18.4763 -9.12062
8 -18.4782 -9.12206
8 -20.2 -11.1948
4.04 -20.1887 -3.05786
8 -20.1887 -3.05794
8 -16.16 -7.15475
8 -16.16 -3.11475
8 -17.2983 -10.0722
4.03709 -22.5709 -11.1689
4.03651 -20.4792 -11.4856
8 -22.5105 -11.1902
8 -20.4794 -11.4819
4.04014 -18.9574 -11.1539
4.03837 -17.2954 -10.0751
8 -18.9574 -11.154
0 -15.8099 -6.95066
0 -16.2509 -8.6076
0 -15.8099 -6.95066
0 -16.2509 -8.6076
4.05059 -16.2995 -8.70649
4.03845 -15.8116 -6.95056
0 -15.785 -3.11475
4.04 -15.785 -3.11475
8 -15.8112 -6.93
8 -15.785 -3.11475
8 -16.3469 -8.8029
-0 16.2509 -8.6076
-0 16.2509 -8.6076
0 15.8099 -6.95066
0 15.8099 -6.95066
0 16.16 -7.15475
0 17.2542 -10.0327
0 16.16 -7.15475
0.00118133 17.2542 -10.0327
4.05059 16.2995 -8.70649
4.0386 15.8097 -6.93009
4.03837 17.2954 -10.0751
4.04 15.785 -3.11475
0 15.785 -3.11475
0 16.16 -3.11475
8 15.8112 -6.93
8 15.785 -3.11475
8 16.16 -7.15475
8 16.16 -3.11475
8 16.3469 -8.8029
8 17.2983 -10.0722
-0 18.9575 -11.1538
0.000136992 18.9575 -11.1538
0 20.2 -11.1948
-0 20.5459 -11.4943
0.000168005 20.5459 -11.4943
0 23.7286 -10.5351
-0 22.6734 -11.1297
7.86e-05 22.6734 -11.1297
0.000270912 23.7286 -10.5351
0 16.16 -3.11475
0 20.0918 -2.56852
0 18.1489 -9.49682
0.278338 20.1455 -2.84094
0.5 18.4763 -9.12062
0 24.7059 -7.24733
0.237514 24.4735 -7.20115
4.04 20.1887 -3.05772
4.04015 18.4764 -9.12047
8 18.4782 -9.12206
8 20.1887 -3.05794
8 20.2 -11.1948
4.04 24.2166 -7.15008
8 24.24 -7.15475
8 23.7375 -10.5243
4.04014 18.9574 -11.1539
4.03651 20.4792 -11.4856
8 18.9574 -11.154
8 20.4794 -11.4819
4.03709 22.5709 -11.1689
4.03945 23.7391 -10.5264
8 22.5105 -11.1902
0 24.24 -3.11475
0 24.24 -3.11475
0 28.28 -3.11475
0 27.5928 -6.51661
0 28.28 -3.11475
0 25.5783 -8.68602
0 25.5783 -8.68602
0 27.5928 -6.51661
0 31.4778 -2.33273
0 29.4634 -4.50215
0 29.4634 -4.50215
0 31.4778 -2.33273
4.04 25.5783 -8.68602
4.04 27.5928 -6.51661
4.04 23.2599 -4.0251
8 24.24 -3.11475
8 27.5928 -6.51661
8 28.28 -3.11475
8 25.5783 -8.68602
4.04 29.4634 -4.50215
4.04 31.4778 -2.33273
8 29.4634 -4.50215
8 31.4778 -2.33273
0 -32.4622 0.387463
0 -32.4622 0.387463
0 -32.2234 1.2044
0 -32.2234 1.2044
0 -30.611 2.92774
0 -32.32 0.92525
0.00548186 -30.611 2.92775
0 -32.32 0.92525
0 -32.2699 -1.2055
4.03704 -32.2199 -1.31369
4.0401 -32.4665 0.342898
3.9808 -32.2684 1.09587
4.04 -30.5996 2.94787
8 -32.4666 0.342912
8 -32.3139 0.9863
8 -30.5996 2.94787
8 -32.32 0.92525
8 -32.2037 -1.34287
0 -28.28 4.96525
0 -28.28 0.92525
0 -28.28 4.96525
0 -28.28 0.92525
0 -26.33 7.62596
0 -26.33 7.62596
0 -24.2263 11.2214
0 -24.2263 11.2214
0 -23.5474 12.7859
0 -24.24 9.00525
0 -23.5474 12.7859
0 -24.24 9.00525
0 -24.24 4.96525
0 -24.24 4.96525
8 -28.0834 5.40765
4.03096 -28.2252 5.23404
4.03996 -26.33 7.62592
4.04023 -28.3843 5.06126
8 -26.3462 7.61321
8 -28.28 4.96525
4.05078 -24.3058 11.0609
4.0418 -23.5552 12.7699
8 -24.3144 11.0652
8 -23.5642 12.7735
8 -24.24 9.00525
8 -24.24 4.96525
8 -28.28 0.92525
0 -24.24 0.92525
8 -24.24 0.92525
0 -24.24 0.92525
0 -20.2 0.92525
0 -20.2 0.92525
0 -16.16 0.92525
0 -16.16 0.92525
0 -20.2 9.00525
0 -20.2 4.96525
0 -20.2 13.0452
8 -20.2 9.00525
8 -20.2 13.0452
8 -20.2 4.96525
0 -16.16 9.00525
0 -16.16 4.96525
0 -16.16 13.0452
8 -16.16 9.00525
8 -16.16 13.0452
8 -16.16 4.96525
8 -20.2 0.92525
8 -16.16 0.92525
0 -16.16 4.96525
0 -16.16 9.00525
0 -14.867 9.74133
0 -15.785 4.96525
0 -14.867 9.74133
0 -15.785 4.96525
4.04 -14.867 9.74133
4.04 -15.785 4.96525
0 -13.857 13.5107
4.04 -13.857 13.5107
8 -14.867 9.74133
8 -13.857 13.5107
8 -15.785 4.96525
0 -15.785 0.92525
4.04 -15.785 0.92525
8 -15.785 0.92525
0 15.785 4.96525
4.04 15.785 4.96525
4.04 14.867 9.74133
0 14.867 9.74133
0 16.16 9.00525
0 16.16 4.96525
4.04 13.857 13.5107
0 13.857 13.5107
0 16.16 13.0452
8 14.867 9.74133
8 13.857 13.5107
8 16.16 9.00525
8 16.16 13.0452
8 15.785 4.96525
8 16.16 4.96525
4.04 15.785 0.92525
0 15.785 0.92525
0 16.16 0.92525
8 15.785 0.92525
8 16.16 0.92525
0 16.16 0.92525
0 20.2 0.92525
0 20.2 0.92525
0 24.24 0.92525
0 24.24 0.92525
0 20.2 9.00525
0 20.2 4.96525
0 20.2 13.0452
8 20.2 9.00525
8 20.2 13.0452
8 20.2 4.96525
0 24.24 9.00525
0 24.24 4.96525
0 23.5474 12.7859
8 24.24 9.00525
8 23.5642 12.7735
8 24.24 4.96525
8 20.2 0.92525
8 24.24 0.92525
0 28.28 0.92525
0 28.28 0.92525
0 32.32 0.92525
0 32.32 0.92525
0 24.24 9.00525
0 23.5474 12.7859
0 24.2263 11.2214
0 26.33 7.62596
0 24.2263 11.2214
0.00492714 26.33 7.62597
-8.88178e-16 24.24 4.96525
-8.88178e-16 28.28 4.96525
0 28.28 4.96525
4.03996 26.3462 7.61325
4.04023 28.3843 5.06126
4.0418 23.5552 12.7699
4.05078 24.3058 11.0609
8 24.3144 11.0652
8 26.3462 7.61321
8 28.28 4.96525
8 28.28 0.92525
0 30.611 2.92774
4.04438 30.5954 2.94291
8 30.5996 2.94787
8 32.32 0.92525
0 30.611 2.92774
-0 32.2234 1.2044
0 32.4622 0.387463
-0 32.2234 1.2044
9.74461e-05 32.4622 0.387463
-0 32.2699 -1.2055
-0 32.2699 -1.2055
4.03704 32.2199 -1.31369
4.03865 32.4667 0.355005
3.9808 32.2684 1.09587
8 32.3139 0.9863
8 32.4666 0.342912
8 32.2037 -1.34287
-8 -18.0946 22.8288
-4.04273 -18.1486 22.8968
-4.04037 -19.3833 25.3774
-8 -19.3794 25.3556
-8 -16.16 25.1653
-8 -16.0528 21.4049
-4.04017 -16.0467 21.3994
-4.04135 -18.638 23.5542
-4.04061 -19.0454 28.6852
-8 -19.0247 28.7359
-8 -16.16 29.2052
0 -20.0616 25.1282
-0.000609285 -19.0437 28.6844
0 -18.6035 23.5053
0 -21.3423 20.3488
4.04 -21.3423 20.3488
4.04 -20.3322 24.1182
0 -20.3322 24.1182
0 -20.2 21.1253
4.04 -20.0616 25.1282
8 -21.3423 20.3488
8 -20.3322 24.1182
8 -20.0616 25.1282
8 -20.2 21.1253
0 -16.16 21.1253
4.03939 -19.0419 28.6836
8 -19.0402 28.6828
8 -16.16 25.1653
8 -16.16 29.2052
8 -16.16 21.1253
4.04 -22.3523 16.5794
0 -22.3523 16.5794
0 -20.2 17.0852
8 -22.3523 16.5794
8 -20.2 17.0852
0 -16.16 17.0852
8 -16.16 17.0852
-8 -12.12 21
-4.04 -12.12 21
-4.04 -12.12 21
-8 -12.12 21.1253
-8 -8.08 21.1253
-8 -8.08 21
-4.04 -8.08 21
-4.04 -8.08 21
-8 -12.12 25.1653
-8 -12.12 29.2052
0 -12.12 21
-8 -8.08 25.1653
-8 -8.08 29.2052
0 -8.08 21
8 -12.12 25.1653
8 -12.12 29.2052
8 -12.12 21.1253
2 -8.08 25.1653
2 -8.08 29.2052
4.04086 -8.99786 28.769
4.04003 -8.635 25.2936
8 -8.6433 25.2734
8 -8.99056 28.7581
8 -10.088 22.4012
2 -8.08 21.1253
0 -12.847 17.28
4.04 -12.847 17.28
8 -12.847 17.28
0 -8.08 21
2 -8.08 21
8 -11.9168 19.5233
-8 -4.04 21.1253
-8 -4.04 21
-4.04 -4.04 21
-4.04 -4.04 21
-8 0 21.1253
-8 0 21
-4.04 0 21
-4.04 0 21
-8 -4.04 25.1653
-8 -4.04 29.2052
2 -4.04 25.1653
2 -4.04 29.2052
0 -4.04 21
-8 0 25.1653
-8 0 29.2052
2 0 25.1653
2 0 29.2052
0 0 21
2 -4.04 25.1653
2 -4.04 21.1253
2 0 25.1653
2 0 21.1253
0 -4.04 21
2 -4.04 21
0 0 21
2 0 21
-8 4.04 21.1253
-8 4.04 21
-4.04 4.04 21
-4.04 4.04 21
-8 8.08 21.1253
-8 8.08 21
-4.04 8.08 21
-4.04 8.08 21
-8 4.04 25.1653
-8 4.04 29.2052
2 4.04 25.1653
2 4.04 29.2052
0 4.04 21
-8 8.08 25.1653
-8 8.08 29.2052
2 8.08 25.1653
2 8.08 29.2052
0 8.08 21
2 4.04 25.1653
2 4.04 21.1253
4.04003 8.635 25.2936
2 8.08 21.1253
0 4.04 21
2 4.04 21
0 8.08 21
2 8.08 21
-8 12.12 21.1253
-8 12.12 21
-4.04 12.12 21
-4.04 12.12 21
-8 12.12 25.1653
-8 12.12 29.2052
0 12.12 21
-8 16.16 25.1653
-8 16.0528 21.4049
-4.04017 16.0467 21.3994
-8 16.16 29.2052
0 16.16 21.1253
4.04 11.2501 20.5725
4.04086 8.99786 28.769
8 8.6433 25.2734
8 8.99056 28.7581
8 12.12 25.1653
8 12.12 29.2052
8 10.088 22.4012
8 12.12 21.1253
8 16.16 25.1653
8 16.16 29.2052
8 16.16 21.1253
8 11.9168 19.5233
4.04 12.847 17.28
8 12.847 17.28
0 12.847 17.28
0 16.16 17.0852
8 16.16 17.0852
-8 19.3794 25.3556
-8 18.0946 22.8288
-4.04273 18.1486 22.8968
-4.04037 19.3833 25.3774
-8 19.0247 28.7359
-4.04061 19.0454 28.6852
-0.000609285 19.0437 28.6844
0 20.0616 25.1282
0 20.2 21.1253
4.03939 19.0419 28.6836
4.04 20.0616 25.1282
8 20.0616 25.1282
8 19.0402 28.6828
8 20.2 21.1253
0 20.3322 24.1182
0 21.3423 20.3488
4.04 20.3322 24.1182
4.04 21.3423 20.3488
8 20.3322 24.1182
8 21.3423 20.3488
0 20.2 17.0852
8 20.2 17.0852
0 22.3523 16.5794
4.04 22.3523 16.5794
8 22.3523 16.5794
-4.04035 -17.7178 30.5518
-8 -17.6807 30.5866
-8 -15.6999 31.7305
-4.04057 -15.7124 31.7253
-0.00101986 -17.7557 30.5164
-0.000569842 -15.712 31.7239
4.03835 -17.7913 30.483
4.03943 -15.7116 31.7225
8 -17.7901 30.4816
8 -15.7112 31.7211
-8 -12.12 32
-4.04 -12.12 32
0 -12.12 32
-8 -8.08 32
-4.04 -8.08 32
0 -8.08 32
-8 -8.28296 38.0915
-4.04271 -8.28479 38.1129
-4.04 -8.5 41.3252
-8 -8.5 41.3252
-8 -8.08 41.3252
-8 -8.05047 37.2939
-4.04 -8.05247 37.2937
-4.04 -8.5 45.3653
-8 -8.5 45.3653
-8 -8.08 45.3653
-4.04 -8.5 41.3252
-4.04 -8.5 45.3653
-0.00271658 -8.28205 38.1135
0 -8.5 41.3252
0 -8.5 41.3252
1.51702e-06 -8.05267 37.2936
2 -8.2807 38.1138
2 -8.5 41.3252
2 -8.05277 37.2936
2 -8.08 41.3252
2 -8.5 45.3653
0 -8.5 45.3653
0 -8.5 45.3653
2 -8.08 45.3653
4.04236 -12.5615 31.8047
8 -12.4977 31.7841
2 -8.08 32
8 -10.3036 30.5723
-8 -4.04 33.2452
-8 -5.78061 36.0674
-4.03999 -5.78086 36.0677
-4.03999 -3.57644 33.9917
1.36444e-05 -5.78084 36.0677
-5.21133e-06 -3.57632 33.9916
-8 -0.0124408 33.0007
-4.04 -0.0124418 33.0007
-1.2194e-06 -0.0124429 33.0006
-8 -6.65687 42.1363
-4.04002 -6.65689 42.1363
-8 -4.2098 45.5825
-4.04 -4.20979 45.5826
8.56241e-07 -4.20978 45.5826
1.70298e-05 -6.65673 42.1367
2 -5.78083 36.0677
2 -6.65672 42.1367
2 -4.20978 45.5825
2 -4.04 29.2052
2 -4.04 33.2452
2 0.0124773 33.0006
2 0 29.2052
-8 4.04 33.2452
-4.04006 -1.40572 33.1426
-8 -1.40532 33.1425
-8 5.78094 36.0679
-4.04001 5.78095 36.0679
-5.64321e-05 -1.40614 33.1427
7.19507e-06 5.78083 36.0677
-8 8.08 32
-8 8.05047 37.2939
-4.04 8.05067 37.2938
-4.04 8.08 32
1.60903e-06 8.05088 37.2937
0 8.08 32
-4.04 6.65668 42.1369
-8 6.65668 42.1369
-8 8.08 41.3252
-4.04 4.20977 45.5826
-8 4.20977 45.5826
-8 8.08 45.3653
7.1032e-06 6.65673 42.1367
3.25741e-07 4.20978 45.5826
-4.04 8.5 41.3252
-4.04 8.5 45.3653
0 8.5 45.3653
0 8.5 41.3252
2 5.78083 36.0677
2 6.65672 42.1367
2 8.05277 37.2936
2 8.08 41.3252
2 4.20978 45.5825
2 8.08 45.3653
2 4.04 29.2052
2 4.04 33.2452
2 1.40634 33.1427
2 8.08 32
-8 12.12 32
-4.04 12.12 32
0 12.12 32
-8 15.6999 31.7305
-4.04057 15.7124 31.7253
-0.000569842 15.712 31.7239
-8 8.5 41.3252
-8 8.28296 38.0915
-4.04271 8.28479 38.1129
-4.04 8.5 41.3252
-8 8.5 45.3653
-4.04 8.5 45.3653
0 8.5 41.3252
-0.00271658 8.28205 38.1135
2 8.2807 38.1138
2 8.5 41.3252
0 8.5 45.3653
2 8.5 45.3653
4.04236 12.5615 31.8047
8 10.3036 30.5723
8 12.4977 31.7841
4.03943 15.7116 31.7225
8 15.7112 31.7211
-8 17.6807 30.5866
-4.04035 17.7178 30.5518
-0.00101986 17.7557 30.5164
4.03835 17.7913 30.483
8 17.7901 30.4816
-5.33779 -8.5 50.1886
-7.95473 -8.5 49.3854
-7.95473 -8.08 49.3854
-5.33802 -8.08097 50.1888
-4.04 -8.5 53.4453
-6.71582 -8.5 52.095
-6.71582 -8.08 52.095
0 -8.5 49.4053
-0.315281 -8.5 52.9602
-0.318575 -8.07981 49.3467
-3.52499 -8.5 53.7224
-5.03416 -8.5 53.317
-5.03416 -8.08 53.317
-3.52499 -8.08 53.7224
-1.45573 -8.5 53.5055
-1.45573 -8.08 53.5055
-0.315281 -8.08 52.9602
1.97219 -8.5 49.2751
1.97219 -8.08 49.2751
1.13071 -8.5 51.5571
1.13071 -8.08 51.5571
-7.95473 -4.04 49.3854
-5.34023 -4.04097 50.1901
-6.71582 -4.04 52.095
-0.31625 -4.03981 49.3471
-7.95473 -0.75 49.3854
-8 0.75 46.9597
-5.08742 0.75 46.9597
-5.29111 -0.75 50.2634
-6.71582 -0.75 52.095
0 0.75 49.4053
-5.03416 -4.04 53.317
-3.52499 -4.04 53.7224
-1.45573 -4.04 53.5055
-0.315281 -4.04 52.9602
-5.03416 -0.75 53.317
-3.52499 -0.75 53.7224
-1.45573 -0.75 53.5055
-0.315281 -0.75 52.9602
1.97219 -4.04 49.2751
1.13071 -4.04 51.5571
0 0.75 46.9597
2 0.75 46.9597
1.97219 -0.75 49.2751
1.13071 -0.75 51.5571
-7.95473 4.04 49.3854
-4.80223 4.03917 49.8215
-6.71582 4.04 52.095
-0.953499 4.0404 49.1978
-7.95473 8.08 49.3854
-6.71582 8.08 52.095
-5.03416 4.04 53.317
-3.52499 4.04 53.7224
-1.45573 4.04 53.5055
-0.315281 4.04 52.9602
-5.01347 8.17266 53.325
-3.52499 8.08 53.7224
-1.45573 8.08 53.5055
-0.315281 8.08 52.9602
1.97219 4.04 49.2751
1.13071 4.04 51.5571
1.97219 8.08 49.2751
1.13071 8.08 51.5571
-7.95473 8.5 49.3854
-5.15097 8.5 50.0134
-6.71582 8.5 52.095
-4.04 8.5 53.4453
-0.315281 8.5 52.9602
0 8.5 49.4053
-5.03416 8.5 53.317
-3.52499 8.5 53.7224
-1.45573 8.5 53.5055
1.97219 8.5 49.2751
1.13071 8.5 51.5571

4 0 1 2 3  0.217 0.92 0.92 
4 0 3 4 5  0.217 0.92 0.92 
4 3 2 6 4  0.217 0.92 0.92 
4 1 0 5 7  0.217 0.92 0.92 
4 5 4 8 9  0.217 0.92 0.92 
4 4 6 10 8  0.217 0.92 0.92 
4 9 8 10 11  0.217 0.92 0.92 
4 12 13 7 5  0.217 0.92 0.92 
4 12 5 9 14  0.217 0.92 0.92 
4 13 12 14 15  0.217 0.92 0.92 
4 14 9 11 15  0.217 0.92 0.92 
4 1 16 17 2  0.217 0.92 0.92 
4 16 1 7 18  0.217 0.92 0.92 
4 16 19 20 17  0.217 0.92 0.92 
4 20 19 21 22  0.217 0.92 0.92 
4 19 16 18 21  0.217 0.92 0.92 
4 13 23 18 7  0.217 0.92 0.92 
4 23 13 15 24  0.217 0.92 0.92 
4 11 10 25 26  0.217 0.92 0.92 
4 22 21 27 28  0.217 0.92 0.92 
4 26 25 28 27  0.217 0.92 0.92 
4 23 29 21 18  0.217 0.92 0.92 
4 21 29 30 27  0.217 0.92 0.92 
4 29 23 24 30  0.217 0.92 0.92 
4 31 32 15 14  0.217 0.92 0.92 
4 31 14 33 34  0.217 0.92 0.92 
4 14 15 35 33  0.217 0.92 0.92 
4 32 31 34 36  0.217 0.92 0.92 
4 34 33 37 38  0.217 0.92 0.92 
4 36 34 38 39  0.217 0.92 0.92 
4 38 37 40 39  0.217 0.92 0.92 
4 41 42 43 44  0.217 0.92 0.92 
4 41 44 45 46  0.217 0.92 0.92 
4 46 45 47 48  0.217 0.92 0.92 
4 33 35 42 41  0.217 0.92 0.92 
4 33 41 46 37  0.217 0.92 0.92 
4 15 11 42 35  0.217 0.92 0.92 
4 11 26 49 42  0.217 0.92 0.92 
4 26 27 50 49  0.217 0.92 0.92 
4 27 30 51 50  0.217 0.92 0.92 
4 42 49 52 43  0.217 0.92 0.92 
4 49 50 53 52  0.217 0.92 0.92 
4 53 50 54 55  0.217 0.92 0.92 
4 50 51 56 54  0.217 0.92 0.92 
4 32 57 24 15  0.217 0.92 0.92 
4 57 32 36 58  0.217 0.92 0.92 
4 57 59 30 24  0.217 0.92 0.92 
4 30 59 60 51  0.217 0.92 0.92 
4 59 57 58 60  0.217 0.92 0.92 
4 58 36 39 61  0.217 0.92 0.92 
4 39 40 62 61  0.217 0.92 0.92 
4 51 60 63 56  0.217 0.92 0.92 
4 60 58 61 63  0.217 0.92 0.92 
4 61 62 56 63  0.217 0.92 0.92 
4 37 46 64 65  0.217 0.92 0.92 
4 46 48 66 64  0.217 0.92 0.92 
4 40 37 65 67  0.217 0.92 0.92 
4 65 64 66 67  0.217 0.92 0.92 
4 62 40 67 68  0.217 0.92 0.92 
4 67 66 69 68  0.217 0.92 0.92 
4 48 47 70 66  0.217 0.92 0.92 
4 66 70 71 69  0.217 0.92 0.92 
4 55 54 72 73  0.217 0.92 0.92 
4 69 71 73 72  0.217 0.92 0.92 
4 54 56 74 72  0.217 0.92 0.92 
4 56 62 68 74  0.217 0.92 0.92 
4 68 69 72 74  0.217 0.92 0.92 
4 75 76 77 78  0.217 0.92 0.92 
4 75 78 79 80  0.217 0.92 0.92 
4 78 77 81 79  0.217 0.92 0.92 
4 76 75 80 82  0.217 0.92 0.92 
4 76 83 84 77  0.217 0.92 0.92 
4 83 76 82 85  0.217 0.92 0.92 
4 77 84 86 87  0.217 0.92 0.92 
4 77 87 88 81  0.217 0.92 0.92 
4 84 89 90 86  0.217 0.92 0.92 
4 90 89 91 92  0.217 0.92 0.92 
4 83 93 89 84  0.217 0.92 0.92 
4 89 93 94 91  0.217 0.92 0.92 
4 93 83 85 94  0.217 0.92 0.92 
4 95 96 82 80  0.217 0.92 0.92 
4 95 80 97 98  0.217 0.92 0.92 
4 96 95 98 99  0.217 0.92 0.92 
4 98 97 100 101  0.217 0.92 0.92 
4 99 98 101 102  0.217 0.92 0.92 
4 101 100 103 102  0.217 0.92 0.92 
4 79 81 88 104  0.217 0.92 0.92 
4 79 104 105 106  0.217 0.92 0.92 
4 106 105 107 108  0.217 0.92 0.92 
4 80 79 106 97  0.217 0.92 0.92 
4 97 106 109 100  0.217 0.92 0.92 
4 106 108 110 109  0.217 0.92 0.92 
4 108 107 111 112  0.217 0.92 0.92 
4 92 91 113 114  0.217 0.92 0.92 
4 112 111 114 113  0.217 0.92 0.92 
4 91 94 115 113  0.217 0.92 0.92 
4 108 112 116 110  0.217 0.92 0.92 
4 112 113 117 116  0.217 0.92 0.92 
4 113 115 118 117  0.217 0.92 0.92 
4 96 119 85 82  0.217 0.92 0.92 
4 119 96 99 120  0.217 0.92 0.92 
4 119 121 94 85  0.217 0.92 0.92 
4 94 121 122 115  0.217 0.92 0.92 
4 121 119 120 122  0.217 0.92 0.92 
4 120 99 102 123  0.217 0.92 0.92 
4 102 103 124 123  0.217 0.92 0.92 
4 115 122 125 118  0.217 0.92 0.92 
4 122 120 123 125  0.217 0.92 0.92 
4 123 124 118 125  0.217 0.92 0.92 
4 109 110 126 127  0.217 0.92 0.92 
4 109 127 128 129  0.217 0.92 0.92 
4 127 126 130 128  0.217 0.92 0.92 
4 100 109 129 131  0.217 0.92 0.92 
4 103 100 131 132  0.217 0.92 0.92 
4 131 129 133 132  0.217 0.92 0.92 
4 129 128 134 135  0.217 0.92 0.92 
4 133 129 135 136  0.217 0.92 0.92 
4 135 134 137 136  0.217 0.92 0.92 
4 124 103 132 138  0.217 0.92 0.92 
4 132 133 139 138  0.217 0.92 0.92 
4 110 116 140 126  0.217 0.92 0.92 
4 116 117 141 140  0.217 0.92 0.92 
4 141 117 142 143  0.217 0.92 0.92 
4 117 118 144 142  0.217 0.92 0.92 
4 118 124 138 144  0.217 0.92 0.92 
4 138 139 142 144  0.217 0.92 0.92 
4 139 133 136 145  0.217 0.92 0.92 
4 136 137 146 145  0.217 0.92 0.92 
4 143 142 147 148  0.217 0.92 0.92 
4 142 139 145 147  0.217 0.92 0.92 
4 145 146 148 147  0.217 0.92 0.92 
4 149 150 151 152  0.217 0.92 0.92 
4 149 152 153 154  0.217 0.92 0.92 
4 152 151 155 153  0.217 0.92 0.92 
4 150 149 154 156  0.217 0.92 0.92 
4 157 158 159 150  0.217 0.92 0.92 
4 157 150 156 2  0.217 0.92 0.92 
4 158 157 2 17  0.217 0.92 0.92 
4 150 159 160 151  0.217 0.92 0.92 
4 151 160 161 155  0.217 0.92 0.92 
4 159 162 163 160  0.217 0.92 0.92 
4 160 163 164 161  0.217 0.92 0.92 
4 163 162 165 164  0.217 0.92 0.92 
4 158 166 162 159  0.217 0.92 0.92 
4 162 166 20 165  0.217 0.92 0.92 
4 166 158 17 20  0.217 0.92 0.92 
4 154 153 167 168  0.217 0.92 0.92 
4 153 155 169 167  0.217 0.92 0.92 
4 156 154 168 170  0.217 0.92 0.92 
4 168 167 169 170  0.217 0.92 0.92 
4 171 172 173 174  0.217 0.92 0.92 
4 171 174 175 176  0.217 0.92 0.92 
4 174 173 177 175  0.217 0.92 0.92 
4 176 175 177 178  0.217 0.92 0.92 
4 167 169 172 171  0.217 0.92 0.92 
4 167 171 176 179  0.217 0.92 0.92 
4 169 167 179 180  0.217 0.92 0.92 
4 179 176 178 180  0.217 0.92 0.92 
4 161 164 181 182  0.217 0.92 0.92 
4 161 182 183 184  0.217 0.92 0.92 
4 182 181 185 183  0.217 0.92 0.92 
4 181 164 186 185  0.217 0.92 0.92 
4 169 184 183 172  0.217 0.92 0.92 
4 172 183 187 173  0.217 0.92 0.92 
4 173 187 188 177  0.217 0.92 0.92 
4 183 185 189 187  0.217 0.92 0.92 
4 187 189 190 188  0.217 0.92 0.92 
4 189 185 191 190  0.217 0.92 0.92 
4 185 186 192 191  0.217 0.92 0.92 
4 2 156 170 6  0.217 0.92 0.92 
4 155 161 184 169  0.217 0.92 0.92 
4 164 165 193 186  0.217 0.92 0.92 
4 165 20 22 193  0.217 0.92 0.92 
4 6 170 194 10  0.217 0.92 0.92 
4 170 169 180 194  0.217 0.92 0.92 
4 186 193 195 192  0.217 0.92 0.92 
4 193 22 28 195  0.217 0.92 0.92 
4 8 10 194 196  0.217 0.92 0.92 
4 8 196 197 44  0.217 0.92 0.92 
4 196 194 198 197  0.217 0.92 0.92 
4 10 8 44 43  0.217 0.92 0.92 
4 44 197 199 45  0.217 0.92 0.92 
4 197 198 200 199  0.217 0.92 0.92 
4 45 199 200 47  0.217 0.92 0.92 
4 180 178 201 202  0.217 0.92 0.92 
4 178 177 203 201  0.217 0.92 0.92 
4 190 191 204 205  0.217 0.92 0.92 
4 191 192 206 204  0.217 0.92 0.92 
4 202 201 207 208  0.217 0.92 0.92 
4 201 203 209 207  0.217 0.92 0.92 
4 205 204 210 211  0.217 0.92 0.92 
4 204 206 212 210  0.217 0.92 0.92 
4 25 10 43 52  0.217 0.92 0.92 
4 194 180 202 198  0.217 0.92 0.92 
4 192 195 213 206  0.217 0.92 0.92 
4 195 28 53 213  0.217 0.92 0.92 
4 28 25 52 53  0.217 0.92 0.92 
4 198 202 208 200  0.217 0.92 0.92 
4 206 213 214 212  0.217 0.92 0.92 
4 213 53 55 214  0.217 0.92 0.92 
4 215 208 207 216  0.217 0.92 0.92 
4 215 216 217 218  0.217 0.92 0.92 
4 216 207 219 217  0.217 0.92 0.92 
4 208 215 218 220  0.217 0.92 0.92 
4 218 217 219 220  0.217 0.92 0.92 
4 220 219 221 222  0.217 0.92 0.92 
4 207 209 223 219  0.217 0.92 0.92 
4 219 223 224 221  0.217 0.92 0.92 
4 211 210 225 226  0.217 0.92 0.92 
4 221 224 226 225  0.217 0.92 0.92 
4 210 212 227 225  0.217 0.92 0.92 
4 222 221 225 227  0.217 0.92 0.92 
4 47 200 228 70  0.217 0.92 0.92 
4 70 228 229 71  0.217 0.92 0.92 
4 200 208 220 228  0.217 0.92 0.92 
4 228 220 222 229  0.217 0.92 0.92 
4 212 214 230 227  0.217 0.92 0.92 
4 229 222 227 230  0.217 0.92 0.92 
4 214 55 73 230  0.217 0.92 0.92 
4 71 229 230 73  0.217 0.92 0.92 
4 231 232 233 234  0.217 0.92 0.92 
4 231 234 235 236  0.217 0.92 0.92 
4 234 233 237 238  0.217 0.92 0.92 
4 234 238 239 235  0.217 0.92 0.92 
4 233 240 241 237  0.217 0.92 0.92 
4 241 240 242 243  0.217 0.92 0.92 
4 232 244 240 233  0.217 0.92 0.92 
4 240 244 245 242  0.217 0.92 0.92 
4 87 86 246 247  0.217 0.92 0.92 
4 87 247 248 88  0.217 0.92 0.92 
4 247 246 232 231  0.217 0.92 0.92 
4 247 231 236 248  0.217 0.92 0.92 
4 246 249 244 232  0.217 0.92 0.92 
4 244 249 250 245  0.217 0.92 0.92 
4 86 90 249 246  0.217 0.92 0.92 
4 249 90 92 250  0.217 0.92 0.92 
4 104 88 248 251  0.217 0.92 0.92 
4 104 251 252 105  0.217 0.92 0.92 
4 251 248 253 252  0.217 0.92 0.92 
4 105 252 254 127  0.217 0.92 0.92 
4 252 253 255 254  0.217 0.92 0.92 
4 107 105 127 126  0.217 0.92 0.92 
4 127 254 255 126  0.217 0.92 0.92 
4 236 235 256 257  0.217 0.92 0.92 
4 235 239 258 256  0.217 0.92 0.92 
4 243 242 259 260  0.217 0.92 0.92 
4 242 245 261 259  0.217 0.92 0.92 
4 257 256 262 263  0.217 0.92 0.92 
4 256 258 264 262  0.217 0.92 0.92 
4 260 259 265 266  0.217 0.92 0.92 
4 259 261 267 265  0.217 0.92 0.92 
4 248 236 257 253  0.217 0.92 0.92 
4 245 250 268 261  0.217 0.92 0.92 
4 250 92 114 268  0.217 0.92 0.92 
4 111 107 126 140  0.217 0.92 0.92 
4 253 257 263 255  0.217 0.92 0.92 
4 261 268 269 267  0.217 0.92 0.92 
4 268 114 141 269  0.217 0.92 0.92 
4 114 111 140 141  0.217 0.92 0.92 
4 128 130 270 271  0.217 0.92 0.92 
4 128 271 272 134  0.217 0.92 0.92 
4 271 270 273 272  0.217 0.92 0.92 
4 274 262 264 275  0.217 0.92 0.92 
4 274 275 276 277  0.217 0.92 0.92 
4 275 264 278 276  0.217 0.92 0.92 
4 277 276 278 279  0.217 0.92 0.92 
4 280 263 262 274  0.217 0.92 0.92 
4 280 274 277 281  0.217 0.92 0.92 
4 263 280 281 282  0.217 0.92 0.92 
4 281 277 279 282  0.217 0.92 0.92 
4 282 279 283 284  0.217 0.92 0.92 
4 264 285 286 278  0.217 0.92 0.92 
4 279 278 286 283  0.217 0.92 0.92 
4 285 266 287 286  0.217 0.92 0.92 
4 266 265 288 287  0.217 0.92 0.92 
4 283 286 287 288  0.217 0.92 0.92 
4 265 267 289 288  0.217 0.92 0.92 
4 284 283 288 289  0.217 0.92 0.92 
4 126 255 270 130  0.217 0.92 0.92 
4 255 263 282 270  0.217 0.92 0.92 
4 267 269 290 289  0.217 0.92 0.92 
4 269 141 143 290  0.217 0.92 0.92 
4 270 282 291 273  0.217 0.92 0.92 
4 282 284 292 291  0.217 0.92 0.92 
4 284 289 293 292  0.217 0.92 0.92 
4 289 290 294 293  0.217 0.92 0.92 
4 290 143 148 294  0.217 0.92 0.92 
4 272 273 291 295  0.217 0.92 0.92 
4 272 295 296 297  0.217 0.92 0.92 
4 295 291 298 296  0.217 0.92 0.92 
4 297 296 298 299  0.217 0.92 0.92 
4 134 272 297 300  0.217 0.92 0.92 
4 137 134 300 301  0.217 0.92 0.92 
4 300 297 299 301  0.217 0.92 0.92 
4 146 137 301 302  0.217 0.92 0.92 
4 301 299 303 302  0.217 0.92 0.92 
4 291 292 304 298  0.217 0.92 0.92 
4 299 298 304 303  0.217 0.92 0.92 
4 292 293 305 304  0.217 0.92 0.92 
4 293 294 306 305  0.217 0.92 0.92 
4 303 304 305 306  0.217 0.92 0.92 
4 294 148 307 306  0.217 0.92 0.92 
4 148 146 302 307  0.217 0.92 0.92 
4 302 303 306 307  0.217 0.92 0.92 
4 308 309 310 311  0.217 0.92 0.92 
4 308 311 312 313  0.217 0.92 0.92 
4 310 309 314 315  0.217 0.92 0.92 
4 309 308 313 314  0.217 0.92 0.92 
4 311 310 316 317  0.217 0.92 0.92 
4 311 317 318 312  0.217 0.92 0.92 
4 310 319 320 316  0.217 0.92 0.92 
4 319 310 315 321  0.217 0.92 0.92 
4 322 323 324 325  0.217 0.92 0.92 
4 322 325 319 326  0.217 0.92 0.92 
4 325 324 327 319  0.217 0.92 0.92 
4 323 328 329 324  0.217 0.92 0.92 
4 324 329 330 327  0.217 0.92 0.92 
4 329 328 331 330  0.217 0.92 0.92 
4 326 319 321 332  0.217 0.92 0.92 
4 319 327 333 320  0.217 0.92 0.92 
4 327 330 334 333  0.217 0.92 0.92 
4 334 330 335 336  0.217 0.92 0.92 
4 330 331 337 335  0.217 0.92 0.92 
4 177 188 338 339  0.217 0.92 0.92 
4 177 339 340 203  0.217 0.92 0.92 
4 339 338 323 322  0.217 0.92 0.92 
4 339 322 326 340  0.217 0.92 0.92 
4 338 341 328 323  0.217 0.92 0.92 
4 328 341 342 331  0.217 0.92 0.92 
4 188 190 341 338  0.217 0.92 0.92 
4 341 190 205 342  0.217 0.92 0.92 
4 203 340 343 209  0.217 0.92 0.92 
4 340 326 332 343  0.217 0.92 0.92 
4 331 342 344 337  0.217 0.92 0.92 
4 342 205 211 344  0.217 0.92 0.92 
4 345 346 347 348  0.217 0.92 0.92 
4 345 348 349 350  0.217 0.92 0.92 
4 347 346 351 352  0.217 0.92 0.92 
4 346 345 350 351  0.217 0.92 0.92 
4 313 312 353 348  0.217 0.92 0.92 
4 314 313 348 347  0.217 0.92 0.92 
4 312 318 354 353  0.217 0.92 0.92 
4 314 332 321 315  0.217 0.92 0.92 
4 332 314 347 355  0.217 0.92 0.92 
4 348 353 356 349  0.217 0.92 0.92 
4 353 354 357 356  0.217 0.92 0.92 
4 355 347 352 358  0.217 0.92 0.92 
4 336 335 359 360  0.217 0.92 0.92 
4 335 337 361 359  0.217 0.92 0.92 
4 362 363 364 365  0.217 0.92 0.92 
4 360 359 366 367  0.217 0.92 0.92 
4 365 364 367 366  0.217 0.92 0.92 
4 359 361 368 366  0.217 0.92 0.92 
4 369 365 366 368  0.217 0.92 0.92 
4 209 343 370 223  0.217 0.92 0.92 
4 223 370 371 224  0.217 0.92 0.92 
4 343 332 355 370  0.217 0.92 0.92 
4 337 344 372 361  0.217 0.92 0.92 
4 344 211 226 372  0.217 0.92 0.92 
4 224 371 372 226  0.217 0.92 0.92 
4 370 355 358 373  0.217 0.92 0.92 
4 371 370 373 374  0.217 0.92 0.92 
4 361 372 375 368  0.217 0.92 0.92 
4 372 371 374 375  0.217 0.92 0.92 
4 374 369 368 375  0.217 0.92 0.92 
4 350 349 376 377  0.217 0.92 0.92 
4 352 351 378 379  0.217 0.92 0.92 
4 351 350 377 378  0.217 0.92 0.92 
4 377 376 380 381  0.217 0.92 0.92 
4 379 378 382 383  0.217 0.92 0.92 
4 378 377 381 382  0.217 0.92 0.92 
4 349 356 384 376  0.217 0.92 0.92 
4 356 357 385 384  0.217 0.92 0.92 
4 363 362 386 387  0.217 0.92 0.92 
4 358 352 379 388  0.217 0.92 0.92 
4 376 384 389 380  0.217 0.92 0.92 
4 384 385 390 389  0.217 0.92 0.92 
4 387 386 391 392  0.217 0.92 0.92 
4 388 379 383 393  0.217 0.92 0.92 
4 362 365 394 386  0.217 0.92 0.92 
4 365 369 395 394  0.217 0.92 0.92 
4 386 394 396 391  0.217 0.92 0.92 
4 394 395 397 396  0.217 0.92 0.92 
4 373 358 388 398  0.217 0.92 0.92 
4 369 374 399 395  0.217 0.92 0.92 
4 374 373 398 399  0.217 0.92 0.92 
4 398 388 393 400  0.217 0.92 0.92 
4 395 399 401 397  0.217 0.92 0.92 
4 399 398 400 401  0.217 0.92 0.92 
4 381 380 402 403  0.217 0.92 0.92 
4 383 382 404 405  0.217 0.92 0.92 
4 382 381 403 404  0.217 0.92 0.92 
4 403 402 406 407  0.217 0.92 0.92 
4 405 404 408 409  0.217 0.92 0.92 
4 404 403 407 408  0.217 0.92 0.92 
4 380 389 410 402  0.217 0.92 0.92 
4 389 390 411 410  0.217 0.92 0.92 
4 392 391 412 413  0.217 0.92 0.92 
4 393 383 405 414  0.217 0.92 0.92 
4 402 410 415 406  0.217 0.92 0.92 
4 410 411 416 415  0.217 0.92 0.92 
4 413 412 417 418  0.217 0.92 0.92 
4 414 405 409 419  0.217 0.92 0.92 
4 391 396 420 412  0.217 0.92 0.92 
4 396 397 421 420  0.217 0.92 0.92 
4 412 420 422 417  0.217 0.92 0.92 
4 420 421 423 422  0.217 0.92 0.92 
4 400 393 414 424  0.217 0.92 0.92 
4 397 401 425 421  0.217 0.92 0.92 
4 401 400 424 425  0.217 0.92 0.92 
4 424 414 419 426  0.217 0.92 0.92 
4 421 425 427 423  0.217 0.92 0.92 
4 425 424 426 427  0.217 0.92 0.92 
4 426 419 423 427  0.217 0.92 0.92 
4 407 406 428 429  0.217 0.92 0.92 
4 409 408 430 431  0.217 0.92 0.92 
4 408 407 429 430  0.217 0.92 0.92 
4 429 428 431 430  0.217 0.92 0.92 
4 406 415 432 428  0.217 0.92 0.92 
4 415 416 433 432  0.217 0.92 0.92 
4 419 409 431 434  0.217 0.92 0.92 
4 428 432 435 436  0.217 0.92 0.92 
4 431 428 436 437  0.217 0.92 0.92 
4 432 433 438 435  0.217 0.92 0.92 
4 434 431 437 439  0.217 0.92 0.92 
4 423 419 434 440  0.217 0.92 0.92 
4 417 422 441 418  0.217 0.92 0.92 
4 422 442 443 441  0.217 0.92 0.92 
4 443 442 444 445  0.217 0.92 0.92 
4 423 446 442 422  0.217 0.92 0.92 
4 442 446 447 444  0.217 0.92 0.92 
4 445 444 448 449  0.217 0.92 0.92 
4 444 447 450 448  0.217 0.92 0.92 
4 427 451 446 423  0.217 0.92 0.92 
4 427 423 440 452  0.217 0.92 0.92 
4 446 451 453 447  0.217 0.92 0.92 
4 451 427 452 453  0.217 0.92 0.92 
4 238 237 452 454  0.217 0.92 0.92 
4 238 454 455 239  0.217 0.92 0.92 
4 454 452 440 434  0.217 0.92 0.92 
4 454 434 439 455  0.217 0.92 0.92 
4 447 453 456 450  0.217 0.92 0.92 
4 237 241 453 452  0.217 0.92 0.92 
4 453 241 243 456  0.217 0.92 0.92 
4 436 435 457 458  0.217 0.92 0.92 
4 437 436 458 459  0.217 0.92 0.92 
4 458 457 460 459  0.217 0.92 0.92 
4 435 438 461 457  0.217 0.92 0.92 
4 457 461 462 460  0.217 0.92 0.92 
4 460 462 463 464  0.217 0.92 0.92 
4 439 437 459 465  0.217 0.92 0.92 
4 459 460 464 465  0.217 0.92 0.92 
4 464 463 466 467  0.217 0.92 0.92 
4 449 448 468 469  0.217 0.92 0.92 
4 467 466 469 468  0.217 0.92 0.92 
4 448 450 470 468  0.217 0.92 0.92 
4 465 464 471 472  0.217 0.92 0.92 
4 464 467 473 471  0.217 0.92 0.92 
4 472 471 473 474  0.217 0.92 0.92 
4 467 468 475 473  0.217 0.92 0.92 
4 468 470 476 475  0.217 0.92 0.92 
4 474 473 475 476  0.217 0.92 0.92 
4 239 455 477 258  0.217 0.92 0.92 
4 455 439 465 477  0.217 0.92 0.92 
4 450 456 478 470  0.217 0.92 0.92 
4 456 243 260 478  0.217 0.92 0.92 
4 258 477 479 264  0.217 0.92 0.92 
4 264 479 480 285  0.217 0.92 0.92 
4 477 465 472 479  0.217 0.92 0.92 
4 479 472 474 480  0.217 0.92 0.92 
4 470 478 481 476  0.217 0.92 0.92 
4 480 474 476 481  0.217 0.92 0.92 
4 478 260 266 481  0.217 0.92 0.92 
4 285 480 481 266  0.217 0.92 0.92 
4 317 316 482 483  0.217 0.92 0.92 
4 317 483 484 318  0.217 0.92 0.92 
4 483 482 485 484  0.217 0.92 0.92 
4 316 320 486 482  0.217 0.92 0.92 
4 482 486 487 485  0.217 0.92 0.92 
4 320 333 488 486  0.217 0.92 0.92 
4 486 488 489 487  0.217 0.92 0.92 
4 333 334 490 488  0.217 0.92 0.92 
4 488 490 491 489  0.217 0.92 0.92 
4 490 334 336 491  0.217 0.92 0.92 
4 318 484 492 354  0.217 0.92 0.92 
4 484 485 493 492  0.217 0.92 0.92 
4 485 487 494 493  0.217 0.92 0.92 
4 354 492 495 357  0.217 0.92 0.92 
4 492 493 496 495  0.217 0.92 0.92 
4 493 494 497 496  0.217 0.92 0.92 
4 498 499 500 501  0.217 0.92 0.92 
4 498 501 502 503  0.217 0.92 0.92 
4 499 498 503 504  0.217 0.92 0.92 
4 501 500 505 506  0.217 0.92 0.92 
4 501 506 507 502  0.217 0.92 0.92 
4 505 500 508 509  0.217 0.92 0.92 
4 499 510 511 500  0.217 0.92 0.92 
4 500 511 512 508  0.217 0.92 0.92 
4 510 499 504 513  0.217 0.92 0.92 
4 510 514 515 511  0.217 0.92 0.92 
4 515 514 516 517  0.217 0.92 0.92 
4 514 510 513 516  0.217 0.92 0.92 
4 511 515 518 519  0.217 0.92 0.92 
4 511 519 520 512  0.217 0.92 0.92 
4 518 515 517 521  0.217 0.92 0.92 
4 487 489 522 494  0.217 0.92 0.92 
4 489 491 523 522  0.217 0.92 0.92 
4 491 336 360 523  0.217 0.92 0.92 
4 494 522 524 497  0.217 0.92 0.92 
4 522 523 525 524  0.217 0.92 0.92 
4 523 360 367 525  0.217 0.92 0.92 
4 364 524 525 367  0.217 0.92 0.92 
4 357 495 526 385  0.217 0.92 0.92 
4 495 496 504 503  0.217 0.92 0.92 
4 495 503 527 526  0.217 0.92 0.92 
4 526 527 528 529  0.217 0.92 0.92 
4 496 497 513 504  0.217 0.92 0.92 
4 529 528 530 531  0.217 0.92 0.92 
4 385 526 532 390  0.217 0.92 0.92 
4 526 529 533 532  0.217 0.92 0.92 
4 529 531 534 533  0.217 0.92 0.92 
4 503 502 535 527  0.217 0.92 0.92 
4 527 535 536 528  0.217 0.92 0.92 
4 502 507 537 535  0.217 0.92 0.92 
4 535 537 538 536  0.217 0.92 0.92 
4 508 512 520 509  0.217 0.92 0.92 
4 509 520 539 538  0.217 0.92 0.92 
4 536 538 539 540  0.217 0.92 0.92 
4 528 536 540 530  0.217 0.92 0.92 
4 517 516 541 542  0.217 0.92 0.92 
4 530 540 542 541  0.217 0.92 0.92 
4 521 517 542 543  0.217 0.92 0.92 
4 540 539 543 542  0.217 0.92 0.92 
4 524 364 544 545  0.217 0.92 0.92 
4 364 363 387 544  0.217 0.92 0.92 
4 497 524 516 513  0.217 0.92 0.92 
4 516 524 545 541  0.217 0.92 0.92 
4 531 530 541 545  0.217 0.92 0.92 
4 531 545 546 534  0.217 0.92 0.92 
4 545 544 547 546  0.217 0.92 0.92 
4 544 387 392 547  0.217 0.92 0.92 
4 390 532 548 411  0.217 0.92 0.92 
4 532 533 549 550  0.217 0.92 0.92 
4 532 550 551 548  0.217 0.92 0.92 
4 550 549 552 551  0.217 0.92 0.92 
4 533 534 553 549  0.217 0.92 0.92 
4 549 553 554 552  0.217 0.92 0.92 
4 411 548 555 416  0.217 0.92 0.92 
4 548 551 556 555  0.217 0.92 0.92 
4 555 556 557 558  0.217 0.92 0.92 
4 558 557 559 560  0.217 0.92 0.92 
4 551 552 561 562  0.217 0.92 0.92 
4 551 562 563 556  0.217 0.92 0.92 
4 562 561 564 565  0.217 0.92 0.92 
4 562 565 566 563  0.217 0.92 0.92 
4 561 567 568 564  0.217 0.92 0.92 
4 569 570 571 572  0.217 0.92 0.92 
4 552 554 567 561  0.217 0.92 0.92 
4 554 573 574 567  0.217 0.92 0.92 
4 574 573 575 576  0.217 0.92 0.92 
4 567 574 577 568  0.217 0.92 0.92 
4 577 574 576 578  0.217 0.92 0.92 
4 546 547 579 580  0.217 0.92 0.92 
4 547 392 413 579  0.217 0.92 0.92 
4 534 546 581 553  0.217 0.92 0.92 
4 553 581 573 554  0.217 0.92 0.92 
4 581 546 580 573  0.217 0.92 0.92 
4 580 579 441 582  0.217 0.92 0.92 
4 579 413 418 441  0.217 0.92 0.92 
4 573 580 582 575  0.217 0.92 0.92 
4 560 559 575 582  0.217 0.92 0.92 
4 416 555 583 433  0.217 0.92 0.92 
4 555 558 584 583  0.217 0.92 0.92 
4 558 560 585 584  0.217 0.92 0.92 
4 433 583 586 438  0.217 0.92 0.92 
4 583 584 587 586  0.217 0.92 0.92 
4 584 585 588 587  0.217 0.92 0.92 
4 556 563 589 590  0.217 0.92 0.92 
4 557 556 590 591  0.217 0.92 0.92 
4 590 589 592 591  0.217 0.92 0.92 
4 563 566 593 589  0.217 0.92 0.92 
4 570 569 592 594  0.217 0.92 0.92 
4 589 593 594 592  0.217 0.92 0.92 
4 569 572 595 592  0.217 0.92 0.92 
4 559 557 591 596  0.217 0.92 0.92 
4 591 592 595 596  0.217 0.92 0.92 
4 576 575 597 598  0.217 0.92 0.92 
4 575 559 596 597  0.217 0.92 0.92 
4 596 595 598 597  0.217 0.92 0.92 
4 572 571 599 595  0.217 0.92 0.92 
4 578 576 598 600  0.217 0.92 0.92 
4 595 599 600 598  0.217 0.92 0.92 
4 560 582 601 585  0.217 0.92 0.92 
4 441 443 602 582  0.217 0.92 0.92 
4 582 602 603 601  0.217 0.92 0.92 
4 602 443 445 603  0.217 0.92 0.92 
4 585 601 604 588  0.217 0.92 0.92 
4 601 603 605 604  0.217 0.92 0.92 
4 603 445 449 605  0.217 0.92 0.92 
4 438 586 606 461  0.217 0.92 0.92 
4 586 587 607 606  0.217 0.92 0.92 
4 461 606 607 462  0.217 0.92 0.92 
4 587 588 608 607  0.217 0.92 0.92 
4 462 607 608 463  0.217 0.92 0.92 
4 588 604 609 608  0.217 0.92 0.92 
4 463 608 609 466  0.217 0.92 0.92 
4 604 605 610 609  0.217 0.92 0.92 
4 605 449 469 610  0.217 0.92 0.92 
4 466 609 610 469  0.217 0.92 0.92 
4 506 505 611 612  0.217 0.92 0.92 
4 506 612 613 507  0.217 0.92 0.92 
4 611 505 509 614  0.217 0.92 0.92 
4 612 611 615 616  0.217 0.92 0.92 
4 612 616 617 613  0.217 0.92 0.92 
4 611 618 619 615  0.217 0.92 0.92 
4 618 611 614 620  0.217 0.92 0.92 
4 616 615 621 622  0.217 0.92 0.92 
4 616 622 623 617  0.217 0.92 0.92 
4 622 621 624 623  0.217 0.92 0.92 
4 615 619 625 621  0.217 0.92 0.92 
4 621 625 626 624  0.217 0.92 0.92 
4 625 619 627 626  0.217 0.92 0.92 
4 519 518 628 618  0.217 0.92 0.92 
4 519 618 620 520  0.217 0.92 0.92 
4 628 518 521 629  0.217 0.92 0.92 
4 618 628 630 619  0.217 0.92 0.92 
4 619 630 631 627  0.217 0.92 0.92 
4 630 628 629 631  0.217 0.92 0.92 
4 507 613 632 537  0.217 0.92 0.92 
4 614 509 538 633  0.217 0.92 0.92 
4 613 617 634 632  0.217 0.92 0.92 
4 620 614 633 635  0.217 0.92 0.92 
4 537 632 636 637  0.217 0.92 0.92 
4 633 538 638 639  0.217 0.92 0.92 
4 538 537 637 638  0.217 0.92 0.92 
4 632 634 640 636  0.217 0.92 0.92 
4 635 633 639 641  0.217 0.92 0.92 
4 617 623 642 634  0.217 0.92 0.92 
4 623 624 643 642  0.217 0.92 0.92 
4 624 626 644 643  0.217 0.92 0.92 
4 626 627 645 644  0.217 0.92 0.92 
4 634 642 646 640  0.217 0.92 0.92 
4 642 643 647 646  0.217 0.92 0.92 
4 643 644 648 647  0.217 0.92 0.92 
4 644 645 649 648  0.217 0.92 0.92 
4 520 620 635 539  0.217 0.92 0.92 
4 629 521 543 650  0.217 0.92 0.92 
4 627 631 651 645  0.217 0.92 0.92 
4 631 629 650 651  0.217 0.92 0.92 
4 539 635 641 652  0.217 0.92 0.92 
4 650 543 653 654  0.217 0.92 0.92 
4 543 539 652 653  0.217 0.92 0.92 
4 645 651 655 649  0.217 0.92 0.92 
4 651 650 654 655  0.217 0.92 0.92 
4 637 636 656 565  0.217 0.92 0.92 
4 639 638 564 657  0.217 0.92 0.92 
4 638 637 565 564  0.217 0.92 0.92 
4 636 640 658 656  0.217 0.92 0.92 
4 641 639 657 659  0.217 0.92 0.92 
4 565 656 660 566  0.217 0.92 0.92 
4 656 658 661 660  0.217 0.92 0.92 
4 564 568 659 657  0.217 0.92 0.92 
4 640 646 662 658  0.217 0.92 0.92 
4 646 647 663 662  0.217 0.92 0.92 
4 647 648 664 663  0.217 0.92 0.92 
4 648 649 665 664  0.217 0.92 0.92 
4 658 662 666 661  0.217 0.92 0.92 
4 662 663 667 666  0.217 0.92 0.92 
4 663 664 668 667  0.217 0.92 0.92 
4 664 665 669 668  0.217 0.92 0.92 
4 652 641 659 568  0.217 0.92 0.92 
4 654 653 577 670  0.217 0.92 0.92 
4 653 652 568 577  0.217 0.92 0.92 
4 649 655 671 665  0.217 0.92 0.92 
4 655 654 670 671  0.217 0.92 0.92 
4 670 577 578 672  0.217 0.92 0.92 
4 665 671 673 669  0.217 0.92 0.92 
4 671 670 672 673  0.217 0.92 0.92 
4 566 660 674 593  0.217 0.92 0.92 
4 593 674 675 594  0.217 0.92 0.92 
4 660 661 676 674  0.217 0.92 0.92 
4 674 676 677 675  0.217 0.92 0.92 
4 675 677 678 679  0.217 0.92 0.92 
4 571 570 594 599  0.217 0.92 0.92 
4 594 675 679 599  0.217 0.92 0.92 
4 661 666 680 676  0.217 0.92 0.92 
4 666 667 681 680  0.217 0.92 0.92 
4 676 680 681 677  0.217 0.92 0.92 
4 667 668 682 681  0.217 0.92 0.92 
4 668 669 678 682  0.217 0.92 0.92 
4 677 681 682 678  0.217 0.92 0.92 
4 672 578 600 683  0.217 0.92 0.92 
4 599 679 683 600  0.217 0.92 0.92 
4 669 673 684 678  0.217 0.92 0.92 
4 673 672 683 684  0.217 0.92 0.92 
4 679 678 684 683  0.217 0.92 0.92 
