OFF
44 42 0

0 -27.1611 -6.98145
8 -27.1611 -6.98145
8 -32.3666 -0.916848
0 -32.3865 -0.8711
-1.77636e-15 -24.24 -3.11475
0 -22.1595 -11.3071
8 -21.9358 -11.363
8 -24.24 -3.11475
-0 22.1595 -11.3071
8 21.9358 -11.363
8 24.24 -3.11475
0 24.24 -3.11475
-0 32.3865 -0.8711
0 27.1611 -6.98145
8 27.1611 -6.98145
8 32.3666 -0.916848
8 -31.2883 2.36059
0 -31.3524 2.3059
0 -23.5474 12.7859
8 -23.5642 12.7735
-8 -8.08 21
0 -15.785 -3.11475
8 -15.785 -3.11475
8 -13.5864 14.5207
0 15.785 -3.11475
8 15.785 -3.11475
8 13.5864 14.5207
-8 8.08 21
0 23.5474 12.7859
8 23.5642 12.7735
-0 31.3524 2.3059
8 31.2883 2.36059
8 -19.3222 27.8875
-8 -19.3139 27.8889
-8 -8.08 29.2052
8 -8.99056 28.7581
-8 8.08 29.2052
8 8.99056 28.7581
-8 19.3139 27.8889
8 19.3222 27.8875
2 -8.08 45.3653
-8 -8.08 45.3653
-8 8.08 45.3653
2 8.08 45.3653

4 0 1 2 3  0.217 0.92 0.92 
4 0 3 4 5  0.217 0.92 0.92 
4 2 1 6 7  0.217 0.92 0.92 
4 1 0 5 6  0.217 0.92 0.92 
4 5 4 7 6  0.217 0.92 0.92 
4 8 9 10 11  0.217 0.92 0.92 
4 8 11 12 13  0.217 0.92 0.92 
4 10 9 14 15  0.217 0.92 0.92 
4 9 8 13 14  0.217 0.92 0.92 
4 13 12 15 14  0.217 0.92 0.92 
4 3 2 16 17  0.217 0.92 0.92 
4 3 17 18 4  0.217 0.92 0.92 
4 17 16 19 18  0.217 0.92 0.92 
4 16 2 7 19  0.217 0.92 0.92 
4 4 18 20 21  0.217 0.92 0.92 
4 19 7 22 23  0.217 0.92 0.92 
4 7 4 21 22  0.217 0.92 0.92 
4 21 20 23 22  0.217 0.92 0.92 
4 24 25 26 27  0.217 0.92 0.92 
4 24 27 28 11  0.217 0.92 0.92 
4 26 25 10 29  0.217 0.92 0.92 
4 25 24 11 10  0.217 0.92 0.92 
4 11 28 30 12  0.217 0.92 0.92 
4 28 29 31 30  0.217 0.92 0.92 
4 29 10 15 31  0.217 0.92 0.92 
4 12 30 31 15  0.217 0.92 0.92 
4 18 19 32 33  0.217 0.92 0.92 
4 18 33 34 20  0.217 0.92 0.92 
4 33 32 35 34  0.217 0.92 0.92 
4 32 19 23 35  0.217 0.92 0.92 
4 20 34 36 27  0.217 0.92 0.92 
4 35 23 26 37  0.217 0.92 0.92 
4 23 20 27 26  0.217 0.92 0.92 
4 27 36 38 28  0.217 0.92 0.92 
4 36 37 39 38  0.217 0.92 0.92 
4 37 26 29 39  0.217 0.92 0.92 
4 28 38 39 29  0.217 0.92 0.92 
4 34 35 40 41  0.217 0.92 0.92 
4 34 41 42 36  0.217 0.92 0.92 
4 41 40 43 42  0.217 0.92 0.92 
4 40 35 37 43  0.217 0.92 0.92 
4 36 42 43 37  0.217 0.92 0.92 
