OFF
614 614 0

-4.04 -32.32 -7.15475
0 -32.32 -7.15475
0 -32.32 -3.11475
-4.04 -32.32 -3.11475
-4.04 -28.28 -3.11475
-4.04 -28.28 -7.15475
0 -28.28 -7.15475
-4.04 -24.24 -3.11475
-4.04 -24.24 -7.15475
-4.04 -28.28 -11.1948
0 -28.28 -11.1948
-4.04 -24.24 -11.1948
0 -24.24 -11.1948
4.04 -32.32 -7.15475
4.04 -32.32 -3.11475
4.04 -28.28 -7.15475
8.08 -32.32 -7.15475
8.08 -32.32 -3.11475
8.08 -28.28 -7.15475
8.08 -28.28 -3.11475
4.04 -28.28 -11.1948
4.04 -24.24 -11.1948
8.08 -24.24 -7.15475
8.08 -24.24 -3.11475
8.08 -28.28 -11.1948
8.08 -24.24 -11.1948
-4.04 -24.24 -15.2348
0 -24.24 -15.2348
-4.04 -20.2 -11.1948
-4.04 -20.2 -15.2348
0 -20.2 -15.2348
-4.04 -16.16 -11.1948
-4.04 -16.16 -15.2348
0 -16.16 -15.2348
0 -16.16 -11.1948
-4.04 -20.2 -3.11475
-4.04 -20.2 -7.15475
-4.04 -16.16 -3.11475
-4.04 -16.16 -7.15475
8.08 -20.2 -7.15475
8.08 -20.2 -3.11475
8.08 -20.2 -11.1948
8.08 -16.16 -7.15475
8.08 -16.16 -3.11475
8.08 -16.16 -11.1948
4.04 -24.24 -15.2348
4.04 -20.2 -15.2348
8.08 -24.24 -15.2348
8.08 -20.2 -15.2348
4.04 -16.16 -15.2348
4.04 -16.16 -11.1948
8.08 -16.16 -15.2348
-4.04 -12.12 -3.11475
-4.04 -12.12 -7.15475
0 -12.12 -3.11475
0 -12.12 -7.15475
-4.04 -12.12 -11.1948
0 -12.12 -11.1948
4.04 -12.12 -11.1948
4.04 -12.12 -7.15475
4.04 -12.12 -3.11475
8.08 -12.12 -7.15475
8.08 -12.12 -3.11475
8.08 -12.12 -11.1948
-4.04 12.12 -7.15475
0 12.12 -7.15475
0 12.12 -3.11475
-4.04 12.12 -3.11475
-4.04 16.16 -3.11475
-4.04 16.16 -7.15475
-4.04 12.12 -11.1948
0 12.12 -11.1948
-4.04 16.16 -11.1948
0 16.16 -11.1948
4.04 12.12 -11.1948
4.04 12.12 -7.15475
4.04 16.16 -11.1948
4.04 12.12 -3.11475
8.08 12.12 -7.15475
8.08 12.12 -3.11475
8.08 16.16 -7.15475
8.08 16.16 -3.11475
8.08 12.12 -11.1948
8.08 16.16 -11.1948
-4.04 16.16 -15.2348
0 16.16 -15.2348
-4.04 20.2 -11.1948
-4.04 20.2 -15.2348
0 20.2 -15.2348
-4.04 24.24 -11.1948
-4.04 24.24 -15.2348
0 24.24 -15.2348
0 24.24 -11.1948
-4.04 20.2 -3.11475
-4.04 20.2 -7.15475
-4.04 24.24 -3.11475
-4.04 24.24 -7.15475
8.08 20.2 -7.15475
8.08 20.2 -3.11475
8.08 20.2 -11.1948
8.08 24.24 -7.15475
8.08 24.24 -3.11475
8.08 24.24 -11.1948
4.04 16.16 -15.2348
4.04 20.2 -15.2348
8.08 16.16 -15.2348
8.08 20.2 -15.2348
4.04 24.24 -15.2348
4.04 24.24 -11.1948
8.08 24.24 -15.2348
-4.04 28.28 -3.11475
-4.04 28.28 -7.15475
-4.04 28.28 -11.1948
0 28.28 -11.1948
0 28.28 -7.15475
-4.04 32.32 -3.11475
-4.04 32.32 -7.15475
0 32.32 -7.15475
0 32.32 -3.11475
4.04 28.28 -11.1948
4.04 28.28 -7.15475
8.08 28.28 -7.15475
8.08 28.28 -3.11475
8.08 28.28 -11.1948
4.04 32.32 -7.15475
4.04 32.32 -3.11475
8.08 32.32 -7.15475
8.08 32.32 -3.11475
-4.04 -36.36 0.92525
0 -36.36 0.92525
0 -36.36 4.96525
-4.04 -36.36 4.96525
-4.04 -32.32 4.96525
-4.04 -32.32 0.92525
0 -32.32 4.96525
-4.04 -36.36 -3.11475
0 -36.36 -3.11475
4.04 -36.36 -3.11475
4.04 -36.36 0.92525
4.04 -36.36 4.96525
4.04 -32.32 4.96525
8.08 -36.36 0.92525
8.08 -36.36 4.96525
8.08 -32.32 4.96525
8.08 -32.32 0.92525
8.08 -36.36 -3.11475
-4.04 -28.28 4.96525
-4.04 -28.28 0.92525
-4.04 -24.24 4.96525
-4.04 -24.24 0.92525
0 -32.32 9.00525
-4.04 -32.32 9.00525
-4.04 -28.28 9.00525
0 -28.28 9.00525
0 -28.28 13.0452
-4.04 -28.28 13.0452
-4.04 -24.24 13.0452
-4.04 -24.24 9.00525
0 -24.24 13.0452
4.04 -32.32 9.00525
4.04 -28.28 9.00525
8.08 -32.32 9.00525
8.08 -28.28 9.00525
8.08 -28.28 4.96525
4.04 -28.28 13.0452
4.04 -24.24 13.0452
8.08 -28.28 13.0452
8.08 -24.24 13.0452
8.08 -24.24 9.00525
8.08 -24.24 4.96525
8.08 -28.28 0.92525
8.08 -24.24 0.92525
-4.04 -20.2 4.96525
-4.04 -20.2 0.92525
-4.04 -16.16 4.96525
-4.04 -16.16 0.92525
-4.04 -20.2 13.0452
-4.04 -20.2 9.00525
-4.04 -16.16 13.0452
-4.04 -16.16 9.00525
8.08 -20.2 9.00525
8.08 -20.2 13.0452
8.08 -20.2 4.96525
8.08 -16.16 9.00525
8.08 -16.16 13.0452
8.08 -16.16 4.96525
8.08 -20.2 0.92525
8.08 -16.16 0.92525
-4.04 -12.12 4.96525
-4.04 -12.12 0.92525
0 -12.12 4.96525
0 -12.12 0.92525
-4.04 -12.12 13.0452
-4.04 -12.12 9.00525
0 -12.12 13.0452
0 -12.12 9.00525
4.04 -12.12 9.00525
4.04 -12.12 4.96525
4.04 -12.12 13.0452
8.08 -12.12 9.00525
8.08 -12.12 13.0452
8.08 -12.12 4.96525
4.04 -12.12 0.92525
8.08 -12.12 0.92525
-4.04 12.12 0.92525
0 12.12 0.92525
0 12.12 4.96525
-4.04 12.12 4.96525
-4.04 16.16 4.96525
-4.04 16.16 0.92525
-4.04 12.12 9.00525
0 12.12 9.00525
0 12.12 13.0452
-4.04 12.12 13.0452
-4.04 16.16 13.0452
-4.04 16.16 9.00525
4.04 12.12 4.96525
4.04 12.12 9.00525
4.04 12.12 13.0452
8.08 12.12 9.00525
8.08 12.12 13.0452
8.08 16.16 9.00525
8.08 16.16 13.0452
8.08 12.12 4.96525
8.08 16.16 4.96525
4.04 12.12 0.92525
8.08 12.12 0.92525
8.08 16.16 0.92525
-4.04 20.2 4.96525
-4.04 20.2 0.92525
-4.04 24.24 4.96525
-4.04 24.24 0.92525
-4.04 20.2 13.0452
-4.04 20.2 9.00525
-4.04 24.24 13.0452
-4.04 24.24 9.00525
8.08 20.2 9.00525
8.08 20.2 13.0452
8.08 20.2 4.96525
8.08 24.24 9.00525
8.08 24.24 13.0452
8.08 24.24 4.96525
8.08 20.2 0.92525
8.08 24.24 0.92525
-4.04 28.28 4.96525
-4.04 28.28 0.92525
-4.04 32.32 4.96525
-4.04 32.32 0.92525
-4.04 28.28 13.0452
-4.04 28.28 9.00525
0 24.24 13.0452
0 28.28 13.0452
0 28.28 9.00525
-4.04 32.32 9.00525
0 32.32 9.00525
0 32.32 4.96525
4.04 24.24 13.0452
4.04 28.28 13.0452
4.04 28.28 9.00525
8.08 28.28 13.0452
8.08 28.28 9.00525
8.08 28.28 4.96525
4.04 32.32 9.00525
4.04 32.32 4.96525
8.08 32.32 9.00525
8.08 32.32 4.96525
8.08 28.28 0.92525
8.08 32.32 0.92525
-4.04 36.36 4.96525
-4.04 36.36 0.92525
0 36.36 4.96525
0 36.36 0.92525
-4.04 36.36 -3.11475
0 36.36 -3.11475
4.04 36.36 -3.11475
4.04 36.36 0.92525
4.04 36.36 4.96525
8.08 36.36 4.96525
8.08 36.36 0.92525
8.08 36.36 -3.11475
-4.04 -24.24 17.0852
0 -24.24 17.0852
0 -24.24 21.1253
-4.04 -24.24 21.1253
-4.04 -20.2 21.1253
-4.04 -20.2 17.0852
-4.04 -16.16 21.1253
-4.04 -16.16 17.0852
0 -24.24 25.1653
-4.04 -24.24 25.1653
-4.04 -20.2 25.1653
0 -20.2 25.1653
-8.08 -20.2 21.1253
-8.08 -20.2 25.1653
-8.08 -16.16 25.1653
-8.08 -16.16 21.1253
-4.04 -20.2 29.2052
-8.08 -20.2 29.2052
-8.08 -16.16 29.2052
0 -20.2 29.2052
4.04 -24.24 21.1253
4.04 -24.24 25.1653
4.04 -20.2 25.1653
8.08 -24.24 21.1253
8.08 -24.24 25.1653
8.08 -20.2 25.1653
8.08 -20.2 21.1253
4.04 -20.2 29.2052
8.08 -20.2 29.2052
8.08 -16.16 25.1653
8.08 -16.16 29.2052
8.08 -16.16 21.1253
4.04 -24.24 17.0852
8.08 -24.24 17.0852
8.08 -20.2 17.0852
8.08 -16.16 17.0852
-8.08 -16.16 17.0852
-8.08 -12.12 21.1253
-8.08 -12.12 17.0852
-4.04 -12.12 17.0852
0 -12.12 17.0852
-8.08 -8.08 21.1253
-8.08 -8.08 17.0852
-4.04 -8.08 17.0852
0 -8.08 17.0852
-8.08 -12.12 25.1653
-8.08 -12.12 29.2052
-8.08 -8.08 25.1653
-8.08 -8.08 29.2052
8.08 -12.12 25.1653
8.08 -12.12 29.2052
8.08 -12.12 21.1253
8.08 -8.08 25.1653
8.08 -8.08 29.2052
4.04 -8.08 25.1653
4.04 -8.08 29.2052
8.08 -8.08 21.1253
4.04 -8.08 21.1253
4.04 -12.12 17.0852
8.08 -12.12 17.0852
4.04 -8.08 17.0852
8.08 -8.08 17.0852
-8.08 -4.04 21.1253
-8.08 -4.04 17.0852
-4.04 -4.04 17.0852
0 -4.04 17.0852
-8.08 0 21.1253
-8.08 0 17.0852
-4.04 0 17.0852
0 0 17.0852
-8.08 -4.04 25.1653
-8.08 -4.04 29.2052
-8.08 0 25.1653
-8.08 0 29.2052
4.04 -4.04 21.1253
4.04 -4.04 25.1653
4.04 -4.04 29.2052
4.04 0 21.1253
4.04 0 25.1653
4.04 0 29.2052
4.04 -4.04 17.0852
4.04 0 17.0852
-8.08 4.04 21.1253
-8.08 4.04 17.0852
-4.04 4.04 17.0852
0 4.04 17.0852
-8.08 8.08 21.1253
-8.08 8.08 17.0852
-4.04 8.08 17.0852
0 8.08 17.0852
-8.08 4.04 25.1653
-8.08 4.04 29.2052
-8.08 8.08 25.1653
-8.08 8.08 29.2052
4.04 4.04 21.1253
4.04 4.04 25.1653
4.04 4.04 29.2052
4.04 8.08 21.1253
4.04 8.08 25.1653
4.04 8.08 29.2052
4.04 4.04 17.0852
4.04 8.08 17.0852
-8.08 12.12 21.1253
-8.08 12.12 17.0852
-4.04 12.12 17.0852
0 12.12 17.0852
-8.08 16.16 21.1253
-8.08 16.16 17.0852
-4.04 16.16 17.0852
-4.04 16.16 21.1253
-8.08 12.12 25.1653
-8.08 12.12 29.2052
-8.08 16.16 25.1653
-8.08 16.16 29.2052
8.08 8.08 25.1653
8.08 8.08 29.2052
8.08 12.12 25.1653
8.08 12.12 29.2052
8.08 8.08 21.1253
8.08 12.12 21.1253
8.08 16.16 25.1653
8.08 16.16 29.2052
8.08 16.16 21.1253
4.04 12.12 17.0852
8.08 8.08 17.0852
8.08 12.12 17.0852
8.08 16.16 17.0852
-4.04 20.2 21.1253
-4.04 20.2 17.0852
-4.04 24.24 21.1253
-4.04 24.24 17.0852
0 24.24 21.1253
0 24.24 17.0852
-8.08 20.2 25.1653
-8.08 20.2 21.1253
-4.04 20.2 25.1653
-8.08 20.2 29.2052
-4.04 20.2 29.2052
0 20.2 29.2052
0 20.2 25.1653
-4.04 24.24 25.1653
0 24.24 25.1653
4.04 20.2 29.2052
4.04 20.2 25.1653
8.08 20.2 25.1653
8.08 20.2 29.2052
8.08 20.2 21.1253
4.04 24.24 25.1653
4.04 24.24 21.1253
8.08 24.24 25.1653
8.08 24.24 21.1253
8.08 20.2 17.0852
4.04 24.24 17.0852
8.08 24.24 17.0852
-4.04 -20.2 33.2452
-8.08 -20.2 33.2452
-8.08 -16.16 33.2452
-4.04 -16.16 33.2452
0 -20.2 33.2452
0 -16.16 33.2452
4.04 -20.2 33.2452
4.04 -16.16 33.2452
8.08 -20.2 33.2452
8.08 -16.16 33.2452
-8.08 -12.12 33.2452
-4.04 -12.12 33.2452
0 -12.12 33.2452
-8.08 -8.08 33.2452
-4.04 -8.08 33.2452
0 -8.08 33.2452
-8.08 -12.12 37.2852
-4.04 -12.12 37.2852
-4.04 -12.12 41.3252
-8.08 -12.12 41.3252
-8.08 -8.08 41.3252
-8.08 -8.08 37.2852
-4.04 -8.08 37.2852
-4.04 -12.12 45.3653
-8.08 -12.12 45.3653
-8.08 -8.08 45.3653
0 -12.12 41.3252
0 -12.12 45.3653
0 -12.12 37.2852
0 -8.08 37.2852
4.04 -12.12 37.2852
4.04 -12.12 41.3252
4.04 -8.08 37.2852
4.04 -8.08 41.3252
4.04 -12.12 45.3653
4.04 -8.08 45.3653
4.04 -12.12 33.2452
8.08 -12.12 33.2452
4.04 -8.08 33.2452
8.08 -8.08 33.2452
-8.08 -4.04 33.2452
-8.08 -4.04 37.2852
-8.08 0 33.2452
-8.08 0 37.2852
-4.04 -4.04 37.2852
-4.04 0 37.2852
0 -4.04 37.2852
0 0 37.2852
-8.08 -4.04 41.3252
-4.04 -4.04 41.3252
-8.08 -4.04 45.3653
-4.04 -4.04 45.3653
0 -4.04 45.3653
0 -4.04 41.3252
4.04 -4.04 37.2852
4.04 -4.04 41.3252
4.04 -4.04 45.3653
4.04 -4.04 33.2452
4.04 0 33.2452
4.04 0 37.2852
-8.08 4.04 33.2452
-8.08 4.04 37.2852
-4.04 4.04 37.2852
0 4.04 37.2852
-8.08 8.08 33.2452
-8.08 8.08 37.2852
-4.04 8.08 37.2852
-4.04 8.08 33.2452
0 8.08 37.2852
0 8.08 33.2452
-4.04 4.04 41.3252
-8.08 4.04 41.3252
-8.08 8.08 41.3252
-4.04 4.04 45.3653
-8.08 4.04 45.3653
-8.08 8.08 45.3653
0 4.04 41.3252
0 4.04 45.3653
4.04 4.04 37.2852
4.04 4.04 41.3252
4.04 8.08 37.2852
4.04 8.08 41.3252
4.04 4.04 45.3653
4.04 8.08 45.3653
4.04 4.04 33.2452
4.04 8.08 33.2452
-8.08 12.12 33.2452
-4.04 12.12 33.2452
0 12.12 33.2452
-8.08 16.16 33.2452
-4.04 16.16 33.2452
0 16.16 33.2452
-8.08 12.12 41.3252
-8.08 12.12 37.2852
-4.04 12.12 37.2852
-4.04 12.12 41.3252
-8.08 12.12 45.3653
-4.04 12.12 45.3653
0 12.12 45.3653
0 12.12 41.3252
0 12.12 37.2852
4.04 12.12 37.2852
4.04 12.12 41.3252
4.04 12.12 45.3653
4.04 12.12 33.2452
8.08 8.08 33.2452
8.08 12.12 33.2452
4.04 16.16 33.2452
8.08 16.16 33.2452
-8.08 20.2 33.2452
-4.04 20.2 33.2452
0 20.2 33.2452
4.04 20.2 33.2452
8.08 20.2 33.2452
-4.04 -12.12 49.4053
-8.08 -12.12 49.4053
-8.08 -8.08 49.4053
-4.04 -12.12 53.4453
-8.08 -12.12 53.4453
-8.08 -8.08 53.4453
0 -12.12 49.4053
0 -12.12 53.4453
-4.04 -12.12 57.4853
-8.08 -12.12 57.4853
-8.08 -8.08 57.4853
-4.04 -8.08 57.4853
0 -12.12 57.4853
0 -8.08 57.4853
0 -8.08 53.4453
4.04 -12.12 49.4053
4.04 -8.08 49.4053
4.04 -12.12 53.4453
4.04 -8.08 53.4453
-8.08 -4.04 49.4053
-8.08 -4.04 53.4453
-8.08 0 49.4053
-8.08 0 45.3653
-4.04 0 45.3653
-8.08 0 53.4453
0 0 45.3653
-8.08 -4.04 57.4853
-4.04 -4.04 57.4853
0 -4.04 57.4853
0 -4.04 53.4453
-8.08 0 57.4853
-4.04 0 57.4853
0 0 57.4853
0 0 53.4453
4.04 -4.04 49.4053
4.04 -4.04 53.4453
4.04 0 45.3653
4.04 0 49.4053
4.04 0 53.4453
-8.08 4.04 49.4053
-8.08 4.04 53.4453
-8.08 8.08 49.4053
-8.08 8.08 53.4453
-8.08 4.04 57.4853
-4.04 4.04 57.4853
0 4.04 57.4853
0 4.04 53.4453
-8.08 8.08 57.4853
-4.04 8.08 57.4853
0 8.08 57.4853
0 8.08 53.4453
4.04 4.04 49.4053
4.04 4.04 53.4453
4.04 8.08 49.4053
4.04 8.08 53.4453
-8.08 12.12 49.4053
-4.04 12.12 49.4053
-8.08 12.12 53.4453
-4.04 12.12 53.4453
0 12.12 53.4453
0 12.12 49.4053
-8.08 12.12 57.4853
-4.04 12.12 57.4853
0 12.12 57.4853
4.04 12.12 49.4053
4.04 12.12 53.4453

4 0 1 2 3  0.217 0.92 0.92 
4 0 3 4 5  0.217 0.92 0.92 
4 1 0 5 6  0.217 0.92 0.92 
4 5 4 7 8  0.217 0.92 0.92 
4 9 10 6 5  0.217 0.92 0.92 
4 9 5 8 11  0.217 0.92 0.92 
4 10 9 11 12  0.217 0.92 0.92 
4 1 13 14 2  0.217 0.92 0.92 
4 13 1 6 15  0.217 0.92 0.92 
4 13 16 17 14  0.217 0.92 0.92 
4 17 16 18 19  0.217 0.92 0.92 
4 16 13 15 18  0.217 0.92 0.92 
4 10 20 15 6  0.217 0.92 0.92 
4 20 10 12 21  0.217 0.92 0.92 
4 19 18 22 23  0.217 0.92 0.92 
4 20 24 18 15  0.217 0.92 0.92 
4 18 24 25 22  0.217 0.92 0.92 
4 24 20 21 25  0.217 0.92 0.92 
4 26 27 12 11  0.217 0.92 0.92 
4 26 11 28 29  0.217 0.92 0.92 
4 27 26 29 30  0.217 0.92 0.92 
4 29 28 31 32  0.217 0.92 0.92 
4 30 29 32 33  0.217 0.92 0.92 
4 32 31 34 33  0.217 0.92 0.92 
4 8 7 35 36  0.217 0.92 0.92 
4 11 8 36 28  0.217 0.92 0.92 
4 36 35 37 38  0.217 0.92 0.92 
4 28 36 38 31  0.217 0.92 0.92 
4 23 22 39 40  0.217 0.92 0.92 
4 22 25 41 39  0.217 0.92 0.92 
4 40 39 42 43  0.217 0.92 0.92 
4 39 41 44 42  0.217 0.92 0.92 
4 27 45 21 12  0.217 0.92 0.92 
4 45 27 30 46  0.217 0.92 0.92 
4 45 47 25 21  0.217 0.92 0.92 
4 25 47 48 41  0.217 0.92 0.92 
4 47 45 46 48  0.217 0.92 0.92 
4 46 30 33 49  0.217 0.92 0.92 
4 33 34 50 49  0.217 0.92 0.92 
4 41 48 51 44  0.217 0.92 0.92 
4 48 46 49 51  0.217 0.92 0.92 
4 49 50 44 51  0.217 0.92 0.92 
4 38 37 52 53  0.217 0.92 0.92 
4 53 52 54 55  0.217 0.92 0.92 
4 31 38 53 56  0.217 0.92 0.92 
4 34 31 56 57  0.217 0.92 0.92 
4 56 53 55 57  0.217 0.92 0.92 
4 50 34 57 58  0.217 0.92 0.92 
4 57 55 59 58  0.217 0.92 0.92 
4 55 54 60 59  0.217 0.92 0.92 
4 43 42 61 62  0.217 0.92 0.92 
4 59 60 62 61  0.217 0.92 0.92 
4 42 44 63 61  0.217 0.92 0.92 
4 44 50 58 63  0.217 0.92 0.92 
4 58 59 61 63  0.217 0.92 0.92 
4 64 65 66 67  0.217 0.92 0.92 
4 64 67 68 69  0.217 0.92 0.92 
4 70 71 65 64  0.217 0.92 0.92 
4 70 64 69 72  0.217 0.92 0.92 
4 71 70 72 73  0.217 0.92 0.92 
4 71 74 75 65  0.217 0.92 0.92 
4 74 71 73 76  0.217 0.92 0.92 
4 65 75 77 66  0.217 0.92 0.92 
4 75 78 79 77  0.217 0.92 0.92 
4 79 78 80 81  0.217 0.92 0.92 
4 74 82 78 75  0.217 0.92 0.92 
4 78 82 83 80  0.217 0.92 0.92 
4 82 74 76 83  0.217 0.92 0.92 
4 84 85 73 72  0.217 0.92 0.92 
4 84 72 86 87  0.217 0.92 0.92 
4 85 84 87 88  0.217 0.92 0.92 
4 87 86 89 90  0.217 0.92 0.92 
4 88 87 90 91  0.217 0.92 0.92 
4 90 89 92 91  0.217 0.92 0.92 
4 69 68 93 94  0.217 0.92 0.92 
4 72 69 94 86  0.217 0.92 0.92 
4 94 93 95 96  0.217 0.92 0.92 
4 86 94 96 89  0.217 0.92 0.92 
4 81 80 97 98  0.217 0.92 0.92 
4 80 83 99 97  0.217 0.92 0.92 
4 98 97 100 101  0.217 0.92 0.92 
4 97 99 102 100  0.217 0.92 0.92 
4 85 103 76 73  0.217 0.92 0.92 
4 103 85 88 104  0.217 0.92 0.92 
4 103 105 83 76  0.217 0.92 0.92 
4 83 105 106 99  0.217 0.92 0.92 
4 105 103 104 106  0.217 0.92 0.92 
4 104 88 91 107  0.217 0.92 0.92 
4 91 92 108 107  0.217 0.92 0.92 
4 99 106 109 102  0.217 0.92 0.92 
4 106 104 107 109  0.217 0.92 0.92 
4 107 108 102 109  0.217 0.92 0.92 
4 96 95 110 111  0.217 0.92 0.92 
4 89 96 111 112  0.217 0.92 0.92 
4 92 89 112 113  0.217 0.92 0.92 
4 112 111 114 113  0.217 0.92 0.92 
4 111 110 115 116  0.217 0.92 0.92 
4 114 111 116 117  0.217 0.92 0.92 
4 116 115 118 117  0.217 0.92 0.92 
4 108 92 113 119  0.217 0.92 0.92 
4 113 114 120 119  0.217 0.92 0.92 
4 101 100 121 122  0.217 0.92 0.92 
4 100 102 123 121  0.217 0.92 0.92 
4 102 108 119 123  0.217 0.92 0.92 
4 119 120 121 123  0.217 0.92 0.92 
4 120 114 117 124  0.217 0.92 0.92 
4 117 118 125 124  0.217 0.92 0.92 
4 122 121 126 127  0.217 0.92 0.92 
4 121 120 124 126  0.217 0.92 0.92 
4 124 125 127 126  0.217 0.92 0.92 
4 128 129 130 131  0.217 0.92 0.92 
4 128 131 132 133  0.217 0.92 0.92 
4 131 130 134 132  0.217 0.92 0.92 
4 135 136 129 128  0.217 0.92 0.92 
4 135 128 133 3  0.217 0.92 0.92 
4 136 135 3 2  0.217 0.92 0.92 
4 136 137 138 129  0.217 0.92 0.92 
4 137 136 2 14  0.217 0.92 0.92 
4 129 138 139 130  0.217 0.92 0.92 
4 130 139 140 134  0.217 0.92 0.92 
4 138 141 142 139  0.217 0.92 0.92 
4 139 142 143 140  0.217 0.92 0.92 
4 142 141 144 143  0.217 0.92 0.92 
4 137 145 141 138  0.217 0.92 0.92 
4 141 145 17 144  0.217 0.92 0.92 
4 145 137 14 17  0.217 0.92 0.92 
4 133 132 146 147  0.217 0.92 0.92 
4 3 133 147 4  0.217 0.92 0.92 
4 147 146 148 149  0.217 0.92 0.92 
4 4 147 149 7  0.217 0.92 0.92 
4 132 134 150 151  0.217 0.92 0.92 
4 132 151 152 146  0.217 0.92 0.92 
4 151 150 153 152  0.217 0.92 0.92 
4 152 153 154 155  0.217 0.92 0.92 
4 152 155 156 157  0.217 0.92 0.92 
4 155 154 158 156  0.217 0.92 0.92 
4 146 152 157 148  0.217 0.92 0.92 
4 134 140 159 150  0.217 0.92 0.92 
4 150 159 160 153  0.217 0.92 0.92 
4 140 143 161 159  0.217 0.92 0.92 
4 159 161 162 160  0.217 0.92 0.92 
4 161 143 163 162  0.217 0.92 0.92 
4 153 160 164 154  0.217 0.92 0.92 
4 154 164 165 158  0.217 0.92 0.92 
4 160 162 166 164  0.217 0.92 0.92 
4 164 166 167 165  0.217 0.92 0.92 
4 166 162 168 167  0.217 0.92 0.92 
4 162 163 169 168  0.217 0.92 0.92 
4 143 144 170 163  0.217 0.92 0.92 
4 144 17 19 170  0.217 0.92 0.92 
4 163 170 171 169  0.217 0.92 0.92 
4 170 19 23 171  0.217 0.92 0.92 
4 149 148 172 173  0.217 0.92 0.92 
4 7 149 173 35  0.217 0.92 0.92 
4 173 172 174 175  0.217 0.92 0.92 
4 35 173 175 37  0.217 0.92 0.92 
4 157 156 176 177  0.217 0.92 0.92 
4 148 157 177 172  0.217 0.92 0.92 
4 177 176 178 179  0.217 0.92 0.92 
4 172 177 179 174  0.217 0.92 0.92 
4 167 168 180 181  0.217 0.92 0.92 
4 168 169 182 180  0.217 0.92 0.92 
4 181 180 183 184  0.217 0.92 0.92 
4 180 182 185 183  0.217 0.92 0.92 
4 169 171 186 182  0.217 0.92 0.92 
4 171 23 40 186  0.217 0.92 0.92 
4 182 186 187 185  0.217 0.92 0.92 
4 186 40 43 187  0.217 0.92 0.92 
4 175 174 188 189  0.217 0.92 0.92 
4 189 188 190 191  0.217 0.92 0.92 
4 37 175 189 52  0.217 0.92 0.92 
4 52 189 191 54  0.217 0.92 0.92 
4 179 178 192 193  0.217 0.92 0.92 
4 193 192 194 195  0.217 0.92 0.92 
4 174 179 193 188  0.217 0.92 0.92 
4 188 193 195 190  0.217 0.92 0.92 
4 190 195 196 197  0.217 0.92 0.92 
4 195 194 198 196  0.217 0.92 0.92 
4 184 183 199 200  0.217 0.92 0.92 
4 196 198 200 199  0.217 0.92 0.92 
4 183 185 201 199  0.217 0.92 0.92 
4 197 196 199 201  0.217 0.92 0.92 
4 54 191 202 60  0.217 0.92 0.92 
4 191 190 197 202  0.217 0.92 0.92 
4 185 187 203 201  0.217 0.92 0.92 
4 202 197 201 203  0.217 0.92 0.92 
4 187 43 62 203  0.217 0.92 0.92 
4 60 202 203 62  0.217 0.92 0.92 
4 204 205 206 207  0.217 0.92 0.92 
4 204 207 208 209  0.217 0.92 0.92 
4 67 66 205 204  0.217 0.92 0.92 
4 67 204 209 68  0.217 0.92 0.92 
4 210 211 212 213  0.217 0.92 0.92 
4 210 213 214 215  0.217 0.92 0.92 
4 207 206 211 210  0.217 0.92 0.92 
4 207 210 215 208  0.217 0.92 0.92 
4 206 216 217 211  0.217 0.92 0.92 
4 211 217 218 212  0.217 0.92 0.92 
4 217 219 220 218  0.217 0.92 0.92 
4 220 219 221 222  0.217 0.92 0.92 
4 216 223 219 217  0.217 0.92 0.92 
4 219 223 224 221  0.217 0.92 0.92 
4 66 77 225 205  0.217 0.92 0.92 
4 205 225 216 206  0.217 0.92 0.92 
4 225 226 223 216  0.217 0.92 0.92 
4 223 226 227 224  0.217 0.92 0.92 
4 77 79 226 225  0.217 0.92 0.92 
4 226 79 81 227  0.217 0.92 0.92 
4 209 208 228 229  0.217 0.92 0.92 
4 68 209 229 93  0.217 0.92 0.92 
4 229 228 230 231  0.217 0.92 0.92 
4 93 229 231 95  0.217 0.92 0.92 
4 215 214 232 233  0.217 0.92 0.92 
4 208 215 233 228  0.217 0.92 0.92 
4 233 232 234 235  0.217 0.92 0.92 
4 228 233 235 230  0.217 0.92 0.92 
4 222 221 236 237  0.217 0.92 0.92 
4 221 224 238 236  0.217 0.92 0.92 
4 237 236 239 240  0.217 0.92 0.92 
4 236 238 241 239  0.217 0.92 0.92 
4 224 227 242 238  0.217 0.92 0.92 
4 227 81 98 242  0.217 0.92 0.92 
4 238 242 243 241  0.217 0.92 0.92 
4 242 98 101 243  0.217 0.92 0.92 
4 231 230 244 245  0.217 0.92 0.92 
4 95 231 245 110  0.217 0.92 0.92 
4 245 244 246 247  0.217 0.92 0.92 
4 110 245 247 115  0.217 0.92 0.92 
4 235 234 248 249  0.217 0.92 0.92 
4 234 250 251 248  0.217 0.92 0.92 
4 249 248 251 252  0.217 0.92 0.92 
4 230 235 249 244  0.217 0.92 0.92 
4 244 249 253 246  0.217 0.92 0.92 
4 249 252 254 253  0.217 0.92 0.92 
4 246 253 254 255  0.217 0.92 0.92 
4 250 256 257 251  0.217 0.92 0.92 
4 252 251 257 258  0.217 0.92 0.92 
4 256 240 259 257  0.217 0.92 0.92 
4 240 239 260 259  0.217 0.92 0.92 
4 258 257 259 260  0.217 0.92 0.92 
4 239 241 261 260  0.217 0.92 0.92 
4 252 258 262 254  0.217 0.92 0.92 
4 255 254 262 263  0.217 0.92 0.92 
4 258 260 264 262  0.217 0.92 0.92 
4 260 261 265 264  0.217 0.92 0.92 
4 263 262 264 265  0.217 0.92 0.92 
4 241 243 266 261  0.217 0.92 0.92 
4 243 101 122 266  0.217 0.92 0.92 
4 261 266 267 265  0.217 0.92 0.92 
4 266 122 127 267  0.217 0.92 0.92 
4 247 246 268 269  0.217 0.92 0.92 
4 246 255 270 268  0.217 0.92 0.92 
4 269 268 270 271  0.217 0.92 0.92 
4 115 247 269 272  0.217 0.92 0.92 
4 118 115 272 273  0.217 0.92 0.92 
4 272 269 271 273  0.217 0.92 0.92 
4 125 118 273 274  0.217 0.92 0.92 
4 273 271 275 274  0.217 0.92 0.92 
4 255 263 276 270  0.217 0.92 0.92 
4 271 270 276 275  0.217 0.92 0.92 
4 263 265 277 276  0.217 0.92 0.92 
4 265 267 278 277  0.217 0.92 0.92 
4 275 276 277 278  0.217 0.92 0.92 
4 267 127 279 278  0.217 0.92 0.92 
4 127 125 274 279  0.217 0.92 0.92 
4 274 275 278 279  0.217 0.92 0.92 
4 280 281 282 283  0.217 0.92 0.92 
4 280 283 284 285  0.217 0.92 0.92 
4 156 158 281 280  0.217 0.92 0.92 
4 156 280 285 176  0.217 0.92 0.92 
4 285 284 286 287  0.217 0.92 0.92 
4 176 285 287 178  0.217 0.92 0.92 
4 283 282 288 289  0.217 0.92 0.92 
4 283 289 290 284  0.217 0.92 0.92 
4 289 288 291 290  0.217 0.92 0.92 
4 292 284 290 293  0.217 0.92 0.92 
4 292 293 294 295  0.217 0.92 0.92 
4 284 292 295 286  0.217 0.92 0.92 
4 293 290 296 297  0.217 0.92 0.92 
4 293 297 298 294  0.217 0.92 0.92 
4 290 291 299 296  0.217 0.92 0.92 
4 282 300 301 288  0.217 0.92 0.92 
4 288 301 302 291  0.217 0.92 0.92 
4 300 303 304 301  0.217 0.92 0.92 
4 301 304 305 302  0.217 0.92 0.92 
4 304 303 306 305  0.217 0.92 0.92 
4 291 302 307 299  0.217 0.92 0.92 
4 302 305 308 307  0.217 0.92 0.92 
4 308 305 309 310  0.217 0.92 0.92 
4 305 306 311 309  0.217 0.92 0.92 
4 158 165 312 281  0.217 0.92 0.92 
4 281 312 300 282  0.217 0.92 0.92 
4 312 313 303 300  0.217 0.92 0.92 
4 303 313 314 306  0.217 0.92 0.92 
4 165 167 313 312  0.217 0.92 0.92 
4 313 167 181 314  0.217 0.92 0.92 
4 306 314 315 311  0.217 0.92 0.92 
4 314 181 184 315  0.217 0.92 0.92 
4 316 287 286 295  0.217 0.92 0.92 
4 316 295 317 318  0.217 0.92 0.92 
4 287 316 318 319  0.217 0.92 0.92 
4 178 287 319 192  0.217 0.92 0.92 
4 192 319 320 194  0.217 0.92 0.92 
4 318 317 321 322  0.217 0.92 0.92 
4 319 318 322 323  0.217 0.92 0.92 
4 320 319 323 324  0.217 0.92 0.92 
4 295 294 325 317  0.217 0.92 0.92 
4 294 298 326 325  0.217 0.92 0.92 
4 317 325 327 321  0.217 0.92 0.92 
4 325 326 328 327  0.217 0.92 0.92 
4 310 309 329 330  0.217 0.92 0.92 
4 309 311 331 329  0.217 0.92 0.92 
4 330 329 332 333  0.217 0.92 0.92 
4 334 335 333 332  0.217 0.92 0.92 
4 329 331 336 332  0.217 0.92 0.92 
4 337 334 332 336  0.217 0.92 0.92 
4 194 320 338 198  0.217 0.92 0.92 
4 311 315 339 331  0.217 0.92 0.92 
4 315 184 200 339  0.217 0.92 0.92 
4 198 338 339 200  0.217 0.92 0.92 
4 338 320 324 340  0.217 0.92 0.92 
4 331 339 341 336  0.217 0.92 0.92 
4 339 338 340 341  0.217 0.92 0.92 
4 340 337 336 341  0.217 0.92 0.92 
4 322 321 342 343  0.217 0.92 0.92 
4 323 322 343 344  0.217 0.92 0.92 
4 324 323 344 345  0.217 0.92 0.92 
4 343 342 346 347  0.217 0.92 0.92 
4 344 343 347 348  0.217 0.92 0.92 
4 345 344 348 349  0.217 0.92 0.92 
4 321 327 350 342  0.217 0.92 0.92 
4 327 328 351 350  0.217 0.92 0.92 
4 342 350 352 346  0.217 0.92 0.92 
4 350 351 353 352  0.217 0.92 0.92 
4 334 337 354 355  0.217 0.92 0.92 
4 335 334 355 356  0.217 0.92 0.92 
4 355 354 357 358  0.217 0.92 0.92 
4 356 355 358 359  0.217 0.92 0.92 
4 337 340 360 354  0.217 0.92 0.92 
4 340 324 345 360  0.217 0.92 0.92 
4 354 360 361 357  0.217 0.92 0.92 
4 360 345 349 361  0.217 0.92 0.92 
4 347 346 362 363  0.217 0.92 0.92 
4 348 347 363 364  0.217 0.92 0.92 
4 349 348 364 365  0.217 0.92 0.92 
4 363 362 366 367  0.217 0.92 0.92 
4 364 363 367 368  0.217 0.92 0.92 
4 365 364 368 369  0.217 0.92 0.92 
4 346 352 370 362  0.217 0.92 0.92 
4 352 353 371 370  0.217 0.92 0.92 
4 362 370 372 366  0.217 0.92 0.92 
4 370 371 373 372  0.217 0.92 0.92 
4 358 357 374 375  0.217 0.92 0.92 
4 359 358 375 376  0.217 0.92 0.92 
4 375 374 377 378  0.217 0.92 0.92 
4 376 375 378 379  0.217 0.92 0.92 
4 357 361 380 374  0.217 0.92 0.92 
4 361 349 365 380  0.217 0.92 0.92 
4 374 380 381 377  0.217 0.92 0.92 
4 380 365 369 381  0.217 0.92 0.92 
4 367 366 382 383  0.217 0.92 0.92 
4 368 367 383 384  0.217 0.92 0.92 
4 369 368 384 385  0.217 0.92 0.92 
4 383 382 386 387  0.217 0.92 0.92 
4 384 383 387 388  0.217 0.92 0.92 
4 387 386 389 388  0.217 0.92 0.92 
4 213 212 385 384  0.217 0.92 0.92 
4 213 384 388 214  0.217 0.92 0.92 
4 366 372 390 382  0.217 0.92 0.92 
4 372 373 391 390  0.217 0.92 0.92 
4 382 390 392 386  0.217 0.92 0.92 
4 390 391 393 392  0.217 0.92 0.92 
4 378 394 395 379  0.217 0.92 0.92 
4 395 394 396 397  0.217 0.92 0.92 
4 377 398 394 378  0.217 0.92 0.92 
4 394 398 399 396  0.217 0.92 0.92 
4 397 396 400 401  0.217 0.92 0.92 
4 396 399 402 400  0.217 0.92 0.92 
4 381 369 385 403  0.217 0.92 0.92 
4 381 404 398 377  0.217 0.92 0.92 
4 398 404 405 399  0.217 0.92 0.92 
4 404 381 403 405  0.217 0.92 0.92 
4 212 218 403 385  0.217 0.92 0.92 
4 399 405 406 402  0.217 0.92 0.92 
4 218 220 405 403  0.217 0.92 0.92 
4 405 220 222 406  0.217 0.92 0.92 
4 388 389 407 408  0.217 0.92 0.92 
4 214 388 408 232  0.217 0.92 0.92 
4 408 407 409 410  0.217 0.92 0.92 
4 410 409 411 412  0.217 0.92 0.92 
4 232 408 410 234  0.217 0.92 0.92 
4 234 410 412 250  0.217 0.92 0.92 
4 386 392 413 414  0.217 0.92 0.92 
4 389 386 414 407  0.217 0.92 0.92 
4 414 413 415 407  0.217 0.92 0.92 
4 392 393 416 413  0.217 0.92 0.92 
4 413 416 417 415  0.217 0.92 0.92 
4 415 417 418 419  0.217 0.92 0.92 
4 407 415 420 409  0.217 0.92 0.92 
4 415 419 421 420  0.217 0.92 0.92 
4 409 420 421 411  0.217 0.92 0.92 
4 419 418 422 423  0.217 0.92 0.92 
4 401 400 424 425  0.217 0.92 0.92 
4 423 422 425 424  0.217 0.92 0.92 
4 400 402 426 424  0.217 0.92 0.92 
4 419 423 427 421  0.217 0.92 0.92 
4 411 421 427 428  0.217 0.92 0.92 
4 423 424 429 427  0.217 0.92 0.92 
4 424 426 430 429  0.217 0.92 0.92 
4 428 427 429 430  0.217 0.92 0.92 
4 402 406 431 426  0.217 0.92 0.92 
4 406 222 237 431  0.217 0.92 0.92 
4 250 412 432 256  0.217 0.92 0.92 
4 412 411 428 432  0.217 0.92 0.92 
4 426 431 433 430  0.217 0.92 0.92 
4 432 428 430 433  0.217 0.92 0.92 
4 431 237 240 433  0.217 0.92 0.92 
4 256 432 433 240  0.217 0.92 0.92 
4 297 296 434 435  0.217 0.92 0.92 
4 297 435 436 298  0.217 0.92 0.92 
4 435 434 437 436  0.217 0.92 0.92 
4 296 299 438 434  0.217 0.92 0.92 
4 434 438 439 437  0.217 0.92 0.92 
4 299 307 440 438  0.217 0.92 0.92 
4 438 440 441 439  0.217 0.92 0.92 
4 307 308 442 440  0.217 0.92 0.92 
4 440 442 443 441  0.217 0.92 0.92 
4 442 308 310 443  0.217 0.92 0.92 
4 298 436 444 326  0.217 0.92 0.92 
4 436 437 445 444  0.217 0.92 0.92 
4 437 439 446 445  0.217 0.92 0.92 
4 326 444 447 328  0.217 0.92 0.92 
4 444 445 448 447  0.217 0.92 0.92 
4 445 446 449 448  0.217 0.92 0.92 
4 450 451 452 453  0.217 0.92 0.92 
4 450 453 454 455  0.217 0.92 0.92 
4 451 450 455 456  0.217 0.92 0.92 
4 453 452 457 458  0.217 0.92 0.92 
4 453 458 459 454  0.217 0.92 0.92 
4 452 460 461 457  0.217 0.92 0.92 
4 451 462 460 452  0.217 0.92 0.92 
4 462 451 456 463  0.217 0.92 0.92 
4 462 464 465 460  0.217 0.92 0.92 
4 465 464 466 467  0.217 0.92 0.92 
4 464 462 463 466  0.217 0.92 0.92 
4 460 465 468 461  0.217 0.92 0.92 
4 468 465 467 469  0.217 0.92 0.92 
4 439 441 470 446  0.217 0.92 0.92 
4 441 443 471 470  0.217 0.92 0.92 
4 443 310 330 471  0.217 0.92 0.92 
4 446 470 472 449  0.217 0.92 0.92 
4 470 471 473 472  0.217 0.92 0.92 
4 471 330 333 473  0.217 0.92 0.92 
4 335 472 473 333  0.217 0.92 0.92 
4 328 447 474 351  0.217 0.92 0.92 
4 447 448 456 455  0.217 0.92 0.92 
4 447 455 475 474  0.217 0.92 0.92 
4 448 449 463 456  0.217 0.92 0.92 
4 351 474 476 353  0.217 0.92 0.92 
4 474 475 477 476  0.217 0.92 0.92 
4 475 478 479 477  0.217 0.92 0.92 
4 478 480 481 479  0.217 0.92 0.92 
4 455 454 482 475  0.217 0.92 0.92 
4 475 482 483 478  0.217 0.92 0.92 
4 454 459 484 482  0.217 0.92 0.92 
4 482 484 485 483  0.217 0.92 0.92 
4 483 485 486 487  0.217 0.92 0.92 
4 478 483 487 480  0.217 0.92 0.92 
4 467 466 488 489  0.217 0.92 0.92 
4 480 487 489 488  0.217 0.92 0.92 
4 469 467 489 490  0.217 0.92 0.92 
4 487 486 490 489  0.217 0.92 0.92 
4 472 335 356 491  0.217 0.92 0.92 
4 449 472 466 463  0.217 0.92 0.92 
4 466 472 491 488  0.217 0.92 0.92 
4 491 356 359 492  0.217 0.92 0.92 
4 480 488 493 481  0.217 0.92 0.92 
4 488 491 492 493  0.217 0.92 0.92 
4 353 476 494 371  0.217 0.92 0.92 
4 476 477 495 494  0.217 0.92 0.92 
4 477 479 496 495  0.217 0.92 0.92 
4 479 481 497 496  0.217 0.92 0.92 
4 371 494 498 373  0.217 0.92 0.92 
4 494 495 499 498  0.217 0.92 0.92 
4 498 499 500 501  0.217 0.92 0.92 
4 501 500 502 503  0.217 0.92 0.92 
4 495 496 504 505  0.217 0.92 0.92 
4 495 505 506 499  0.217 0.92 0.92 
4 505 504 507 508  0.217 0.92 0.92 
4 505 508 509 506  0.217 0.92 0.92 
4 504 510 511 507  0.217 0.92 0.92 
4 496 497 510 504  0.217 0.92 0.92 
4 497 512 513 510  0.217 0.92 0.92 
4 513 512 514 515  0.217 0.92 0.92 
4 510 513 516 511  0.217 0.92 0.92 
4 516 513 515 517  0.217 0.92 0.92 
4 492 359 376 518  0.217 0.92 0.92 
4 481 493 512 497  0.217 0.92 0.92 
4 493 492 518 512  0.217 0.92 0.92 
4 518 376 379 519  0.217 0.92 0.92 
4 512 518 519 514  0.217 0.92 0.92 
4 503 502 514 519  0.217 0.92 0.92 
4 373 498 520 391  0.217 0.92 0.92 
4 498 501 521 520  0.217 0.92 0.92 
4 501 503 522 521  0.217 0.92 0.92 
4 391 520 523 393  0.217 0.92 0.92 
4 520 521 524 523  0.217 0.92 0.92 
4 521 522 525 524  0.217 0.92 0.92 
4 499 506 526 527  0.217 0.92 0.92 
4 500 499 527 528  0.217 0.92 0.92 
4 527 526 529 528  0.217 0.92 0.92 
4 506 509 530 526  0.217 0.92 0.92 
4 526 530 531 529  0.217 0.92 0.92 
4 529 531 532 533  0.217 0.92 0.92 
4 502 500 528 534  0.217 0.92 0.92 
4 528 529 533 534  0.217 0.92 0.92 
4 515 514 535 536  0.217 0.92 0.92 
4 514 502 534 535  0.217 0.92 0.92 
4 534 533 536 535  0.217 0.92 0.92 
4 517 515 536 537  0.217 0.92 0.92 
4 533 532 537 536  0.217 0.92 0.92 
4 503 519 538 522  0.217 0.92 0.92 
4 379 395 539 519  0.217 0.92 0.92 
4 519 539 540 538  0.217 0.92 0.92 
4 539 395 397 540  0.217 0.92 0.92 
4 522 538 541 525  0.217 0.92 0.92 
4 538 540 542 541  0.217 0.92 0.92 
4 540 397 401 542  0.217 0.92 0.92 
4 393 523 543 416  0.217 0.92 0.92 
4 523 524 544 543  0.217 0.92 0.92 
4 416 543 544 417  0.217 0.92 0.92 
4 524 525 545 544  0.217 0.92 0.92 
4 417 544 545 418  0.217 0.92 0.92 
4 525 541 546 545  0.217 0.92 0.92 
4 418 545 546 422  0.217 0.92 0.92 
4 541 542 547 546  0.217 0.92 0.92 
4 542 401 425 547  0.217 0.92 0.92 
4 422 546 547 425  0.217 0.92 0.92 
4 458 457 548 549  0.217 0.92 0.92 
4 458 549 550 459  0.217 0.92 0.92 
4 549 548 551 552  0.217 0.92 0.92 
4 549 552 553 550  0.217 0.92 0.92 
4 548 554 555 551  0.217 0.92 0.92 
4 457 461 554 548  0.217 0.92 0.92 
4 552 551 556 557  0.217 0.92 0.92 
4 552 557 558 553  0.217 0.92 0.92 
4 557 556 559 558  0.217 0.92 0.92 
4 551 555 560 556  0.217 0.92 0.92 
4 556 560 561 559  0.217 0.92 0.92 
4 560 555 562 561  0.217 0.92 0.92 
4 461 468 563 554  0.217 0.92 0.92 
4 563 468 469 564  0.217 0.92 0.92 
4 554 563 565 555  0.217 0.92 0.92 
4 555 565 566 562  0.217 0.92 0.92 
4 565 563 564 566  0.217 0.92 0.92 
4 459 550 567 484  0.217 0.92 0.92 
4 550 553 568 567  0.217 0.92 0.92 
4 484 567 569 570  0.217 0.92 0.92 
4 485 484 570 571  0.217 0.92 0.92 
4 567 568 572 569  0.217 0.92 0.92 
4 486 485 571 573  0.217 0.92 0.92 
4 553 558 574 568  0.217 0.92 0.92 
4 558 559 575 574  0.217 0.92 0.92 
4 559 561 576 575  0.217 0.92 0.92 
4 561 562 577 576  0.217 0.92 0.92 
4 568 574 578 572  0.217 0.92 0.92 
4 574 575 579 578  0.217 0.92 0.92 
4 575 576 580 579  0.217 0.92 0.92 
4 576 577 581 580  0.217 0.92 0.92 
4 564 469 490 582  0.217 0.92 0.92 
4 562 566 583 577  0.217 0.92 0.92 
4 566 564 582 583  0.217 0.92 0.92 
4 582 490 584 585  0.217 0.92 0.92 
4 490 486 573 584  0.217 0.92 0.92 
4 577 583 586 581  0.217 0.92 0.92 
4 583 582 585 586  0.217 0.92 0.92 
4 570 569 587 508  0.217 0.92 0.92 
4 571 570 508 507  0.217 0.92 0.92 
4 569 572 588 587  0.217 0.92 0.92 
4 573 571 507 511  0.217 0.92 0.92 
4 508 587 589 509  0.217 0.92 0.92 
4 587 588 590 589  0.217 0.92 0.92 
4 572 578 591 588  0.217 0.92 0.92 
4 578 579 592 591  0.217 0.92 0.92 
4 579 580 593 592  0.217 0.92 0.92 
4 580 581 594 593  0.217 0.92 0.92 
4 588 591 595 590  0.217 0.92 0.92 
4 591 592 596 595  0.217 0.92 0.92 
4 592 593 597 596  0.217 0.92 0.92 
4 593 594 598 597  0.217 0.92 0.92 
4 585 584 516 599  0.217 0.92 0.92 
4 584 573 511 516  0.217 0.92 0.92 
4 581 586 600 594  0.217 0.92 0.92 
4 586 585 599 600  0.217 0.92 0.92 
4 599 516 517 601  0.217 0.92 0.92 
4 594 600 602 598  0.217 0.92 0.92 
4 600 599 601 602  0.217 0.92 0.92 
4 509 589 603 530  0.217 0.92 0.92 
4 530 603 604 531  0.217 0.92 0.92 
4 589 590 605 603  0.217 0.92 0.92 
4 603 605 606 604  0.217 0.92 0.92 
4 604 606 607 608  0.217 0.92 0.92 
4 531 604 608 532  0.217 0.92 0.92 
4 590 595 609 605  0.217 0.92 0.92 
4 595 596 610 609  0.217 0.92 0.92 
4 605 609 610 606  0.217 0.92 0.92 
4 596 597 611 610  0.217 0.92 0.92 
4 597 598 607 611  0.217 0.92 0.92 
4 606 610 611 607  0.217 0.92 0.92 
4 601 517 537 612  0.217 0.92 0.92 
4 532 608 612 537  0.217 0.92 0.92 
4 598 602 613 607  0.217 0.92 0.92 
4 602 601 612 613  0.217 0.92 0.92 
4 608 607 613 612  0.217 0.92 0.92 
