OFF
143 144 0

0 -27.4489 -6.67156
8 -27.4489 -6.67156
8 -31.4778 -2.33273
0 -31.4778 -2.33273
0 -24.24 -3.11475
0.000270912 -23.7286 -10.5351
8 -23.7375 -10.5243
8 -24.24 -3.11475
0 -22.1595 -11.3071
8 -21.9358 -11.363
0.00118133 -17.2542 -10.0327
0.000237993 -18.9575 -11.1538
8 -17.2983 -10.0722
8 -18.9574 -11.154
8 -16.16 -3.11475
0 -16.16 -3.11475
0 -15.785 -3.11475
0.00471349 -16.0492 -8.10289
8 -16.1041 -8.2565
8 -15.785 -3.11475
0.00471349 16.0492 -8.10289
8 16.1041 -8.2565
8 15.785 -3.11475
0 15.785 -3.11475
0 16.16 -3.11475
0.00118133 17.2542 -10.0327
8 17.2983 -10.0722
8 16.16 -3.11475
0.000237993 18.9575 -11.1538
8 18.9574 -11.154
0.000270912 23.7286 -10.5351
-0 22.1595 -11.3071
8 23.7375 -10.5243
8 21.9358 -11.363
8 24.24 -3.11475
0 24.24 -3.11475
0 31.4778 -2.33273
0 27.4489 -6.67156
8 27.4489 -6.67156
8 31.4778 -2.33273
0 -31.4778 -2.33273
0.00548186 -30.611 2.92775
0 -30.611 2.92774
0 -24.24 4.96525
-1.77636e-15 -24.24 -3.11475
0 -24.24 4.96525
8 -30.5996 2.94787
8 -25.4887 8.92146
0.0165753 -25.5176 8.86125
0 -23.5474 12.7859
8 -23.5642 12.7735
8 -24.24 4.96525
0 -16.16 13.0452
0 -16.16 4.96525
8 -16.16 4.96525
8 -16.16 13.0452
0 -13.5864 14.5207
0 -15.785 4.96525
8 -15.785 4.96525
8 -13.5864 14.5207
0 15.785 4.96525
8 15.785 4.96525
8 13.5864 14.5207
0 13.5864 14.5207
0 16.16 13.0452
0 16.16 4.96525
8 16.16 4.96525
8 16.16 13.0452
0 23.5474 12.7859
0 24.24 4.96525
8 24.24 4.96525
8 23.5642 12.7735
0 25.5176 8.86123
0 30.611 2.92774
8 25.4887 8.92146
8 30.5996 2.94787
-8 -18.8293 23.8802
0 -21.3423 20.3488
0 -19.3222 27.8875
-8 -19.3139 27.8889
-8 -16.16 29.2052
-8 -16.0528 21.4049
-0.000853033 -17.4409 30.7853
0 -16.16 21.1253
8 -21.3423 20.3488
8 -19.3222 27.8875
8 -16.16 29.2052
8 -16.16 21.1253
-8 -8.08 29.2052
-8 -8.08 21.1253
2 -8.08 29.2052
0 -8.08 21
8 -8.99056 28.7581
8 -10.088 22.4012
-8 0 29.2052
-8 0 21.1253
0 0 21
2 0 29.2052
-8 8.08 29.2052
-8 8.08 21.1253
0 8.08 21
2 8.08 29.2052
-8 16.16 29.2052
-8 16.0528 21.4049
-0.000853033 17.4409 30.7853
0 16.16 21.1253
8 10.088 22.4012
8 8.99056 28.7581
8 16.16 29.2052
8 16.16 21.1253
-8 19.3139 27.8889
-8 18.8293 23.8802
0 19.3222 27.8875
0 21.3423 20.3488
8 19.3222 27.8875
8 21.3423 20.3488
1.51702e-06 -8.05267 37.2936
-8 -8.05047 37.2939
-8 -0.21742 33.0111
2.07218e-05 -0.218016 33.0111
-8 8.05047 37.2939
1.60903e-06 8.05088 37.2937
-6.71582 -8.08 52.095
-0.315281 -8.08 52.9602
-1.9596 -8.08 53.6406
-4.9362 -8.08 53.3547
-4.9362 0.75 53.3547
-6.71582 -0.75 52.095
-1.9596 -0.75 53.6406
-0.315281 -0.75 52.9602
0 -8.5 45.3653
2 -8.08 45.3653
1.56726 -8.08 50.7847
0 0.75 46.9597
1.56726 -0.75 50.7847
2 0.75 46.9597
-4.9362 8.08 53.3547
-6.71582 8.08 52.095
-1.9596 8.08 53.6406
-0.315281 8.08 52.9602
0 8.5 45.3653
1.56726 8.08 50.7847
2 8.08 45.3653

4 0 1 2 3  0.217 0.92 0.92 
4 0 3 4 5  0.217 0.92 0.92 
4 2 1 6 7  0.217 0.92 0.92 
4 1 0 5 6  0.217 0.92 0.92 
4 5 4 7 6  0.217 0.92 0.92 
4 8 9 6 5  0.217 0.92 0.92 
4 8 5 10 11  0.217 0.92 0.92 
4 5 6 12 10  0.217 0.92 0.92 
4 6 9 13 12  0.217 0.92 0.92 
4 9 8 11 13  0.217 0.92 0.92 
4 11 10 12 13  0.217 0.92 0.92 
4 10 12 14 15  0.217 0.92 0.92 
4 10 15 16 17  0.217 0.92 0.92 
4 14 12 18 19  0.217 0.92 0.92 
4 12 10 17 18  0.217 0.92 0.92 
4 17 16 19 18  0.217 0.92 0.92 
4 20 21 22 23  0.217 0.92 0.92 
4 20 23 24 25  0.217 0.92 0.92 
4 22 21 26 27  0.217 0.92 0.92 
4 21 20 25 26  0.217 0.92 0.92 
4 25 24 27 26  0.217 0.92 0.92 
4 28 29 26 25  0.217 0.92 0.92 
4 28 25 30 31  0.217 0.92 0.92 
4 25 26 32 30  0.217 0.92 0.92 
4 26 29 33 32  0.217 0.92 0.92 
4 29 28 31 33  0.217 0.92 0.92 
4 31 30 32 33  0.217 0.92 0.92 
4 30 32 34 35  0.217 0.92 0.92 
4 30 35 36 37  0.217 0.92 0.92 
4 34 32 38 39  0.217 0.92 0.92 
4 32 30 37 38  0.217 0.92 0.92 
4 37 36 39 38  0.217 0.92 0.92 
4 40 3 41 42  0.217 0.92 0.92 
4 40 42 43 44  0.217 0.92 0.92 
4 42 41 45 43  0.217 0.92 0.92 
4 3 40 44 4  0.217 0.92 0.92 
4 44 43 45 4  0.217 0.92 0.92 
4 41 46 47 48  0.217 0.92 0.92 
4 41 48 49 45  0.217 0.92 0.92 
4 48 47 50 49  0.217 0.92 0.92 
4 47 46 51 50  0.217 0.92 0.92 
4 3 2 46 41  0.217 0.92 0.92 
4 46 2 7 51  0.217 0.92 0.92 
4 45 49 52 53  0.217 0.92 0.92 
4 50 51 54 55  0.217 0.92 0.92 
4 4 45 53 15  0.217 0.92 0.92 
4 51 7 14 54  0.217 0.92 0.92 
4 7 4 15 14  0.217 0.92 0.92 
4 53 52 56 57  0.217 0.92 0.92 
4 55 54 58 59  0.217 0.92 0.92 
4 57 56 59 58  0.217 0.92 0.92 
4 15 53 57 16  0.217 0.92 0.92 
4 54 14 19 58  0.217 0.92 0.92 
4 16 57 58 19  0.217 0.92 0.92 
4 60 61 62 63  0.217 0.92 0.92 
4 60 63 64 65  0.217 0.92 0.92 
4 62 61 66 67  0.217 0.92 0.92 
4 23 22 61 60  0.217 0.92 0.92 
4 23 60 65 24  0.217 0.92 0.92 
4 61 22 27 66  0.217 0.92 0.92 
4 65 64 68 69  0.217 0.92 0.92 
4 67 66 70 71  0.217 0.92 0.92 
4 24 65 69 35  0.217 0.92 0.92 
4 66 27 34 70  0.217 0.92 0.92 
4 27 24 35 34  0.217 0.92 0.92 
4 69 68 72 73  0.217 0.92 0.92 
4 68 71 74 72  0.217 0.92 0.92 
4 71 70 75 74  0.217 0.92 0.92 
4 73 72 74 75  0.217 0.92 0.92 
4 35 69 73 36  0.217 0.92 0.92 
4 70 34 39 75  0.217 0.92 0.92 
4 36 73 75 39  0.217 0.92 0.92 
4 76 77 78 79  0.217 0.92 0.92 
4 76 79 80 81  0.217 0.92 0.92 
4 79 78 82 80  0.217 0.92 0.92 
4 77 76 81 83  0.217 0.92 0.92 
4 77 84 85 78  0.217 0.92 0.92 
4 78 85 86 82  0.217 0.92 0.92 
4 85 84 87 86  0.217 0.92 0.92 
4 49 50 84 77  0.217 0.92 0.92 
4 49 77 83 52  0.217 0.92 0.92 
4 84 50 55 87  0.217 0.92 0.92 
4 81 80 88 89  0.217 0.92 0.92 
4 80 82 90 88  0.217 0.92 0.92 
4 83 81 89 91  0.217 0.92 0.92 
4 82 86 92 90  0.217 0.92 0.92 
4 86 87 93 92  0.217 0.92 0.92 
4 91 90 92 93  0.217 0.92 0.92 
4 52 83 91 56  0.217 0.92 0.92 
4 87 55 59 93  0.217 0.92 0.92 
4 56 91 93 59  0.217 0.92 0.92 
4 89 88 94 95  0.217 0.92 0.92 
4 90 91 96 97  0.217 0.92 0.92 
4 91 89 95 96  0.217 0.92 0.92 
4 95 94 98 99  0.217 0.92 0.92 
4 97 96 100 101  0.217 0.92 0.92 
4 96 95 99 100  0.217 0.92 0.92 
4 99 98 102 103  0.217 0.92 0.92 
4 98 101 104 102  0.217 0.92 0.92 
4 100 99 103 105  0.217 0.92 0.92 
4 100 106 107 101  0.217 0.92 0.92 
4 101 107 108 104  0.217 0.92 0.92 
4 107 106 109 108  0.217 0.92 0.92 
4 63 62 106 100  0.217 0.92 0.92 
4 63 100 105 64  0.217 0.92 0.92 
4 106 62 67 109  0.217 0.92 0.92 
4 103 102 110 111  0.217 0.92 0.92 
4 102 104 112 110  0.217 0.92 0.92 
4 105 103 111 113  0.217 0.92 0.92 
4 111 110 112 113  0.217 0.92 0.92 
4 104 108 114 112  0.217 0.92 0.92 
4 108 109 115 114  0.217 0.92 0.92 
4 113 112 114 115  0.217 0.92 0.92 
4 64 105 113 68  0.217 0.92 0.92 
4 109 67 71 115  0.217 0.92 0.92 
4 68 113 115 71  0.217 0.92 0.92 
4 88 90 116 117  0.217 0.92 0.92 
4 88 117 118 94  0.217 0.92 0.92 
4 117 116 119 118  0.217 0.92 0.92 
4 116 90 97 119  0.217 0.92 0.92 
4 94 118 120 98  0.217 0.92 0.92 
4 118 119 121 120  0.217 0.92 0.92 
4 119 97 101 121  0.217 0.92 0.92 
4 98 120 121 101  0.217 0.92 0.92 
4 122 123 124 125  0.217 0.92 0.92 
4 122 125 126 127  0.217 0.92 0.92 
4 125 124 128 126  0.217 0.92 0.92 
4 124 123 129 128  0.217 0.92 0.92 
4 123 122 127 129  0.217 0.92 0.92 
4 130 131 132 123  0.217 0.92 0.92 
4 130 123 129 133  0.217 0.92 0.92 
4 123 132 134 129  0.217 0.92 0.92 
4 132 131 135 134  0.217 0.92 0.92 
4 131 130 133 135  0.217 0.92 0.92 
4 127 126 136 137  0.217 0.92 0.92 
4 126 128 138 136  0.217 0.92 0.92 
4 128 129 139 138  0.217 0.92 0.92 
4 129 127 137 139  0.217 0.92 0.92 
4 137 136 138 139  0.217 0.92 0.92 
4 133 129 139 140  0.217 0.92 0.92 
4 129 134 141 139  0.217 0.92 0.92 
4 134 135 142 141  0.217 0.92 0.92 
4 135 133 140 142  0.217 0.92 0.92 
4 140 139 141 142  0.217 0.92 0.92 
