OFF
429 432 0

0 -28.28 -7.15475
4.04 -28.28 -7.15475
4.04 -29.6072 -4.3472
0 -28.28 -3.11475
0 -24.24 -3.11475
0 -24.24 -7.15475
4.04 -24.2166 -7.1501
4.04 -23.2599 -4.0251
8.08 -28.28 -7.15475
8.08 -28.28 -3.11475
8.08 -24.24 -7.15475
8.08 -24.24 -3.11475
0 -20.2 -11.1948
4.03984 -20.1728 -11.4583
4.04 -20.2 -7.15475
0 -20.2 -7.15475
0 -16.16 -7.15475
0 -16.16 -11.1948
4.03989 -15.8404 -7.20731
4.04 -16.16 -11.1948
8.08 -20.2 -11.1948
8.08 -20.2 -7.15475
8.08 -16.16 -7.15475
8.08 -16.16 -11.1948
0 16.16 -11.1948
4.04 16.16 -11.1948
4.03989 15.8404 -7.20731
0 16.16 -7.15475
0 20.2 -7.15475
0 20.2 -11.1948
4.04 20.2 -7.15475
4.03984 20.1728 -11.4583
8.08 16.16 -11.1948
8.08 16.16 -7.15475
8.08 20.2 -7.15475
8.08 20.2 -11.1948
0 24.24 -7.15475
4.04 24.2166 -7.15008
4.04 23.2599 -4.0251
0 24.24 -3.11475
0 28.28 -3.11475
0 28.28 -7.15475
4.04 28.28 -7.15475
4.04 29.6072 -4.3472
8.08 24.24 -7.15475
8.08 24.24 -3.11475
8.08 28.28 -7.15475
8.08 28.28 -3.11475
0 -28.28 4.96525
4.04023 -28.3843 5.06126
4.04 -28.28 9.00525
0 -28.28 9.00525
0 -24.24 9.00525
0 -24.24 4.96525
4.03788 -25.1098 9.54025
8.08 -28.28 4.96525
8.08 -28.28 9.00525
8.08 -24.24 9.00525
8.08 -24.24 4.96525
0 -32.32 -3.11475
4.04 -32.32 -3.11475
4.04001 -32.3335 0.929203
0 -32.32 0.92525
0 -28.28 0.92525
4.03373 -30.234 3.25485
8.08 -32.32 -3.11475
8.08 -32.32 0.92525
8.08 -28.28 0.92525
0 -24.24 0.92525
8.08 -24.24 0.92525
0 -20.2 9.00525
0 -20.2 4.96525
4.04 -24.24 13.0452
0 -24.24 13.0452
0 -20.2 13.0452
4.03496 -23.1165 13.9548
8.08 -24.24 13.0452
8.08 -20.2 13.0452
8.08 -20.2 9.00525
8.08 -20.2 4.96525
0 -16.16 9.00525
0 -16.16 4.96525
4.04 -15.1377 8.73131
4.04 -15.785 4.96525
0 -16.16 13.0452
4.04 -14.1276 12.5007
8.08 -16.16 9.00525
8.08 -16.16 13.0452
8.08 -16.16 4.96525
0 -20.2 0.92525
0 -20.2 -3.11475
4.04 -20.2 -3.11475
8.08 -20.2 0.92525
8.08 -20.2 -3.11475
0 -16.16 0.92525
0 -16.16 -3.11475
4.04 -15.785 -3.11475
4.04 -15.785 0.92525
8.08 -16.16 0.92525
8.08 -16.16 -3.11475
0 16.16 4.96525
4.04 15.785 4.96525
4.04 15.1377 8.73131
0 16.16 9.00525
0 20.2 9.00525
0 20.2 4.96525
4.04 14.1276 12.5007
0 16.16 13.0452
0 20.2 13.0452
8.08 16.16 9.00525
8.08 16.16 13.0452
8.08 20.2 9.00525
8.08 20.2 13.0452
8.08 16.16 4.96525
8.08 20.2 4.96525
0 24.24 9.00525
0 24.24 4.96525
0 24.24 13.0452
4.03369 23.1253 13.9314
4.04 24.24 13.0452
4.03831 25.1125 9.53194
8.08 24.24 13.0452
8.08 24.24 9.00525
8.08 24.24 4.96525
0 16.16 -3.11475
4.04 15.785 -3.11475
4.04 15.785 0.92525
0 16.16 0.92525
0 20.2 0.92525
0 20.2 -3.11475
4.04 20.2 -3.11475
8.08 16.16 0.92525
8.08 20.2 0.92525
8.08 16.16 -3.11475
8.08 20.2 -3.11475
0 24.24 0.92525
8.08 24.24 0.92525
0 28.28 9.00525
0 28.28 4.96525
4.04 28.28 9.00525
4.04023 28.3843 5.06126
8.08 28.28 9.00525
8.08 28.28 4.96525
0 28.28 0.92525
4.035 30.251 3.23654
8.08 28.28 0.92525
0 32.32 0.92525
0 32.32 -3.11475
4.04001 32.3335 0.929203
4.04 32.32 -3.11475
8.08 32.32 0.92525
8.08 32.32 -3.11475
-8.08 -20.2 25.1653
-4.04 -20.2 25.1653
-4.04 -20.2 29.2052
-8.08 -20.2 29.2052
-8.08 -16.16 29.2052
-8.08 -16.16 25.1653
-4.04085 -17.4398 30.784
-4.04135 -18.638 23.5542
0 -20.2 25.1653
0 -20.2 29.2052
-0.000853033 -17.4409 30.7853
0 -18.6035 23.5053
0 -20.2 21.1253
4.04 -21.0716 21.3588
4.04 -20.2 25.1653
0 -16.16 21.1253
4.04 -20.2 29.2052
4.04091 -17.4975 30.7391
8.08 -20.2 25.1653
8.08 -20.2 29.2052
8.08 -16.16 29.2052
8.08 -16.16 25.1653
8.08 -20.2 21.1253
8.08 -16.16 21.1253
4.04 -22.0816 17.5894
0 -20.2 17.0852
0 -16.16 17.0852
8.08 -20.2 17.0852
8.08 -16.16 17.0852
-8.08 -16.16 21.1253
-4.04 -16.16 21.1253
-8.08 -12.12 25.1653
-8.08 -12.12 21.1253
-4.04 -12.12 21
-8.08 -12.12 29.2052
0 -12.12 32
-4.04 -12.12 32
0 -12.12 21
-8.08 -8.08 25.1653
-8.08 -8.08 21.1253
-4.04 -8.08 21
-8.08 -8.08 29.2052
0 -8.08 21
8.08 -12.12 25.1653
8.08 -12.12 29.2052
8.08 -12.12 21.1253
4.04 -11.2501 20.5725
4.04 -8.08 21.1253
2 -8.08 25.1653
4.04 -8.08 25.1653
4.0369 -10.7833 30.9551
4.04 -8.08 29.2052
2 -8.08 29.2052
8.08 -8.08 29.2052
8.08 -8.08 25.1653
8.08 -8.08 21.1253
0 -12.12 17.0852
0 -12.12 13.0452
4.04 -12.12 13.0452
4.04 -12.12 17.0852
8.08 -12.12 17.0852
8.08 -12.12 13.0452
-8.08 -4.04 25.1653
-8.08 -4.04 21.1253
-4.04 -4.04 21
-8.08 -4.04 29.2052
2 -4.04 25.1653
2 -4.04 29.2052
0 -4.04 21
-8.08 0 25.1653
-8.08 0 21.1253
-4.04 0 21
-8.08 0 29.2052
2 0 25.1653
2 0 29.2052
0 0 21
-8.08 4.04 25.1653
-8.08 4.04 21.1253
-4.04 4.04 21
-8.08 4.04 29.2052
2 4.04 25.1653
2 4.04 29.2052
0 4.04 21
-8.08 8.08 25.1653
-8.08 8.08 21.1253
-4.04 8.08 21
-8.08 8.08 29.2052
2 8.08 25.1653
2 8.08 29.2052
0 8.08 21
-8.08 12.12 25.1653
-8.08 12.12 21.1253
-4.04 12.12 21
-8.08 12.12 29.2052
0 12.12 21
-8.08 16.16 25.1653
-8.08 16.16 21.1253
-4.04 16.16 21.1253
-4.04135 18.638 23.5542
-8.08 16.16 29.2052
-4.04 12.12 32
0 12.12 32
-0.000853033 17.4409 30.7853
-4.04085 17.4398 30.784
0 16.16 21.1253
0 18.6035 23.5053
4.04 8.08 21.1253
4.04 8.08 25.1653
4.04 11.2501 20.5725
4.04 8.08 29.2052
4.0369 10.7833 30.9551
8.08 8.08 25.1653
8.08 8.08 29.2052
8.08 12.12 29.2052
8.08 12.12 25.1653
8.08 8.08 21.1253
8.08 12.12 21.1253
8.08 16.16 25.1653
8.08 16.16 29.2052
8.08 16.16 21.1253
0 12.12 13.0452
4.04 12.12 13.0452
4.04 12.12 17.0852
0 12.12 17.0852
0 16.16 17.0852
8.08 12.12 17.0852
8.08 16.16 17.0852
8.08 12.12 13.0452
-8.08 20.2 29.2052
-8.08 20.2 25.1653
-4.04 20.2 29.2052
-4.04 20.2 25.1653
0 20.2 29.2052
0 20.2 25.1653
0 20.2 21.1253
4.04 20.2 25.1653
4.04 21.0716 21.3588
4.04091 17.4975 30.7391
4.04 20.2 29.2052
8.08 20.2 29.2052
8.08 20.2 25.1653
8.08 20.2 21.1253
0 20.2 17.0852
4.04 22.0816 17.5894
8.08 20.2 17.0852
-4.04 -16.16 33.2452
-8.08 -16.16 33.2452
-8.08 -12.12 33.2452
-4.04 -12.12 33.2452
-8.08 -8.08 33.2452
-4.04 -8.08 33.2452
0 -12.12 33.2452
0 -8.08 33.2452
4.04 -16.16 33.2452
0 -16.16 33.2452
4.04 -12.12 33.2452
8.08 -16.16 33.2452
8.08 -12.12 33.2452
-8.08 -4.04 33.2452
-4.04 -8.08 37.2852
-8.08 -8.08 37.2852
-8.08 -4.04 37.2852
-4.04 -4.04 37.2852
-4.03999 -3.57644 33.9917
0 -8.08 37.2852
0 -4.04 37.2852
-5.21133e-06 -3.57632 33.9916
-8.08 0 33.2452
-4.04 0 33.2452
0 0 33.2452
-8.08 -8.08 41.3252
-4.04 -8.5 41.3252
-4.04 -8.5 45.3653
-8.08 -8.08 45.3653
-8.08 -4.04 45.3653
-8.08 -4.04 41.3252
-4.04 -4.04 41.3252
-4.04 -4.04 45.3653
0 -8.5 41.3252
0 -8.5 45.3653
0 -4.04 45.3653
0 -4.04 41.3252
4.04 -8.08 41.3252
4.04 -8.08 45.3653
4.04 -4.04 41.3252
4.04 -4.04 45.3653
4.04 -8.08 33.2452
4.04 -4.04 29.2052
4.04 -4.04 33.2452
4.04 -8.08 37.2852
4.04 -4.04 37.2852
4.04 0 33.2452
4.04 0 29.2052
-8.08 4.04 33.2452
-4.04 3.57633 33.9916
-3.24717e-06 3.57632 33.9916
-8.08 8.08 33.2452
-4.04 4.04 37.2852
-8.08 4.04 37.2852
-8.08 8.08 37.2852
-4.04 8.08 37.2852
-4.04 8.08 33.2452
0 4.04 37.2852
0 8.08 37.2852
0 8.08 33.2452
-8.08 4.04 41.3252
-4.04 4.04 41.3252
-4.04 4.04 45.3653
-8.08 4.04 45.3653
-8.08 8.08 45.3653
-8.08 8.08 41.3252
-4.04 8.5 41.3252
-4.04 8.5 45.3653
0 4.04 41.3252
0 4.04 45.3653
0 8.5 45.3653
0 8.5 41.3252
4.04 4.04 41.3252
4.04 4.04 45.3653
4.04 8.08 41.3252
4.04 8.08 45.3653
4.04 4.04 33.2452
4.04 4.04 29.2052
4.04 8.08 33.2452
4.04 4.04 37.2852
4.04 8.08 37.2852
-8.08 12.12 33.2452
-4.04 12.12 33.2452
0 12.12 33.2452
-8.08 16.16 33.2452
-4.04 16.16 33.2452
4.04 12.12 33.2452
0 16.16 33.2452
4.04 16.16 33.2452
8.08 12.12 33.2452
8.08 16.16 33.2452
-4.04 -8.08 49.4053
-8.08 -8.08 49.4053
-8.08 -4.04 49.4053
-4.04 -4.04 49.4053
-4.08889 -8.08 53.6276
-8.08 -8.08 53.4453
-8.08 -4.04 53.4453
-4.08889 -4.04 53.6276
-0.318575 -8.07981 49.3467
0 -8.08 53.4453
0 -4.04 53.4453
-0.31625 -4.03981 49.3471
-8.08 0 53.4453
-8.08 0 49.4053
-4.04 0 53.4453
-4.04 0 49.4053
0 0 53.4453
0 0 49.4053
4.04 -8.08 49.4053
4.04 -4.04 49.4053
0 0 45.3653
4.04 0 49.4053
4.04 0 45.3653
-8.08 4.04 53.4453
-8.08 4.04 49.4053
-4.08889 4.04 53.6276
-4.04 4.04 49.4053
0 4.04 53.4453
-4.04 0 45.3653
-0.953499 4.0404 49.1978
-8.08 8.08 49.4053
-4.04 8.08 49.4053
-8.08 8.08 53.4453
-4.08889 8.08 53.6276
0 8.08 53.4453
0 8.5 49.4053
4.04 4.04 49.4053
4.04 0 53.4453
4.04 4.04 53.4453
4.04 8.08 49.4053
4.04 8.08 53.4453

4 0 1 2 3  0.217 0.92 0.92 
4 0 3 4 5  0.217 0.92 0.92 
4 1 0 5 6  0.217 0.92 0.92 
4 5 4 7 6  0.217 0.92 0.92 
4 1 8 9 2  0.217 0.92 0.92 
4 9 8 10 11  0.217 0.92 0.92 
4 8 1 6 10  0.217 0.92 0.92 
4 6 7 11 10  0.217 0.92 0.92 
4 12 13 14 15  0.217 0.92 0.92 
4 12 15 16 17  0.217 0.92 0.92 
4 15 14 18 16  0.217 0.92 0.92 
4 13 12 17 19  0.217 0.92 0.92 
4 17 16 18 19  0.217 0.92 0.92 
4 13 20 21 14  0.217 0.92 0.92 
4 14 21 22 18  0.217 0.92 0.92 
4 21 20 23 22  0.217 0.92 0.92 
4 20 13 19 23  0.217 0.92 0.92 
4 19 18 22 23  0.217 0.92 0.92 
4 24 25 26 27  0.217 0.92 0.92 
4 24 27 28 29  0.217 0.92 0.92 
4 27 26 30 28  0.217 0.92 0.92 
4 25 24 29 31  0.217 0.92 0.92 
4 29 28 30 31  0.217 0.92 0.92 
4 25 32 33 26  0.217 0.92 0.92 
4 26 33 34 30  0.217 0.92 0.92 
4 33 32 35 34  0.217 0.92 0.92 
4 32 25 31 35  0.217 0.92 0.92 
4 31 30 34 35  0.217 0.92 0.92 
4 36 37 38 39  0.217 0.92 0.92 
4 36 39 40 41  0.217 0.92 0.92 
4 37 36 41 42  0.217 0.92 0.92 
4 41 40 43 42  0.217 0.92 0.92 
4 37 44 45 38  0.217 0.92 0.92 
4 45 44 46 47  0.217 0.92 0.92 
4 44 37 42 46  0.217 0.92 0.92 
4 42 43 47 46  0.217 0.92 0.92 
4 48 49 50 51  0.217 0.92 0.92 
4 48 51 52 53  0.217 0.92 0.92 
4 51 50 54 52  0.217 0.92 0.92 
4 49 55 56 50  0.217 0.92 0.92 
4 50 56 57 54  0.217 0.92 0.92 
4 56 55 58 57  0.217 0.92 0.92 
4 59 60 61 62  0.217 0.92 0.92 
4 59 62 63 3  0.217 0.92 0.92 
4 62 61 64 63  0.217 0.92 0.92 
4 60 59 3 2  0.217 0.92 0.92 
4 60 65 66 61  0.217 0.92 0.92 
4 61 66 67 64  0.217 0.92 0.92 
4 66 65 9 67  0.217 0.92 0.92 
4 65 60 2 9  0.217 0.92 0.92 
4 3 63 68 4  0.217 0.92 0.92 
4 63 64 49 48  0.217 0.92 0.92 
4 63 48 53 68  0.217 0.92 0.92 
4 64 67 55 49  0.217 0.92 0.92 
4 55 67 69 58  0.217 0.92 0.92 
4 67 9 11 69  0.217 0.92 0.92 
4 53 52 70 71  0.217 0.92 0.92 
4 52 54 72 73  0.217 0.92 0.92 
4 52 73 74 70  0.217 0.92 0.92 
4 73 72 75 74  0.217 0.92 0.92 
4 54 57 76 72  0.217 0.92 0.92 
4 72 76 77 75  0.217 0.92 0.92 
4 76 57 78 77  0.217 0.92 0.92 
4 57 58 79 78  0.217 0.92 0.92 
4 71 70 80 81  0.217 0.92 0.92 
4 81 80 82 83  0.217 0.92 0.92 
4 70 74 84 80  0.217 0.92 0.92 
4 80 84 85 82  0.217 0.92 0.92 
4 77 78 86 87  0.217 0.92 0.92 
4 82 85 87 86  0.217 0.92 0.92 
4 78 79 88 86  0.217 0.92 0.92 
4 83 82 86 88  0.217 0.92 0.92 
4 4 68 89 90  0.217 0.92 0.92 
4 7 4 90 91  0.217 0.92 0.92 
4 68 53 71 89  0.217 0.92 0.92 
4 58 69 92 79  0.217 0.92 0.92 
4 69 11 93 92  0.217 0.92 0.92 
4 11 7 91 93  0.217 0.92 0.92 
4 90 89 94 95  0.217 0.92 0.92 
4 91 90 95 96  0.217 0.92 0.92 
4 95 94 97 96  0.217 0.92 0.92 
4 89 71 81 94  0.217 0.92 0.92 
4 94 81 83 97  0.217 0.92 0.92 
4 79 92 98 88  0.217 0.92 0.92 
4 97 83 88 98  0.217 0.92 0.92 
4 92 93 99 98  0.217 0.92 0.92 
4 93 91 96 99  0.217 0.92 0.92 
4 96 97 98 99  0.217 0.92 0.92 
4 100 101 102 103  0.217 0.92 0.92 
4 100 103 104 105  0.217 0.92 0.92 
4 103 102 106 107  0.217 0.92 0.92 
4 103 107 108 104  0.217 0.92 0.92 
4 102 109 110 106  0.217 0.92 0.92 
4 110 109 111 112  0.217 0.92 0.92 
4 101 113 109 102  0.217 0.92 0.92 
4 109 113 114 111  0.217 0.92 0.92 
4 105 104 115 116  0.217 0.92 0.92 
4 104 108 117 115  0.217 0.92 0.92 
4 108 118 119 117  0.217 0.92 0.92 
4 115 117 119 120  0.217 0.92 0.92 
4 118 112 121 119  0.217 0.92 0.92 
4 112 111 122 121  0.217 0.92 0.92 
4 120 119 121 122  0.217 0.92 0.92 
4 111 114 123 122  0.217 0.92 0.92 
4 124 125 126 127  0.217 0.92 0.92 
4 124 127 128 129  0.217 0.92 0.92 
4 125 124 129 130  0.217 0.92 0.92 
4 127 126 101 100  0.217 0.92 0.92 
4 127 100 105 128  0.217 0.92 0.92 
4 126 131 113 101  0.217 0.92 0.92 
4 113 131 132 114  0.217 0.92 0.92 
4 125 133 131 126  0.217 0.92 0.92 
4 131 133 134 132  0.217 0.92 0.92 
4 133 125 130 134  0.217 0.92 0.92 
4 129 128 135 39  0.217 0.92 0.92 
4 130 129 39 38  0.217 0.92 0.92 
4 128 105 116 135  0.217 0.92 0.92 
4 114 132 136 123  0.217 0.92 0.92 
4 132 134 45 136  0.217 0.92 0.92 
4 134 130 38 45  0.217 0.92 0.92 
4 116 115 137 138  0.217 0.92 0.92 
4 115 120 139 137  0.217 0.92 0.92 
4 138 137 139 140  0.217 0.92 0.92 
4 120 122 141 139  0.217 0.92 0.92 
4 122 123 142 141  0.217 0.92 0.92 
4 140 139 141 142  0.217 0.92 0.92 
4 39 135 143 40  0.217 0.92 0.92 
4 135 116 138 143  0.217 0.92 0.92 
4 143 138 140 144  0.217 0.92 0.92 
4 123 136 145 142  0.217 0.92 0.92 
4 144 140 142 145  0.217 0.92 0.92 
4 136 45 47 145  0.217 0.92 0.92 
4 40 143 146 147  0.217 0.92 0.92 
4 143 144 148 146  0.217 0.92 0.92 
4 43 40 147 149  0.217 0.92 0.92 
4 147 146 148 149  0.217 0.92 0.92 
4 144 145 150 148  0.217 0.92 0.92 
4 145 47 151 150  0.217 0.92 0.92 
4 47 43 149 151  0.217 0.92 0.92 
4 149 148 150 151  0.217 0.92 0.92 
4 152 153 154 155  0.217 0.92 0.92 
4 152 155 156 157  0.217 0.92 0.92 
4 155 154 158 156  0.217 0.92 0.92 
4 153 152 157 159  0.217 0.92 0.92 
4 153 160 161 154  0.217 0.92 0.92 
4 154 161 162 158  0.217 0.92 0.92 
4 160 153 159 163  0.217 0.92 0.92 
4 164 165 166 160  0.217 0.92 0.92 
4 164 160 163 167  0.217 0.92 0.92 
4 160 166 168 161  0.217 0.92 0.92 
4 161 168 169 162  0.217 0.92 0.92 
4 166 170 171 168  0.217 0.92 0.92 
4 168 171 172 169  0.217 0.92 0.92 
4 171 170 173 172  0.217 0.92 0.92 
4 165 174 170 166  0.217 0.92 0.92 
4 170 174 175 173  0.217 0.92 0.92 
4 74 75 176 177  0.217 0.92 0.92 
4 74 177 178 84  0.217 0.92 0.92 
4 177 176 165 164  0.217 0.92 0.92 
4 177 164 167 178  0.217 0.92 0.92 
4 176 179 174 165  0.217 0.92 0.92 
4 174 179 180 175  0.217 0.92 0.92 
4 75 77 179 176  0.217 0.92 0.92 
4 179 77 87 180  0.217 0.92 0.92 
4 181 182 159 157  0.217 0.92 0.92 
4 181 157 183 184  0.217 0.92 0.92 
4 182 181 184 185  0.217 0.92 0.92 
4 157 156 186 183  0.217 0.92 0.92 
4 158 162 187 188  0.217 0.92 0.92 
4 182 167 163 159  0.217 0.92 0.92 
4 167 182 185 189  0.217 0.92 0.92 
4 184 183 190 191  0.217 0.92 0.92 
4 185 184 191 192  0.217 0.92 0.92 
4 183 186 193 190  0.217 0.92 0.92 
4 189 185 192 194  0.217 0.92 0.92 
4 172 173 195 196  0.217 0.92 0.92 
4 173 175 197 195  0.217 0.92 0.92 
4 198 189 194 199  0.217 0.92 0.92 
4 194 200 201 199  0.217 0.92 0.92 
4 187 202 203 204  0.217 0.92 0.92 
4 200 204 203 201  0.217 0.92 0.92 
4 202 196 205 203  0.217 0.92 0.92 
4 196 195 206 205  0.217 0.92 0.92 
4 201 203 205 206  0.217 0.92 0.92 
4 195 197 207 206  0.217 0.92 0.92 
4 197 198 199 207  0.217 0.92 0.92 
4 199 201 206 207  0.217 0.92 0.92 
4 84 178 208 209  0.217 0.92 0.92 
4 85 84 209 210  0.217 0.92 0.92 
4 209 208 211 210  0.217 0.92 0.92 
4 178 167 189 208  0.217 0.92 0.92 
4 208 189 198 211  0.217 0.92 0.92 
4 175 180 212 197  0.217 0.92 0.92 
4 211 198 197 212  0.217 0.92 0.92 
4 180 87 213 212  0.217 0.92 0.92 
4 87 85 210 213  0.217 0.92 0.92 
4 210 211 212 213  0.217 0.92 0.92 
4 191 190 214 215  0.217 0.92 0.92 
4 192 191 215 216  0.217 0.92 0.92 
4 190 193 217 214  0.217 0.92 0.92 
4 204 200 218 219  0.217 0.92 0.92 
4 200 194 220 218  0.217 0.92 0.92 
4 194 192 216 220  0.217 0.92 0.92 
4 215 214 221 222  0.217 0.92 0.92 
4 216 215 222 223  0.217 0.92 0.92 
4 214 217 224 221  0.217 0.92 0.92 
4 219 218 225 226  0.217 0.92 0.92 
4 218 220 227 225  0.217 0.92 0.92 
4 220 216 223 227  0.217 0.92 0.92 
4 222 221 228 229  0.217 0.92 0.92 
4 223 222 229 230  0.217 0.92 0.92 
4 221 224 231 228  0.217 0.92 0.92 
4 226 225 232 233  0.217 0.92 0.92 
4 225 227 234 232  0.217 0.92 0.92 
4 227 223 230 234  0.217 0.92 0.92 
4 229 228 235 236  0.217 0.92 0.92 
4 230 229 236 237  0.217 0.92 0.92 
4 228 231 238 235  0.217 0.92 0.92 
4 233 232 239 240  0.217 0.92 0.92 
4 232 234 241 239  0.217 0.92 0.92 
4 234 230 237 241  0.217 0.92 0.92 
4 236 235 242 243  0.217 0.92 0.92 
4 237 236 243 244  0.217 0.92 0.92 
4 235 238 245 242  0.217 0.92 0.92 
4 241 237 244 246  0.217 0.92 0.92 
4 243 242 247 248  0.217 0.92 0.92 
4 244 243 248 249  0.217 0.92 0.92 
4 248 247 250 249  0.217 0.92 0.92 
4 242 245 251 247  0.217 0.92 0.92 
4 252 253 254 255  0.217 0.92 0.92 
4 246 244 249 256  0.217 0.92 0.92 
4 249 250 257 256  0.217 0.92 0.92 
4 241 258 259 239  0.217 0.92 0.92 
4 258 241 246 260  0.217 0.92 0.92 
4 239 259 261 240  0.217 0.92 0.92 
4 240 261 262 253  0.217 0.92 0.92 
4 259 263 264 261  0.217 0.92 0.92 
4 261 264 265 262  0.217 0.92 0.92 
4 264 263 266 265  0.217 0.92 0.92 
4 258 267 263 259  0.217 0.92 0.92 
4 263 267 268 266  0.217 0.92 0.92 
4 267 258 260 268  0.217 0.92 0.92 
4 265 266 269 270  0.217 0.92 0.92 
4 266 268 271 269  0.217 0.92 0.92 
4 272 273 274 275  0.217 0.92 0.92 
4 272 275 276 107  0.217 0.92 0.92 
4 273 272 107 106  0.217 0.92 0.92 
4 275 274 260 246  0.217 0.92 0.92 
4 275 246 256 276  0.217 0.92 0.92 
4 274 277 268 260  0.217 0.92 0.92 
4 268 277 278 271  0.217 0.92 0.92 
4 273 279 277 274  0.217 0.92 0.92 
4 277 279 110 278  0.217 0.92 0.92 
4 279 273 106 110  0.217 0.92 0.92 
4 247 251 280 281  0.217 0.92 0.92 
4 251 255 282 280  0.217 0.92 0.92 
4 250 247 281 283  0.217 0.92 0.92 
4 281 280 282 283  0.217 0.92 0.92 
4 255 254 284 282  0.217 0.92 0.92 
4 257 250 283 285  0.217 0.92 0.92 
4 283 282 284 285  0.217 0.92 0.92 
4 256 257 285 286  0.217 0.92 0.92 
4 286 285 287 288  0.217 0.92 0.92 
4 254 289 290 284  0.217 0.92 0.92 
4 285 284 290 287  0.217 0.92 0.92 
4 289 270 291 290  0.217 0.92 0.92 
4 270 269 292 291  0.217 0.92 0.92 
4 287 290 291 292  0.217 0.92 0.92 
4 269 271 293 292  0.217 0.92 0.92 
4 288 287 292 293  0.217 0.92 0.92 
4 107 276 294 108  0.217 0.92 0.92 
4 108 294 295 118  0.217 0.92 0.92 
4 276 256 286 294  0.217 0.92 0.92 
4 294 286 288 295  0.217 0.92 0.92 
4 271 278 296 293  0.217 0.92 0.92 
4 295 288 293 296  0.217 0.92 0.92 
4 278 110 112 296  0.217 0.92 0.92 
4 118 295 296 112  0.217 0.92 0.92 
4 156 158 297 298  0.217 0.92 0.92 
4 156 298 299 186  0.217 0.92 0.92 
4 298 297 300 299  0.217 0.92 0.92 
4 297 158 188 300  0.217 0.92 0.92 
4 186 299 301 193  0.217 0.92 0.92 
4 299 300 302 301  0.217 0.92 0.92 
4 188 187 303 300  0.217 0.92 0.92 
4 300 303 304 302  0.217 0.92 0.92 
4 303 187 204 304  0.217 0.92 0.92 
4 162 169 305 306  0.217 0.92 0.92 
4 162 306 303 187  0.217 0.92 0.92 
4 306 305 307 303  0.217 0.92 0.92 
4 187 303 307 202  0.217 0.92 0.92 
4 169 172 308 305  0.217 0.92 0.92 
4 305 308 309 307  0.217 0.92 0.92 
4 308 172 196 309  0.217 0.92 0.92 
4 202 307 309 196  0.217 0.92 0.92 
4 193 301 310 217  0.217 0.92 0.92 
4 301 302 311 312  0.217 0.92 0.92 
4 301 312 313 310  0.217 0.92 0.92 
4 312 311 314 313  0.217 0.92 0.92 
4 310 313 314 315  0.217 0.92 0.92 
4 302 304 316 311  0.217 0.92 0.92 
4 311 316 317 314  0.217 0.92 0.92 
4 315 314 317 318  0.217 0.92 0.92 
4 217 310 319 224  0.217 0.92 0.92 
4 310 315 320 319  0.217 0.92 0.92 
4 315 318 321 320  0.217 0.92 0.92 
4 322 323 324 325  0.217 0.92 0.92 
4 322 325 326 327  0.217 0.92 0.92 
4 323 322 327 328  0.217 0.92 0.92 
4 327 326 329 328  0.217 0.92 0.92 
4 323 330 331 324  0.217 0.92 0.92 
4 324 331 332 329  0.217 0.92 0.92 
4 330 323 328 333  0.217 0.92 0.92 
4 328 329 332 333  0.217 0.92 0.92 
4 330 334 335 331  0.217 0.92 0.92 
4 335 334 336 337  0.217 0.92 0.92 
4 334 330 333 336  0.217 0.92 0.92 
4 333 332 337 336  0.217 0.92 0.92 
4 204 203 338 304  0.217 0.92 0.92 
4 338 203 339 340  0.217 0.92 0.92 
4 203 204 219 339  0.217 0.92 0.92 
4 304 338 341 316  0.217 0.92 0.92 
4 316 341 342 317  0.217 0.92 0.92 
4 341 338 340 342  0.217 0.92 0.92 
4 318 317 342 340  0.217 0.92 0.92 
4 318 340 343 321  0.217 0.92 0.92 
4 340 339 344 343  0.217 0.92 0.92 
4 339 219 226 344  0.217 0.92 0.92 
4 224 319 345 231  0.217 0.92 0.92 
4 319 320 346 345  0.217 0.92 0.92 
4 320 321 347 346  0.217 0.92 0.92 
4 231 345 348 238  0.217 0.92 0.92 
4 345 346 349 350  0.217 0.92 0.92 
4 345 350 351 348  0.217 0.92 0.92 
4 350 349 352 351  0.217 0.92 0.92 
4 348 351 352 353  0.217 0.92 0.92 
4 346 347 354 349  0.217 0.92 0.92 
4 349 354 355 352  0.217 0.92 0.92 
4 353 352 355 356  0.217 0.92 0.92 
4 357 358 359 360  0.217 0.92 0.92 
4 357 360 361 362  0.217 0.92 0.92 
4 358 357 362 363  0.217 0.92 0.92 
4 362 361 364 363  0.217 0.92 0.92 
4 358 365 366 359  0.217 0.92 0.92 
4 359 366 367 364  0.217 0.92 0.92 
4 365 358 363 368  0.217 0.92 0.92 
4 363 364 367 368  0.217 0.92 0.92 
4 365 369 370 366  0.217 0.92 0.92 
4 370 369 371 372  0.217 0.92 0.92 
4 369 365 368 371  0.217 0.92 0.92 
4 368 367 372 371  0.217 0.92 0.92 
4 321 343 373 347  0.217 0.92 0.92 
4 343 344 374 373  0.217 0.92 0.92 
4 344 226 233 374  0.217 0.92 0.92 
4 373 374 261 375  0.217 0.92 0.92 
4 374 233 240 261  0.217 0.92 0.92 
4 240 356 375 261  0.217 0.92 0.92 
4 347 373 376 354  0.217 0.92 0.92 
4 354 376 377 355  0.217 0.92 0.92 
4 376 373 375 377  0.217 0.92 0.92 
4 356 355 377 375  0.217 0.92 0.92 
4 238 348 378 245  0.217 0.92 0.92 
4 348 353 379 378  0.217 0.92 0.92 
4 353 356 380 379  0.217 0.92 0.92 
4 356 240 253 380  0.217 0.92 0.92 
4 252 379 380 253  0.217 0.92 0.92 
4 245 378 381 251  0.217 0.92 0.92 
4 378 379 382 381  0.217 0.92 0.92 
4 379 252 255 382  0.217 0.92 0.92 
4 251 381 382 255  0.217 0.92 0.92 
4 253 262 383 380  0.217 0.92 0.92 
4 253 380 384 254  0.217 0.92 0.92 
4 380 383 385 384  0.217 0.92 0.92 
4 254 384 385 289  0.217 0.92 0.92 
4 262 265 386 383  0.217 0.92 0.92 
4 383 386 387 385  0.217 0.92 0.92 
4 386 265 270 387  0.217 0.92 0.92 
4 289 385 387 270  0.217 0.92 0.92 
4 325 324 388 389  0.217 0.92 0.92 
4 325 389 390 326  0.217 0.92 0.92 
4 388 324 329 391  0.217 0.92 0.92 
4 326 390 391 329  0.217 0.92 0.92 
4 389 388 392 393  0.217 0.92 0.92 
4 389 393 394 390  0.217 0.92 0.92 
4 393 392 395 394  0.217 0.92 0.92 
4 388 396 397 392  0.217 0.92 0.92 
4 392 397 398 395  0.217 0.92 0.92 
4 397 396 399 398  0.217 0.92 0.92 
4 396 388 391 399  0.217 0.92 0.92 
4 390 394 400 401  0.217 0.92 0.92 
4 394 395 402 400  0.217 0.92 0.92 
4 391 390 401 403  0.217 0.92 0.92 
4 395 398 404 402  0.217 0.92 0.92 
4 398 399 405 404  0.217 0.92 0.92 
4 399 391 403 405  0.217 0.92 0.92 
4 331 335 406 396  0.217 0.92 0.92 
4 331 396 399 332  0.217 0.92 0.92 
4 396 406 407 399  0.217 0.92 0.92 
4 406 335 337 407  0.217 0.92 0.92 
4 332 399 405 408  0.217 0.92 0.92 
4 399 407 409 405  0.217 0.92 0.92 
4 407 337 410 409  0.217 0.92 0.92 
4 337 332 408 410  0.217 0.92 0.92 
4 401 400 411 412  0.217 0.92 0.92 
4 400 402 413 411  0.217 0.92 0.92 
4 403 401 412 414  0.217 0.92 0.92 
4 402 404 415 413  0.217 0.92 0.92 
4 416 408 405 403  0.217 0.92 0.92 
4 416 403 414 359  0.217 0.92 0.92 
4 408 416 359 366  0.217 0.92 0.92 
4 359 414 417 366  0.217 0.92 0.92 
4 360 359 414 412  0.217 0.92 0.92 
4 360 412 418 361  0.217 0.92 0.92 
4 414 359 364 419  0.217 0.92 0.92 
4 361 418 419 364  0.217 0.92 0.92 
4 412 411 420 418  0.217 0.92 0.92 
4 411 413 421 420  0.217 0.92 0.92 
4 418 420 421 419  0.217 0.92 0.92 
4 413 415 422 421  0.217 0.92 0.92 
4 417 414 419 423  0.217 0.92 0.92 
4 419 421 422 423  0.217 0.92 0.92 
4 409 410 370 424  0.217 0.92 0.92 
4 410 408 366 370  0.217 0.92 0.92 
4 405 409 425 404  0.217 0.92 0.92 
4 404 425 426 415  0.217 0.92 0.92 
4 425 409 424 426  0.217 0.92 0.92 
4 366 417 423 367  0.217 0.92 0.92 
4 424 370 372 427  0.217 0.92 0.92 
4 367 423 427 372  0.217 0.92 0.92 
4 415 426 428 422  0.217 0.92 0.92 
4 426 424 427 428  0.217 0.92 0.92 
4 423 422 428 427  0.217 0.92 0.92 
