OFF
434 438 0

0 -28.28 -7.15475
4.04 -28.28 -7.15475
4.04 -29.6072 -4.3472
0 -28.28 -3.11475
0 -24.24 -3.11475
0 -24.24 -7.15475
4.04 -24.2166 -7.1501
4.04 -23.2599 -4.0251
8.08 -28.28 -7.15475
8.08 -28.28 -3.11475
8.08 -24.24 -7.15475
8.08 -24.24 -3.11475
0 -20.2 -11.1948
4.03984 -20.1728 -11.4583
4.04 -20.2 -7.15475
0 -20.2 -7.15475
0 -16.16 -7.15475
0 -16.16 -11.1948
4.04 -16.16 -11.1948
4.03989 -15.8404 -7.20731
4.04 -20.2 -3.11475
0 -20.2 -3.11475
0 -16.16 -3.11475
4.04 -15.785 -3.11475
8.08 -20.2 -7.15475
8.08 -20.2 -3.11475
8.08 -16.16 -7.15475
8.08 -16.16 -3.11475
8.08 -20.2 -11.1948
8.08 -16.16 -11.1948
0 16.16 -11.1948
4.04 16.16 -11.1948
4.03989 15.8404 -7.20731
0 16.16 -7.15475
0 20.2 -7.15475
0 20.2 -11.1948
4.03984 20.1728 -11.4583
4.04 20.2 -7.15475
4.04 15.785 -3.11475
0 16.16 -3.11475
0 20.2 -3.11475
4.04 20.2 -3.11475
8.08 16.16 -7.15475
8.08 16.16 -3.11475
8.08 20.2 -7.15475
8.08 20.2 -3.11475
8.08 16.16 -11.1948
8.08 20.2 -11.1948
0 24.24 -7.15475
4.04 24.2166 -7.15008
4.04 23.2599 -4.0251
0 24.24 -3.11475
0 28.28 -3.11475
0 28.28 -7.15475
4.04 28.28 -7.15475
4.04 29.6072 -4.3472
8.08 24.24 -7.15475
8.08 24.24 -3.11475
8.08 28.28 -7.15475
8.08 28.28 -3.11475
0 -28.28 4.96525
4.04023 -28.3843 5.06126
4.04 -28.28 9.00525
0 -28.28 9.00525
0 -24.24 9.00525
0 -24.24 4.96525
4.03788 -25.1098 9.54025
8.08 -28.28 4.96525
8.08 -28.28 9.00525
8.08 -24.24 9.00525
8.08 -24.24 4.96525
0 -32.32 -3.11475
4.04 -32.32 -3.11475
4.04001 -32.3335 0.929203
0 -32.32 0.92525
0 -28.28 0.92525
4.03373 -30.234 3.25485
8.08 -32.32 -3.11475
8.08 -32.32 0.92525
8.08 -28.28 0.92525
0 -24.24 0.92525
8.08 -24.24 0.92525
0 -20.2 9.00525
0 -20.2 4.96525
4.04 -24.24 13.0452
0 -24.24 13.0452
0 -20.2 13.0452
4.03496 -23.1165 13.9548
8.08 -24.24 13.0452
8.08 -20.2 13.0452
8.08 -20.2 9.00525
8.08 -20.2 4.96525
0 -16.16 9.00525
0 -16.16 4.96525
4.04 -15.1377 8.73131
4.04 -15.785 4.96525
0 -16.16 13.0452
4.04 -14.1276 12.5007
8.08 -16.16 9.00525
8.08 -16.16 13.0452
8.08 -16.16 4.96525
0 -20.2 0.92525
8.08 -20.2 0.92525
0 -16.16 0.92525
4.04 -15.785 0.92525
8.08 -16.16 0.92525
0 16.16 4.96525
4.04 15.785 4.96525
4.04 15.1377 8.73131
0 16.16 9.00525
0 20.2 9.00525
0 20.2 4.96525
4.04 14.1276 12.5007
0 16.16 13.0452
0 20.2 13.0452
8.08 16.16 9.00525
8.08 16.16 13.0452
8.08 20.2 9.00525
8.08 20.2 13.0452
8.08 16.16 4.96525
8.08 20.2 4.96525
0 24.24 9.00525
0 24.24 4.96525
0 24.24 13.0452
4.03369 23.1253 13.9314
4.04 24.24 13.0452
4.03831 25.1125 9.53194
8.08 24.24 13.0452
8.08 24.24 9.00525
8.08 24.24 4.96525
4.04 15.785 0.92525
0 16.16 0.92525
0 20.2 0.92525
8.08 16.16 0.92525
8.08 20.2 0.92525
0 24.24 0.92525
8.08 24.24 0.92525
0 28.28 9.00525
0 28.28 4.96525
4.04 28.28 9.00525
4.04023 28.3843 5.06126
8.08 28.28 9.00525
8.08 28.28 4.96525
0 28.28 0.92525
4.035 30.251 3.23654
8.08 28.28 0.92525
0 32.32 0.92525
0 32.32 -3.11475
4.04001 32.3335 0.929203
4.04 32.32 -3.11475
8.08 32.32 0.92525
8.08 32.32 -3.11475
-8.08 -20.2 25.1653
-4.04 -20.2 25.1653
-4.04 -20.2 29.2052
-8.08 -20.2 29.2052
-8.08 -16.16 29.2052
-8.08 -16.16 25.1653
-4.04085 -17.4398 30.784
-4.04135 -18.638 23.5542
0 -20.2 25.1653
0 -20.2 29.2052
-0.000853033 -17.4409 30.7853
0 -18.6035 23.5053
0 -20.2 21.1253
4.04 -21.0716 21.3588
4.04 -20.2 25.1653
0 -16.16 21.1253
4.04 -20.2 29.2052
4.04091 -17.4975 30.7391
8.08 -20.2 25.1653
8.08 -20.2 29.2052
8.08 -16.16 29.2052
8.08 -16.16 25.1653
8.08 -20.2 21.1253
8.08 -16.16 21.1253
4.04 -22.0816 17.5894
0 -20.2 17.0852
0 -16.16 17.0852
8.08 -20.2 17.0852
8.08 -16.16 17.0852
-8.08 -16.16 21.1253
-4.04 -16.16 21.1253
-8.08 -12.12 25.1653
-8.08 -12.12 21.1253
-4.04 -12.12 21
-8.08 -12.12 29.2052
0 -12.12 32
-4.04 -12.12 32
0 -12.12 21
-8.08 -8.08 25.1653
-8.08 -8.08 21.1253
-4.04 -8.08 21
-8.08 -8.08 29.2052
0 -8.08 21
8.08 -12.12 25.1653
8.08 -12.12 29.2052
8.08 -12.12 21.1253
4.04 -11.2501 20.5725
4.04 -8.08 21.1253
4.0369 -10.7833 30.9551
4.04 -8.08 29.2052
2 -8.08 29.2052
2 -8.08 25.1653
4.04 -8.08 25.1653
8.08 -8.08 29.2052
8.08 -8.08 25.1653
8.08 -8.08 21.1253
0 -12.12 17.0852
0 -12.12 13.0452
4.04 -12.12 13.0452
4.04 -12.12 17.0852
8.08 -12.12 17.0852
8.08 -12.12 13.0452
-8.08 -4.04 25.1653
-8.08 -4.04 21.1253
-4.04 -4.04 21
-8.08 -4.04 29.2052
2 -4.04 25.1653
2 -4.04 29.2052
0 -4.04 21
-8.08 0 25.1653
-8.08 0 21.1253
-4.04 0 21
-8.08 0 29.2052
2 0 25.1653
2 0 29.2052
0 0 21
4.04 -4.04 25.1653
4.04 -4.04 21.1253
4.04 0 25.1653
4.04 0 21.1253
-8.08 4.04 25.1653
-8.08 4.04 21.1253
-4.04 4.04 21
-8.08 4.04 29.2052
2 4.04 25.1653
2 4.04 29.2052
0 4.04 21
-8.08 8.08 25.1653
-8.08 8.08 21.1253
-4.04 8.08 21
-8.08 8.08 29.2052
2 8.08 25.1653
2 8.08 29.2052
0 8.08 21
4.04 4.04 25.1653
4.04 4.04 21.1253
4.04 8.08 25.1653
4.04 8.08 21.1253
-8.08 12.12 25.1653
-8.08 12.12 21.1253
-4.04 12.12 21
-8.08 12.12 29.2052
0 12.12 21
-8.08 16.16 25.1653
-8.08 16.16 21.1253
-4.04 16.16 21.1253
-4.04135 18.638 23.5542
-8.08 16.16 29.2052
-4.04 12.12 32
0 12.12 32
-0.000853033 17.4409 30.7853
-4.04085 17.4398 30.784
0 16.16 21.1253
0 18.6035 23.5053
4.04 11.2501 20.5725
4.04 8.08 29.2052
4.0369 10.7833 30.9551
8.08 8.08 25.1653
8.08 8.08 29.2052
8.08 12.12 29.2052
8.08 12.12 25.1653
8.08 8.08 21.1253
8.08 12.12 21.1253
8.08 16.16 25.1653
8.08 16.16 29.2052
8.08 16.16 21.1253
0 12.12 13.0452
4.04 12.12 13.0452
4.04 12.12 17.0852
0 12.12 17.0852
0 16.16 17.0852
8.08 12.12 17.0852
8.08 16.16 17.0852
8.08 12.12 13.0452
-8.08 20.2 29.2052
-8.08 20.2 25.1653
-4.04 20.2 29.2052
-4.04 20.2 25.1653
0 20.2 29.2052
0 20.2 25.1653
0 20.2 21.1253
4.04 20.2 25.1653
4.04 21.0716 21.3588
4.04091 17.4975 30.7391
4.04 20.2 29.2052
8.08 20.2 29.2052
8.08 20.2 25.1653
8.08 20.2 21.1253
0 20.2 17.0852
4.04 22.0816 17.5894
8.08 20.2 17.0852
-4.04 -16.16 33.2452
-8.08 -16.16 33.2452
-8.08 -12.12 33.2452
-4.04 -12.12 33.2452
-8.08 -8.08 33.2452
-4.04 -8.08 33.2452
0 -12.12 33.2452
0 -8.08 33.2452
4.04 -16.16 33.2452
0 -16.16 33.2452
4.04 -12.12 33.2452
8.08 -16.16 33.2452
8.08 -12.12 33.2452
-8.08 -4.04 33.2452
-4.04 -8.08 37.2852
-8.08 -8.08 37.2852
-8.08 -4.04 37.2852
-4.04 -4.04 37.2852
-4.03999 -3.57644 33.9917
0 -8.08 37.2852
0 -4.04 37.2852
-5.21133e-06 -3.57632 33.9916
-8.08 0 33.2452
-4.04 0 33.2452
0 0 33.2452
-8.08 -8.08 41.3252
-4.04 -8.5 41.3252
-4.04 -8.5 45.3653
-8.08 -8.08 45.3653
-8.08 -4.04 45.3653
-8.08 -4.04 41.3252
-4.04 -4.04 41.3252
-4.04 -4.04 45.3653
0 -8.5 41.3252
0 -8.5 45.3653
0 -4.04 45.3653
0 -4.04 41.3252
4.04 -8.08 41.3252
4.04 -8.08 45.3653
4.04 -4.04 41.3252
4.04 -4.04 45.3653
4.04 -8.08 33.2452
4.04 -4.04 29.2052
4.04 -4.04 33.2452
4.04 -8.08 37.2852
4.04 -4.04 37.2852
4.04 0 33.2452
4.04 0 29.2052
-8.08 4.04 33.2452
-4.04 3.57633 33.9916
-3.24717e-06 3.57632 33.9916
-8.08 8.08 33.2452
-4.04 4.04 37.2852
-8.08 4.04 37.2852
-8.08 8.08 37.2852
-4.04 8.08 37.2852
-4.04 8.08 33.2452
0 4.04 37.2852
0 8.08 37.2852
0 8.08 33.2452
-8.08 4.04 41.3252
-4.04 4.04 41.3252
-4.04 4.04 45.3653
-8.08 4.04 45.3653
-8.08 8.08 45.3653
-8.08 8.08 41.3252
-4.04 8.5 41.3252
-4.04 8.5 45.3653
0 4.04 41.3252
0 4.04 45.3653
0 8.5 41.3252
0 8.5 45.3653
4.04 4.04 41.3252
4.04 4.04 45.3653
4.04 8.08 41.3252
4.04 8.08 45.3653
4.04 4.04 33.2452
4.04 4.04 29.2052
4.04 8.08 33.2452
4.04 4.04 37.2852
4.04 8.08 37.2852
-8.08 12.12 33.2452
-4.04 12.12 33.2452
0 12.12 33.2452
-8.08 16.16 33.2452
-4.04 16.16 33.2452
4.04 12.12 33.2452
0 16.16 33.2452
4.04 16.16 33.2452
8.08 12.12 33.2452
8.08 16.16 33.2452
-4.04 -8.08 49.4053
-8.08 -8.08 49.4053
-8.08 -4.04 49.4053
-4.04 -4.04 49.4053
-4.08889 -8.08 53.6276
-8.08 -8.08 53.4453
-8.08 -4.04 53.4453
-4.08889 -4.04 53.6276
-0.318575 -8.07981 49.3467
0 -8.08 53.4453
0 -4.04 53.4453
-0.31625 -4.03981 49.3471
-8.08 0 53.4453
-8.08 0 49.4053
-4.04 0 53.4453
-4.04 0 49.4053
0 0 53.4453
0 0 49.4053
4.04 -8.08 49.4053
4.04 -4.04 49.4053
0 0 45.3653
4.04 0 49.4053
4.04 0 45.3653
-8.08 4.04 53.4453
-8.08 4.04 49.4053
-4.08889 4.04 53.6276
-4.04 4.04 49.4053
0 4.04 53.4453
-4.04 0 45.3653
-8.08 8.08 49.4053
-4.04 8.08 49.4053
-8.08 8.08 53.4453
-4.08889 8.08 53.6276
0 8.08 53.4453
0 8.5 49.4053
4.04 4.04 49.4053
4.04 0 53.4453
4.04 4.04 53.4453
4.04 8.08 49.4053
4.04 8.08 53.4453

4 0 1 2 3  0.217 0.92 0.92 
4 0 3 4 5  0.217 0.92 0.92 
4 1 0 5 6  0.217 0.92 0.92 
4 5 4 7 6  0.217 0.92 0.92 
4 1 8 9 2  0.217 0.92 0.92 
4 9 8 10 11  0.217 0.92 0.92 
4 8 1 6 10  0.217 0.92 0.92 
4 6 7 11 10  0.217 0.92 0.92 
4 12 13 14 15  0.217 0.92 0.92 
4 12 15 16 17  0.217 0.92 0.92 
4 13 12 17 18  0.217 0.92 0.92 
4 17 16 19 18  0.217 0.92 0.92 
4 15 14 20 21  0.217 0.92 0.92 
4 15 21 22 16  0.217 0.92 0.92 
4 16 22 23 19  0.217 0.92 0.92 
4 14 24 25 20  0.217 0.92 0.92 
4 25 24 26 27  0.217 0.92 0.92 
4 19 23 27 26  0.217 0.92 0.92 
4 13 28 24 14  0.217 0.92 0.92 
4 24 28 29 26  0.217 0.92 0.92 
4 28 13 18 29  0.217 0.92 0.92 
4 18 19 26 29  0.217 0.92 0.92 
4 30 31 32 33  0.217 0.92 0.92 
4 30 33 34 35  0.217 0.92 0.92 
4 31 30 35 36  0.217 0.92 0.92 
4 35 34 37 36  0.217 0.92 0.92 
4 33 32 38 39  0.217 0.92 0.92 
4 33 39 40 34  0.217 0.92 0.92 
4 34 40 41 37  0.217 0.92 0.92 
4 32 42 43 38  0.217 0.92 0.92 
4 43 42 44 45  0.217 0.92 0.92 
4 37 41 45 44  0.217 0.92 0.92 
4 31 46 42 32  0.217 0.92 0.92 
4 42 46 47 44  0.217 0.92 0.92 
4 46 31 36 47  0.217 0.92 0.92 
4 36 37 44 47  0.217 0.92 0.92 
4 48 49 50 51  0.217 0.92 0.92 
4 48 51 52 53  0.217 0.92 0.92 
4 49 48 53 54  0.217 0.92 0.92 
4 53 52 55 54  0.217 0.92 0.92 
4 49 56 57 50  0.217 0.92 0.92 
4 57 56 58 59  0.217 0.92 0.92 
4 56 49 54 58  0.217 0.92 0.92 
4 54 55 59 58  0.217 0.92 0.92 
4 60 61 62 63  0.217 0.92 0.92 
4 60 63 64 65  0.217 0.92 0.92 
4 63 62 66 64  0.217 0.92 0.92 
4 61 67 68 62  0.217 0.92 0.92 
4 62 68 69 66  0.217 0.92 0.92 
4 68 67 70 69  0.217 0.92 0.92 
4 71 72 73 74  0.217 0.92 0.92 
4 71 74 75 3  0.217 0.92 0.92 
4 74 73 76 75  0.217 0.92 0.92 
4 72 71 3 2  0.217 0.92 0.92 
4 72 77 78 73  0.217 0.92 0.92 
4 73 78 79 76  0.217 0.92 0.92 
4 78 77 9 79  0.217 0.92 0.92 
4 77 72 2 9  0.217 0.92 0.92 
4 3 75 80 4  0.217 0.92 0.92 
4 75 76 61 60  0.217 0.92 0.92 
4 75 60 65 80  0.217 0.92 0.92 
4 76 79 67 61  0.217 0.92 0.92 
4 67 79 81 70  0.217 0.92 0.92 
4 79 9 11 81  0.217 0.92 0.92 
4 65 64 82 83  0.217 0.92 0.92 
4 64 66 84 85  0.217 0.92 0.92 
4 64 85 86 82  0.217 0.92 0.92 
4 85 84 87 86  0.217 0.92 0.92 
4 66 69 88 84  0.217 0.92 0.92 
4 84 88 89 87  0.217 0.92 0.92 
4 88 69 90 89  0.217 0.92 0.92 
4 69 70 91 90  0.217 0.92 0.92 
4 83 82 92 93  0.217 0.92 0.92 
4 93 92 94 95  0.217 0.92 0.92 
4 82 86 96 92  0.217 0.92 0.92 
4 92 96 97 94  0.217 0.92 0.92 
4 89 90 98 99  0.217 0.92 0.92 
4 94 97 99 98  0.217 0.92 0.92 
4 90 91 100 98  0.217 0.92 0.92 
4 95 94 98 100  0.217 0.92 0.92 
4 4 80 101 21  0.217 0.92 0.92 
4 7 4 21 20  0.217 0.92 0.92 
4 80 65 83 101  0.217 0.92 0.92 
4 70 81 102 91  0.217 0.92 0.92 
4 81 11 25 102  0.217 0.92 0.92 
4 11 7 20 25  0.217 0.92 0.92 
4 21 101 103 22  0.217 0.92 0.92 
4 22 103 104 23  0.217 0.92 0.92 
4 101 83 93 103  0.217 0.92 0.92 
4 103 93 95 104  0.217 0.92 0.92 
4 91 102 105 100  0.217 0.92 0.92 
4 104 95 100 105  0.217 0.92 0.92 
4 102 25 27 105  0.217 0.92 0.92 
4 23 104 105 27  0.217 0.92 0.92 
4 106 107 108 109  0.217 0.92 0.92 
4 106 109 110 111  0.217 0.92 0.92 
4 109 108 112 113  0.217 0.92 0.92 
4 109 113 114 110  0.217 0.92 0.92 
4 108 115 116 112  0.217 0.92 0.92 
4 116 115 117 118  0.217 0.92 0.92 
4 107 119 115 108  0.217 0.92 0.92 
4 115 119 120 117  0.217 0.92 0.92 
4 111 110 121 122  0.217 0.92 0.92 
4 110 114 123 121  0.217 0.92 0.92 
4 114 124 125 123  0.217 0.92 0.92 
4 121 123 125 126  0.217 0.92 0.92 
4 124 118 127 125  0.217 0.92 0.92 
4 118 117 128 127  0.217 0.92 0.92 
4 126 125 127 128  0.217 0.92 0.92 
4 117 120 129 128  0.217 0.92 0.92 
4 39 38 130 131  0.217 0.92 0.92 
4 39 131 132 40  0.217 0.92 0.92 
4 131 130 107 106  0.217 0.92 0.92 
4 131 106 111 132  0.217 0.92 0.92 
4 130 133 119 107  0.217 0.92 0.92 
4 119 133 134 120  0.217 0.92 0.92 
4 38 43 133 130  0.217 0.92 0.92 
4 133 43 45 134  0.217 0.92 0.92 
4 40 132 135 51  0.217 0.92 0.92 
4 41 40 51 50  0.217 0.92 0.92 
4 132 111 122 135  0.217 0.92 0.92 
4 120 134 136 129  0.217 0.92 0.92 
4 134 45 57 136  0.217 0.92 0.92 
4 45 41 50 57  0.217 0.92 0.92 
4 122 121 137 138  0.217 0.92 0.92 
4 121 126 139 137  0.217 0.92 0.92 
4 138 137 139 140  0.217 0.92 0.92 
4 126 128 141 139  0.217 0.92 0.92 
4 128 129 142 141  0.217 0.92 0.92 
4 140 139 141 142  0.217 0.92 0.92 
4 51 135 143 52  0.217 0.92 0.92 
4 135 122 138 143  0.217 0.92 0.92 
4 143 138 140 144  0.217 0.92 0.92 
4 129 136 145 142  0.217 0.92 0.92 
4 144 140 142 145  0.217 0.92 0.92 
4 136 57 59 145  0.217 0.92 0.92 
4 52 143 146 147  0.217 0.92 0.92 
4 143 144 148 146  0.217 0.92 0.92 
4 55 52 147 149  0.217 0.92 0.92 
4 147 146 148 149  0.217 0.92 0.92 
4 144 145 150 148  0.217 0.92 0.92 
4 145 59 151 150  0.217 0.92 0.92 
4 59 55 149 151  0.217 0.92 0.92 
4 149 148 150 151  0.217 0.92 0.92 
4 152 153 154 155  0.217 0.92 0.92 
4 152 155 156 157  0.217 0.92 0.92 
4 155 154 158 156  0.217 0.92 0.92 
4 153 152 157 159  0.217 0.92 0.92 
4 153 160 161 154  0.217 0.92 0.92 
4 154 161 162 158  0.217 0.92 0.92 
4 160 153 159 163  0.217 0.92 0.92 
4 164 165 166 160  0.217 0.92 0.92 
4 164 160 163 167  0.217 0.92 0.92 
4 160 166 168 161  0.217 0.92 0.92 
4 161 168 169 162  0.217 0.92 0.92 
4 166 170 171 168  0.217 0.92 0.92 
4 168 171 172 169  0.217 0.92 0.92 
4 171 170 173 172  0.217 0.92 0.92 
4 165 174 170 166  0.217 0.92 0.92 
4 170 174 175 173  0.217 0.92 0.92 
4 86 87 176 177  0.217 0.92 0.92 
4 86 177 178 96  0.217 0.92 0.92 
4 177 176 165 164  0.217 0.92 0.92 
4 177 164 167 178  0.217 0.92 0.92 
4 176 179 174 165  0.217 0.92 0.92 
4 174 179 180 175  0.217 0.92 0.92 
4 87 89 179 176  0.217 0.92 0.92 
4 179 89 99 180  0.217 0.92 0.92 
4 181 182 159 157  0.217 0.92 0.92 
4 181 157 183 184  0.217 0.92 0.92 
4 182 181 184 185  0.217 0.92 0.92 
4 157 156 186 183  0.217 0.92 0.92 
4 158 162 187 188  0.217 0.92 0.92 
4 182 167 163 159  0.217 0.92 0.92 
4 167 182 185 189  0.217 0.92 0.92 
4 184 183 190 191  0.217 0.92 0.92 
4 185 184 191 192  0.217 0.92 0.92 
4 183 186 193 190  0.217 0.92 0.92 
4 189 185 192 194  0.217 0.92 0.92 
4 172 173 195 196  0.217 0.92 0.92 
4 173 175 197 195  0.217 0.92 0.92 
4 198 189 194 199  0.217 0.92 0.92 
4 187 200 201 202  0.217 0.92 0.92 
4 203 202 201 204  0.217 0.92 0.92 
4 200 196 205 201  0.217 0.92 0.92 
4 196 195 206 205  0.217 0.92 0.92 
4 204 201 205 206  0.217 0.92 0.92 
4 195 197 207 206  0.217 0.92 0.92 
4 197 198 199 207  0.217 0.92 0.92 
4 199 204 206 207  0.217 0.92 0.92 
4 96 178 208 209  0.217 0.92 0.92 
4 97 96 209 210  0.217 0.92 0.92 
4 209 208 211 210  0.217 0.92 0.92 
4 178 167 189 208  0.217 0.92 0.92 
4 208 189 198 211  0.217 0.92 0.92 
4 175 180 212 197  0.217 0.92 0.92 
4 211 198 197 212  0.217 0.92 0.92 
4 180 99 213 212  0.217 0.92 0.92 
4 99 97 210 213  0.217 0.92 0.92 
4 210 211 212 213  0.217 0.92 0.92 
4 191 190 214 215  0.217 0.92 0.92 
4 192 191 215 216  0.217 0.92 0.92 
4 190 193 217 214  0.217 0.92 0.92 
4 202 203 218 219  0.217 0.92 0.92 
4 194 192 216 220  0.217 0.92 0.92 
4 215 214 221 222  0.217 0.92 0.92 
4 216 215 222 223  0.217 0.92 0.92 
4 214 217 224 221  0.217 0.92 0.92 
4 219 218 225 226  0.217 0.92 0.92 
4 220 216 223 227  0.217 0.92 0.92 
4 203 204 228 218  0.217 0.92 0.92 
4 204 199 229 228  0.217 0.92 0.92 
4 199 194 220 229  0.217 0.92 0.92 
4 218 228 230 225  0.217 0.92 0.92 
4 228 229 231 230  0.217 0.92 0.92 
4 229 220 227 231  0.217 0.92 0.92 
4 222 221 232 233  0.217 0.92 0.92 
4 223 222 233 234  0.217 0.92 0.92 
4 221 224 235 232  0.217 0.92 0.92 
4 226 225 236 237  0.217 0.92 0.92 
4 227 223 234 238  0.217 0.92 0.92 
4 233 232 239 240  0.217 0.92 0.92 
4 234 233 240 241  0.217 0.92 0.92 
4 232 235 242 239  0.217 0.92 0.92 
4 237 236 243 244  0.217 0.92 0.92 
4 238 234 241 245  0.217 0.92 0.92 
4 225 230 246 236  0.217 0.92 0.92 
4 230 231 247 246  0.217 0.92 0.92 
4 231 227 238 247  0.217 0.92 0.92 
4 236 246 248 243  0.217 0.92 0.92 
4 246 247 249 248  0.217 0.92 0.92 
4 247 238 245 249  0.217 0.92 0.92 
4 240 239 250 251  0.217 0.92 0.92 
4 241 240 251 252  0.217 0.92 0.92 
4 239 242 253 250  0.217 0.92 0.92 
4 245 241 252 254  0.217 0.92 0.92 
4 251 250 255 256  0.217 0.92 0.92 
4 252 251 256 257  0.217 0.92 0.92 
4 256 255 258 257  0.217 0.92 0.92 
4 250 253 259 255  0.217 0.92 0.92 
4 260 261 262 263  0.217 0.92 0.92 
4 254 252 257 264  0.217 0.92 0.92 
4 257 258 265 264  0.217 0.92 0.92 
4 249 245 254 266  0.217 0.92 0.92 
4 243 248 267 244  0.217 0.92 0.92 
4 244 267 268 261  0.217 0.92 0.92 
4 248 269 270 267  0.217 0.92 0.92 
4 267 270 271 268  0.217 0.92 0.92 
4 270 269 272 271  0.217 0.92 0.92 
4 249 273 269 248  0.217 0.92 0.92 
4 269 273 274 272  0.217 0.92 0.92 
4 273 249 266 274  0.217 0.92 0.92 
4 271 272 275 276  0.217 0.92 0.92 
4 272 274 277 275  0.217 0.92 0.92 
4 278 279 280 281  0.217 0.92 0.92 
4 278 281 282 113  0.217 0.92 0.92 
4 279 278 113 112  0.217 0.92 0.92 
4 281 280 266 254  0.217 0.92 0.92 
4 281 254 264 282  0.217 0.92 0.92 
4 280 283 274 266  0.217 0.92 0.92 
4 274 283 284 277  0.217 0.92 0.92 
4 279 285 283 280  0.217 0.92 0.92 
4 283 285 116 284  0.217 0.92 0.92 
4 285 279 112 116  0.217 0.92 0.92 
4 255 259 286 287  0.217 0.92 0.92 
4 259 263 288 286  0.217 0.92 0.92 
4 258 255 287 289  0.217 0.92 0.92 
4 287 286 288 289  0.217 0.92 0.92 
4 263 262 290 288  0.217 0.92 0.92 
4 265 258 289 291  0.217 0.92 0.92 
4 289 288 290 291  0.217 0.92 0.92 
4 264 265 291 292  0.217 0.92 0.92 
4 292 291 293 294  0.217 0.92 0.92 
4 262 295 296 290  0.217 0.92 0.92 
4 291 290 296 293  0.217 0.92 0.92 
4 295 276 297 296  0.217 0.92 0.92 
4 276 275 298 297  0.217 0.92 0.92 
4 293 296 297 298  0.217 0.92 0.92 
4 275 277 299 298  0.217 0.92 0.92 
4 294 293 298 299  0.217 0.92 0.92 
4 113 282 300 114  0.217 0.92 0.92 
4 114 300 301 124  0.217 0.92 0.92 
4 282 264 292 300  0.217 0.92 0.92 
4 300 292 294 301  0.217 0.92 0.92 
4 277 284 302 299  0.217 0.92 0.92 
4 301 294 299 302  0.217 0.92 0.92 
4 284 116 118 302  0.217 0.92 0.92 
4 124 301 302 118  0.217 0.92 0.92 
4 156 158 303 304  0.217 0.92 0.92 
4 156 304 305 186  0.217 0.92 0.92 
4 304 303 306 305  0.217 0.92 0.92 
4 303 158 188 306  0.217 0.92 0.92 
4 186 305 307 193  0.217 0.92 0.92 
4 305 306 308 307  0.217 0.92 0.92 
4 188 187 309 306  0.217 0.92 0.92 
4 306 309 310 308  0.217 0.92 0.92 
4 309 187 202 310  0.217 0.92 0.92 
4 162 169 311 312  0.217 0.92 0.92 
4 162 312 309 187  0.217 0.92 0.92 
4 312 311 313 309  0.217 0.92 0.92 
4 187 309 313 200  0.217 0.92 0.92 
4 169 172 314 311  0.217 0.92 0.92 
4 311 314 315 313  0.217 0.92 0.92 
4 314 172 196 315  0.217 0.92 0.92 
4 200 313 315 196  0.217 0.92 0.92 
4 193 307 316 217  0.217 0.92 0.92 
4 307 308 317 318  0.217 0.92 0.92 
4 307 318 319 316  0.217 0.92 0.92 
4 318 317 320 319  0.217 0.92 0.92 
4 316 319 320 321  0.217 0.92 0.92 
4 308 310 322 317  0.217 0.92 0.92 
4 317 322 323 320  0.217 0.92 0.92 
4 321 320 323 324  0.217 0.92 0.92 
4 217 316 325 224  0.217 0.92 0.92 
4 316 321 326 325  0.217 0.92 0.92 
4 321 324 327 326  0.217 0.92 0.92 
4 328 329 330 331  0.217 0.92 0.92 
4 328 331 332 333  0.217 0.92 0.92 
4 329 328 333 334  0.217 0.92 0.92 
4 333 332 335 334  0.217 0.92 0.92 
4 329 336 337 330  0.217 0.92 0.92 
4 330 337 338 335  0.217 0.92 0.92 
4 336 329 334 339  0.217 0.92 0.92 
4 334 335 338 339  0.217 0.92 0.92 
4 336 340 341 337  0.217 0.92 0.92 
4 341 340 342 343  0.217 0.92 0.92 
4 340 336 339 342  0.217 0.92 0.92 
4 339 338 343 342  0.217 0.92 0.92 
4 202 201 344 310  0.217 0.92 0.92 
4 344 201 345 346  0.217 0.92 0.92 
4 201 202 219 345  0.217 0.92 0.92 
4 310 344 347 322  0.217 0.92 0.92 
4 322 347 348 323  0.217 0.92 0.92 
4 347 344 346 348  0.217 0.92 0.92 
4 324 323 348 346  0.217 0.92 0.92 
4 324 346 349 327  0.217 0.92 0.92 
4 346 345 350 349  0.217 0.92 0.92 
4 345 219 226 350  0.217 0.92 0.92 
4 224 325 351 235  0.217 0.92 0.92 
4 325 326 352 351  0.217 0.92 0.92 
4 326 327 353 352  0.217 0.92 0.92 
4 235 351 354 242  0.217 0.92 0.92 
4 351 352 355 356  0.217 0.92 0.92 
4 351 356 357 354  0.217 0.92 0.92 
4 356 355 358 357  0.217 0.92 0.92 
4 354 357 358 359  0.217 0.92 0.92 
4 352 353 360 355  0.217 0.92 0.92 
4 355 360 361 358  0.217 0.92 0.92 
4 359 358 361 362  0.217 0.92 0.92 
4 363 364 365 366  0.217 0.92 0.92 
4 363 366 367 368  0.217 0.92 0.92 
4 364 363 368 369  0.217 0.92 0.92 
4 368 367 370 369  0.217 0.92 0.92 
4 364 371 372 365  0.217 0.92 0.92 
4 371 364 369 373  0.217 0.92 0.92 
4 369 370 374 373  0.217 0.92 0.92 
4 371 375 376 372  0.217 0.92 0.92 
4 376 375 377 378  0.217 0.92 0.92 
4 375 371 373 377  0.217 0.92 0.92 
4 373 374 378 377  0.217 0.92 0.92 
4 327 349 379 353  0.217 0.92 0.92 
4 349 350 380 379  0.217 0.92 0.92 
4 350 226 237 380  0.217 0.92 0.92 
4 379 380 267 381  0.217 0.92 0.92 
4 380 237 244 267  0.217 0.92 0.92 
4 244 362 381 267  0.217 0.92 0.92 
4 353 379 382 360  0.217 0.92 0.92 
4 360 382 383 361  0.217 0.92 0.92 
4 382 379 381 383  0.217 0.92 0.92 
4 362 361 383 381  0.217 0.92 0.92 
4 242 354 384 253  0.217 0.92 0.92 
4 354 359 385 384  0.217 0.92 0.92 
4 359 362 386 385  0.217 0.92 0.92 
4 362 244 261 386  0.217 0.92 0.92 
4 260 385 386 261  0.217 0.92 0.92 
4 253 384 387 259  0.217 0.92 0.92 
4 384 385 388 387  0.217 0.92 0.92 
4 385 260 263 388  0.217 0.92 0.92 
4 259 387 388 263  0.217 0.92 0.92 
4 261 268 389 386  0.217 0.92 0.92 
4 261 386 390 262  0.217 0.92 0.92 
4 386 389 391 390  0.217 0.92 0.92 
4 262 390 391 295  0.217 0.92 0.92 
4 268 271 392 389  0.217 0.92 0.92 
4 389 392 393 391  0.217 0.92 0.92 
4 392 271 276 393  0.217 0.92 0.92 
4 295 391 393 276  0.217 0.92 0.92 
4 331 330 394 395  0.217 0.92 0.92 
4 331 395 396 332  0.217 0.92 0.92 
4 394 330 335 397  0.217 0.92 0.92 
4 332 396 397 335  0.217 0.92 0.92 
4 395 394 398 399  0.217 0.92 0.92 
4 395 399 400 396  0.217 0.92 0.92 
4 399 398 401 400  0.217 0.92 0.92 
4 394 402 403 398  0.217 0.92 0.92 
4 398 403 404 401  0.217 0.92 0.92 
4 403 402 405 404  0.217 0.92 0.92 
4 402 394 397 405  0.217 0.92 0.92 
4 396 400 406 407  0.217 0.92 0.92 
4 400 401 408 406  0.217 0.92 0.92 
4 397 396 407 409  0.217 0.92 0.92 
4 401 404 410 408  0.217 0.92 0.92 
4 404 405 411 410  0.217 0.92 0.92 
4 405 397 409 411  0.217 0.92 0.92 
4 337 341 412 402  0.217 0.92 0.92 
4 337 402 405 338  0.217 0.92 0.92 
4 402 412 413 405  0.217 0.92 0.92 
4 412 341 343 413  0.217 0.92 0.92 
4 338 405 411 414  0.217 0.92 0.92 
4 405 413 415 411  0.217 0.92 0.92 
4 413 343 416 415  0.217 0.92 0.92 
4 343 338 414 416  0.217 0.92 0.92 
4 407 406 417 418  0.217 0.92 0.92 
4 406 408 419 417  0.217 0.92 0.92 
4 409 407 418 420  0.217 0.92 0.92 
4 408 410 421 419  0.217 0.92 0.92 
4 422 414 411 409  0.217 0.92 0.92 
4 422 409 420 365  0.217 0.92 0.92 
4 414 422 365 372  0.217 0.92 0.92 
4 366 365 420 418  0.217 0.92 0.92 
4 366 418 423 367  0.217 0.92 0.92 
4 367 423 424 370  0.217 0.92 0.92 
4 418 417 425 423  0.217 0.92 0.92 
4 417 419 426 425  0.217 0.92 0.92 
4 423 425 426 424  0.217 0.92 0.92 
4 419 421 427 426  0.217 0.92 0.92 
4 424 426 427 428  0.217 0.92 0.92 
4 370 424 428 374  0.217 0.92 0.92 
4 415 416 376 429  0.217 0.92 0.92 
4 416 414 372 376  0.217 0.92 0.92 
4 411 415 430 410  0.217 0.92 0.92 
4 410 430 431 421  0.217 0.92 0.92 
4 430 415 429 431  0.217 0.92 0.92 
4 429 376 378 432  0.217 0.92 0.92 
4 374 428 432 378  0.217 0.92 0.92 
4 421 431 433 427  0.217 0.92 0.92 
4 431 429 432 433  0.217 0.92 0.92 
4 428 427 433 432  0.217 0.92 0.92 
