OFF
200 198 0

0 -27.4489 -6.67156
0 -27.4489 -6.67156
0 -31.4778 -2.33273
0 -31.4778 -2.33273
-1.77636e-15 -24.24 -3.11475
0 -23.7286 -10.5351
0.000270912 -23.7286 -10.5351
8 -27.4489 -6.67156
8 -31.4778 -2.33273
8 -23.7375 -10.5243
8 -24.24 -3.11475
0 -22.1595 -11.3071
0 -22.1595 -11.3071
0 -17.2542 -10.0327
0 -18.9575 -11.1538
0.000237993 -18.9575 -11.1538
0.00118133 -17.2542 -10.0327
0 -16.16 -3.11475
8 -17.2983 -10.0722
8 -16.16 -3.11475
8 -21.9358 -11.363
8 -18.9574 -11.154
0 -15.785 -3.11475
0 -16.0492 -8.1028
0.00471349 -16.0492 -8.10289
0 -15.785 -3.11475
8 -16.1041 -8.2565
8 -15.785 -3.11475
-0 16.0492 -8.1028
0.00471349 16.0492 -8.10289
0 15.785 -3.11475
0 15.785 -3.11475
0 16.16 -3.11475
0 17.2542 -10.0327
0.00118133 17.2542 -10.0327
8 16.1041 -8.2565
8 15.785 -3.11475
8 17.2983 -10.0722
8 16.16 -3.11475
-0 18.9575 -11.1538
0.000237993 18.9575 -11.1538
0 23.7286 -10.5351
-0 22.1595 -11.3071
-0 22.1595 -11.3071
0.000270912 23.7286 -10.5351
0 24.24 -3.11475
8 23.7375 -10.5243
8 24.24 -3.11475
8 18.9574 -11.154
8 21.9358 -11.363
0 31.4778 -2.33273
0 27.4489 -6.67156
0 27.4489 -6.67156
0 31.4778 -2.33273
8 27.4489 -6.67156
8 31.4778 -2.33273
0 -32.3865 -0.8711
0 -32.3865 -0.8711
0 -32.2234 1.2044
0 -32.2234 1.2044
0 -30.611 2.92774
0.00548186 -30.611 2.92775
8 -32.3666 -0.916848
8 -32.3139 0.9863
8 -30.5996 2.94787
0 -24.24 4.96525
0.0165753 -25.5176 8.86125
0 -25.5176 8.86123
0 -23.5474 12.7859
0 -23.5474 12.7859
8 -25.4887 8.92146
8 -23.5642 12.7735
8 -24.24 4.96525
0 -16.16 4.96525
0 -16.16 13.0452
8 -16.16 4.96525
8 -16.16 13.0452
0 -15.785 4.96525
0 -15.785 4.96525
-8 -8.08 21
0 -13.5864 14.5207
8 -15.785 4.96525
8 -13.5864 14.5207
0 15.785 4.96525
0 15.785 4.96525
0 16.16 4.96525
0 13.5864 14.5207
-8 8.08 21
0 16.16 13.0452
8 15.785 4.96525
8 13.5864 14.5207
8 16.16 4.96525
8 16.16 13.0452
-1.77636e-15 24.24 4.96525
0 23.5474 12.7859
8 24.24 4.96525
8 23.5642 12.7735
0 30.611 2.92774
0 25.5176 8.86123
0 23.5474 12.7859
0 25.5176 8.86123
0 30.611 2.92774
8 25.4887 8.92146
8 30.5996 2.94787
-0 32.2234 1.2044
-0 32.3865 -0.8711
-0 32.2234 1.2044
-0 32.3865 -0.8711
8 32.3139 0.9863
8 32.3666 -0.916848
0 -21.3423 20.3488
-8 -18.8293 23.8802
-8 -16.0528 21.4049
0 -19.3222 27.8875
-8 -19.3139 27.8889
-8 -16.16 29.2052
8 -21.3423 20.3488
8 -19.3222 27.8875
8 -16.16 21.1253
8 -16.16 29.2052
-8 -8.08 21.1253
-8 -8.08 29.2052
8 -10.088 22.4012
8 -8.99056 28.7581
-8 0 21.1253
-8 0 21
0 0 21
-8 0 29.2052
2 0 21.1253
2 0 29.2052
2 0 21
-8 8.08 21.1253
-8 8.08 29.2052
8 10.088 22.4012
8 8.99056 28.7581
-8 16.0528 21.4049
-8 16.16 29.2052
8 16.16 21.1253
8 16.16 29.2052
-8 18.8293 23.8802
0 21.3423 20.3488
-8 19.3139 27.8889
0 19.3222 27.8875
8 21.3423 20.3488
8 19.3222 27.8875
0.00141889 -17.7557 30.5164
-8 -17.6807 30.5866
-8 -15.1438 31.8798
-0.00184177 -15.1868 31.8693
8 -17.8307 30.4462
8 -15.1863 31.8667
-8 -8.05047 37.2939
0 -8.5 45.3653
-8 -8.5 45.3653
-8 -8.08 45.3653
2 -8.5 45.3653
2 -8.05277 37.2936
2 -8.08 45.3653
-8 -0.21742 33.0111
-8 0.75 46.9597
2 0.218015 33.0111
2 0.75 46.9597
-8 8.05047 37.2939
-8 8.08 45.3653
2 8.05277 37.2936
2 8.08 45.3653
-8 15.1438 31.8798
-8 8.5 45.3653
0 8.5 45.3653
-0.00184177 15.1868 31.8693
8 15.1863 31.8667
2 8.5 45.3653
-8 17.6807 30.5866
0.00141889 17.7557 30.5164
8 17.8307 30.4462
-0.315281 -8.5 52.9602
-6.71582 -8.5 52.095
-6.71582 -8.08 52.095
-1.9596 -8.5 53.6406
-4.9362 -8.5 53.3547
-4.9362 -8.08 53.3547
-1.9596 -8.08 53.6406
-0.315281 -8.08 52.9602
1.56726 -8.5 50.7847
1.56726 -8.08 50.7847
-6.71582 -0.75 52.095
-4.9362 0.75 53.3547
-1.9596 -0.75 53.6406
-0.315281 -0.75 52.9602
1.56726 -0.75 50.7847
-6.71582 8.08 52.095
-4.9362 8.08 53.3547
-1.9596 8.08 53.6406
-0.315281 8.08 52.9602
1.56726 8.08 50.7847
-6.71582 8.5 52.095
-0.315281 8.5 52.9602
-4.9362 8.5 53.3547
-1.9596 8.5 53.6406
1.56726 8.5 50.7847

4 0 1 2 3  0.217 0.92 0.92 
4 0 3 4 5  0.217 0.92 0.92 
4 1 0 5 6  0.217 0.92 0.92 
4 1 7 8 2  0.217 0.92 0.92 
4 8 7 9 10  0.217 0.92 0.92 
4 7 1 6 9  0.217 0.92 0.92 
4 11 12 6 5  0.217 0.92 0.92 
4 11 5 13 14  0.217 0.92 0.92 
4 12 11 14 15  0.217 0.92 0.92 
4 14 13 16 15  0.217 0.92 0.92 
4 5 4 17 13  0.217 0.92 0.92 
4 10 9 18 19  0.217 0.92 0.92 
4 12 20 9 6  0.217 0.92 0.92 
4 9 20 21 18  0.217 0.92 0.92 
4 20 12 15 21  0.217 0.92 0.92 
4 15 16 18 21  0.217 0.92 0.92 
4 13 17 22 23  0.217 0.92 0.92 
4 16 13 23 24  0.217 0.92 0.92 
4 23 22 25 24  0.217 0.92 0.92 
4 19 18 26 27  0.217 0.92 0.92 
4 18 16 24 26  0.217 0.92 0.92 
4 24 25 27 26  0.217 0.92 0.92 
4 28 29 30 31  0.217 0.92 0.92 
4 28 31 32 33  0.217 0.92 0.92 
4 29 28 33 34  0.217 0.92 0.92 
4 29 35 36 30  0.217 0.92 0.92 
4 36 35 37 38  0.217 0.92 0.92 
4 35 29 34 37  0.217 0.92 0.92 
4 39 40 34 33  0.217 0.92 0.92 
4 39 33 41 42  0.217 0.92 0.92 
4 40 39 42 43  0.217 0.92 0.92 
4 42 41 44 43  0.217 0.92 0.92 
4 33 32 45 41  0.217 0.92 0.92 
4 38 37 46 47  0.217 0.92 0.92 
4 40 48 37 34  0.217 0.92 0.92 
4 37 48 49 46  0.217 0.92 0.92 
4 48 40 43 49  0.217 0.92 0.92 
4 43 44 46 49  0.217 0.92 0.92 
4 41 45 50 51  0.217 0.92 0.92 
4 44 41 51 52  0.217 0.92 0.92 
4 51 50 53 52  0.217 0.92 0.92 
4 47 46 54 55  0.217 0.92 0.92 
4 46 44 52 54  0.217 0.92 0.92 
4 52 53 55 54  0.217 0.92 0.92 
4 56 57 58 59  0.217 0.92 0.92 
4 56 59 60 3  0.217 0.92 0.92 
4 59 58 61 60  0.217 0.92 0.92 
4 57 56 3 2  0.217 0.92 0.92 
4 57 62 63 58  0.217 0.92 0.92 
4 58 63 64 61  0.217 0.92 0.92 
4 63 62 8 64  0.217 0.92 0.92 
4 62 57 2 8  0.217 0.92 0.92 
4 3 60 65 4  0.217 0.92 0.92 
4 60 61 66 67  0.217 0.92 0.92 
4 60 67 68 65  0.217 0.92 0.92 
4 67 66 69 68  0.217 0.92 0.92 
4 61 64 70 66  0.217 0.92 0.92 
4 66 70 71 69  0.217 0.92 0.92 
4 70 64 72 71  0.217 0.92 0.92 
4 64 8 10 72  0.217 0.92 0.92 
4 4 65 73 17  0.217 0.92 0.92 
4 65 68 74 73  0.217 0.92 0.92 
4 71 72 75 76  0.217 0.92 0.92 
4 72 10 19 75  0.217 0.92 0.92 
4 17 73 77 22  0.217 0.92 0.92 
4 22 77 78 25  0.217 0.92 0.92 
4 73 74 79 77  0.217 0.92 0.92 
4 77 79 80 78  0.217 0.92 0.92 
4 76 75 81 82  0.217 0.92 0.92 
4 78 80 82 81  0.217 0.92 0.92 
4 75 19 27 81  0.217 0.92 0.92 
4 25 78 81 27  0.217 0.92 0.92 
4 31 30 83 84  0.217 0.92 0.92 
4 31 84 85 32  0.217 0.92 0.92 
4 84 83 86 87  0.217 0.92 0.92 
4 84 87 88 85  0.217 0.92 0.92 
4 83 89 90 86  0.217 0.92 0.92 
4 90 89 91 92  0.217 0.92 0.92 
4 30 36 89 83  0.217 0.92 0.92 
4 89 36 38 91  0.217 0.92 0.92 
4 32 85 93 45  0.217 0.92 0.92 
4 85 88 94 93  0.217 0.92 0.92 
4 92 91 95 96  0.217 0.92 0.92 
4 91 38 47 95  0.217 0.92 0.92 
4 45 93 97 50  0.217 0.92 0.92 
4 93 94 98 97  0.217 0.92 0.92 
4 94 99 100 98  0.217 0.92 0.92 
4 97 98 100 101  0.217 0.92 0.92 
4 99 96 102 100  0.217 0.92 0.92 
4 96 95 103 102  0.217 0.92 0.92 
4 101 100 102 103  0.217 0.92 0.92 
4 95 47 55 103  0.217 0.92 0.92 
4 50 97 104 105  0.217 0.92 0.92 
4 97 101 106 104  0.217 0.92 0.92 
4 53 50 105 107  0.217 0.92 0.92 
4 105 104 106 107  0.217 0.92 0.92 
4 101 103 108 106  0.217 0.92 0.92 
4 103 55 109 108  0.217 0.92 0.92 
4 55 53 107 109  0.217 0.92 0.92 
4 107 106 108 109  0.217 0.92 0.92 
4 68 69 110 111  0.217 0.92 0.92 
4 68 111 112 74  0.217 0.92 0.92 
4 111 110 113 114  0.217 0.92 0.92 
4 111 114 115 112  0.217 0.92 0.92 
4 110 116 117 113  0.217 0.92 0.92 
4 117 116 118 119  0.217 0.92 0.92 
4 69 71 116 110  0.217 0.92 0.92 
4 116 71 76 118  0.217 0.92 0.92 
4 74 112 120 79  0.217 0.92 0.92 
4 112 115 121 120  0.217 0.92 0.92 
4 119 118 122 123  0.217 0.92 0.92 
4 118 76 82 122  0.217 0.92 0.92 
4 79 120 124 125  0.217 0.92 0.92 
4 80 79 125 126  0.217 0.92 0.92 
4 120 121 127 124  0.217 0.92 0.92 
4 123 122 128 129  0.217 0.92 0.92 
4 122 82 130 128  0.217 0.92 0.92 
4 82 80 126 130  0.217 0.92 0.92 
4 125 124 131 87  0.217 0.92 0.92 
4 126 125 87 86  0.217 0.92 0.92 
4 124 127 132 131  0.217 0.92 0.92 
4 129 128 133 134  0.217 0.92 0.92 
4 128 130 90 133  0.217 0.92 0.92 
4 130 126 86 90  0.217 0.92 0.92 
4 87 131 135 88  0.217 0.92 0.92 
4 131 132 136 135  0.217 0.92 0.92 
4 134 133 137 138  0.217 0.92 0.92 
4 133 90 92 137  0.217 0.92 0.92 
4 88 135 139 94  0.217 0.92 0.92 
4 94 139 140 99  0.217 0.92 0.92 
4 135 136 141 139  0.217 0.92 0.92 
4 139 141 142 140  0.217 0.92 0.92 
4 138 137 143 144  0.217 0.92 0.92 
4 140 142 144 143  0.217 0.92 0.92 
4 137 92 96 143  0.217 0.92 0.92 
4 99 140 143 96  0.217 0.92 0.92 
4 114 113 145 146  0.217 0.92 0.92 
4 114 146 147 115  0.217 0.92 0.92 
4 146 145 148 147  0.217 0.92 0.92 
4 113 117 149 145  0.217 0.92 0.92 
4 145 149 150 148  0.217 0.92 0.92 
4 149 117 119 150  0.217 0.92 0.92 
4 115 147 151 121  0.217 0.92 0.92 
4 147 148 152 153  0.217 0.92 0.92 
4 147 153 154 151  0.217 0.92 0.92 
4 148 150 155 152  0.217 0.92 0.92 
4 155 150 156 157  0.217 0.92 0.92 
4 150 119 123 156  0.217 0.92 0.92 
4 121 151 158 127  0.217 0.92 0.92 
4 151 154 159 158  0.217 0.92 0.92 
4 157 156 160 161  0.217 0.92 0.92 
4 156 123 129 160  0.217 0.92 0.92 
4 127 158 162 132  0.217 0.92 0.92 
4 158 159 163 162  0.217 0.92 0.92 
4 161 160 164 165  0.217 0.92 0.92 
4 160 129 134 164  0.217 0.92 0.92 
4 132 162 166 136  0.217 0.92 0.92 
4 162 163 167 166  0.217 0.92 0.92 
4 166 167 168 169  0.217 0.92 0.92 
4 165 164 170 171  0.217 0.92 0.92 
4 169 168 171 170  0.217 0.92 0.92 
4 164 134 138 170  0.217 0.92 0.92 
4 136 166 172 141  0.217 0.92 0.92 
4 166 169 173 172  0.217 0.92 0.92 
4 141 172 173 142  0.217 0.92 0.92 
4 169 170 174 173  0.217 0.92 0.92 
4 170 138 144 174  0.217 0.92 0.92 
4 142 173 174 144  0.217 0.92 0.92 
4 153 152 175 176  0.217 0.92 0.92 
4 153 176 177 154  0.217 0.92 0.92 
4 176 175 178 179  0.217 0.92 0.92 
4 176 179 180 177  0.217 0.92 0.92 
4 179 178 181 180  0.217 0.92 0.92 
4 178 175 182 181  0.217 0.92 0.92 
4 152 155 183 175  0.217 0.92 0.92 
4 175 183 184 182  0.217 0.92 0.92 
4 183 155 157 184  0.217 0.92 0.92 
4 154 177 185 159  0.217 0.92 0.92 
4 177 180 186 185  0.217 0.92 0.92 
4 180 181 187 186  0.217 0.92 0.92 
4 181 182 188 187  0.217 0.92 0.92 
4 182 184 189 188  0.217 0.92 0.92 
4 184 157 161 189  0.217 0.92 0.92 
4 159 185 190 163  0.217 0.92 0.92 
4 185 186 191 190  0.217 0.92 0.92 
4 186 187 192 191  0.217 0.92 0.92 
4 187 188 193 192  0.217 0.92 0.92 
4 188 189 194 193  0.217 0.92 0.92 
4 189 161 165 194  0.217 0.92 0.92 
4 163 190 195 167  0.217 0.92 0.92 
4 167 195 196 168  0.217 0.92 0.92 
4 190 191 197 195  0.217 0.92 0.92 
4 191 192 198 197  0.217 0.92 0.92 
4 192 193 196 198  0.217 0.92 0.92 
4 195 197 198 196  0.217 0.92 0.92 
4 193 194 199 196  0.217 0.92 0.92 
4 194 165 171 199  0.217 0.92 0.92 
4 168 196 199 171  0.217 0.92 0.92 
