OFF
432 440 0

0 -24.24 -11.1948
4.04 -24.24 -11.1948
4.04 -24.2166 -7.1501
0 -24.24 -7.15475
0 -20.2 -7.15475
0 -20.2 -11.1948
4.04 -20.2 -7.15475
4.03984 -20.1728 -11.4583
8.08 -24.24 -11.1948
8.08 -24.24 -7.15475
8.08 -20.2 -7.15475
8.08 -20.2 -11.1948
0 -16.16 -7.15475
0 -16.16 -11.1948
4.04 -16.16 -11.1948
4.03989 -15.8404 -7.20731
4.04 -20.2 -3.11475
0 -20.2 -3.11475
0 -16.16 -3.11475
4.04 -15.785 -3.11475
8.08 -20.2 -3.11475
8.08 -16.16 -7.15475
8.08 -16.16 -3.11475
8.08 -16.16 -11.1948
0 16.16 -11.1948
4.04 16.16 -11.1948
4.03989 15.8404 -7.20731
0 16.16 -7.15475
0 20.2 -7.15475
0 20.2 -11.1948
4.03984 20.1728 -11.4583
4.04 15.785 -3.11475
0 16.16 -3.11475
0 20.2 -3.11475
4.04 20.2 -3.11475
4.04 20.2 -7.15475
8.08 16.16 -7.15475
8.08 16.16 -3.11475
8.08 20.2 -7.15475
8.08 20.2 -3.11475
8.08 16.16 -11.1948
8.08 20.2 -11.1948
0 24.24 -7.15475
0 24.24 -11.1948
4.04 24.2166 -7.15008
4.04 24.24 -11.1948
8.08 24.24 -7.15475
8.08 24.24 -11.1948
0 -28.28 4.96525
4.04023 -28.3843 5.06126
4.04 -28.28 9.00525
0 -28.28 9.00525
0 -24.24 9.00525
0 -24.24 4.96525
4.03788 -25.1098 9.54025
8.08 -28.28 4.96525
8.08 -28.28 9.00525
8.08 -24.24 9.00525
8.08 -24.24 4.96525
0 -32.32 0.92525
4.04001 -32.3335 0.929203
4.04 -32.32 4.96525
0 -32.32 4.96525
0 -28.28 0.92525
4.03373 -30.234 3.25485
8.08 -32.32 0.92525
8.08 -32.32 4.96525
8.08 -28.28 0.92525
0 -28.28 -3.11475
4.04 -29.6072 -4.3472
0 -24.24 0.92525
0 -24.24 -3.11475
4.04 -23.2599 -4.0251
8.08 -24.24 0.92525
8.08 -28.28 -3.11475
8.08 -24.24 -3.11475
0 -20.2 9.00525
0 -20.2 4.96525
4.04 -24.24 13.0452
0 -24.24 13.0452
0 -20.2 13.0452
8.08 -24.24 13.0452
8.08 -20.2 9.00525
8.08 -20.2 13.0452
8.08 -20.2 4.96525
0 -16.16 9.00525
0 -16.16 4.96525
4.04 -15.1377 8.73131
4.04 -15.785 4.96525
0 -16.16 13.0452
8.08 -16.16 9.00525
8.08 -16.16 13.0452
4.04 -14.1276 12.5007
8.08 -16.16 4.96525
0 -20.2 0.92525
8.08 -20.2 0.92525
0 -16.16 0.92525
4.04 -15.785 0.92525
8.08 -16.16 0.92525
0 -12.12 13.0452
0 -12.12 9.00525
4.04 -12.12 9.00525
4.04 -12.12 13.0452
4.04 12.12 9.00525
8.08 12.12 9.00525
8.08 12.12 13.0452
4.04 12.12 13.0452
4.04 14.1276 12.5007
4.04 15.1377 8.73131
8.08 16.16 9.00525
8.08 16.16 13.0452
0 16.16 4.96525
4.04 15.785 4.96525
0 16.16 9.00525
0 20.2 9.00525
0 20.2 4.96525
0 16.16 13.0452
0 20.2 13.0452
8.08 20.2 9.00525
8.08 20.2 13.0452
8.08 16.16 4.96525
8.08 20.2 4.96525
0 24.24 9.00525
0 24.24 4.96525
0 24.24 13.0452
4.04 24.24 13.0452
4.03831 25.1125 9.53194
4.03369 23.1253 13.9314
8.08 24.24 13.0452
8.08 24.24 9.00525
8.08 24.24 4.96525
4.04 15.785 0.92525
0 16.16 0.92525
0 20.2 0.92525
8.08 16.16 0.92525
8.08 20.2 0.92525
0 24.24 0.92525
0 24.24 -3.11475
4.04 23.2599 -4.0251
8.08 24.24 0.92525
8.08 24.24 -3.11475
0 28.28 9.00525
0 28.28 4.96525
4.04 28.28 9.00525
4.04023 28.3843 5.06126
8.08 28.28 9.00525
8.08 28.28 4.96525
0 28.28 0.92525
0 28.28 -3.11475
4.04 29.6072 -4.3472
4.035 30.251 3.23654
8.08 28.28 0.92525
8.08 28.28 -3.11475
0 32.32 4.96525
0 32.32 0.92525
4.04 32.32 4.96525
4.04001 32.3335 0.929203
-4.04 -20.2 25.1653
0 -20.2 25.1653
0 -20.2 29.2052
-4.04 -20.2 29.2052
-4.04085 -17.4398 30.784
-4.04135 -18.638 23.5542
-0.000853033 -17.4409 30.7853
0 -18.6035 23.5053
0 -20.2 21.1253
4.04 -21.0716 21.3588
4.04 -20.2 25.1653
0 -16.16 21.1253
4.04 -20.2 29.2052
4.04091 -17.4975 30.7391
8.08 -20.2 25.1653
8.08 -20.2 29.2052
8.08 -16.16 29.2052
8.08 -16.16 25.1653
8.08 -20.2 21.1253
8.08 -16.16 21.1253
4.04 -24.24 17.0852
0 -24.24 17.0852
0 -20.2 17.0852
4.04 -22.0816 17.5894
8.08 -24.24 17.0852
8.08 -20.2 17.0852
0 -16.16 17.0852
8.08 -16.16 17.0852
-4.04 -12.12 32
-6.58599 -11 26.5
-4.04 -16.16 21.1253
-4.04 -12.12 21
0 -12.12 21
-8.08 -12.12 21.1253
-8.08 -12.12 25.1653
-8.08 -8.08 25.1653
-8.08 -8.08 21.1253
-4.04 -8.08 21
-8.08 -12.12 29.2052
-8.08 -8.08 29.2052
0 -12.12 32
2 -8.08 29.2052
-4.04 -8.08 32
0 -8.08 21
8.08 -12.12 25.1653
8.08 -12.12 29.2052
8.08 -12.12 21.1253
4.04 -11.2501 20.5725
4.04 -8.08 21.1253
2 -8.08 25.1653
4.04 -8.08 29.2052
4.04 -8.08 25.1653
4.0369 -10.7833 30.9551
8.08 -8.08 29.2052
8.08 -8.08 25.1653
8.08 -8.08 21.1253
0 -12.12 17.0852
4.04 -12.12 17.0852
8.08 -12.12 17.0852
8.08 -12.12 13.0452
-8.08 -4.04 25.1653
-8.08 -4.04 21.1253
-4.04 -4.04 21
-8.08 -4.04 29.2052
2 -4.04 25.1653
2 -4.04 29.2052
0 -4.04 21
-8.08 0 25.1653
-8.08 0 21.1253
-4.04 0 21
-8.08 0 29.2052
2 0 25.1653
2 0 29.2052
0 0 21
4.04 -4.04 25.1653
4.04 -4.04 21.1253
4.04 0 25.1653
4.04 0 21.1253
-8.08 4.04 25.1653
-8.08 4.04 21.1253
-4.04 4.04 21
-8.08 4.04 29.2052
2 4.04 25.1653
2 4.04 29.2052
0 4.04 21
-8.08 8.08 25.1653
-8.08 8.08 21.1253
-4.04 8.08 21
-8.08 8.08 29.2052
2 8.08 25.1653
2 8.08 29.2052
0 8.08 21
4.04 4.04 25.1653
4.04 4.04 21.1253
4.04 8.08 25.1653
4.04 8.08 21.1253
-8.08 12.12 25.1653
-8.08 12.12 21.1253
-4.04 12.12 21
-8.08 12.12 29.2052
-4.04 8.08 32
0 12.12 32
-4.04 12.12 32
0 12.12 21
-8.08 16.16 25.1653
-8.08 16.16 21.1253
-4.04 16.16 21.1253
-8.08 16.16 29.2052
-4.04085 17.4398 30.784
-4.04135 18.638 23.5542
-0.000853033 17.4409 30.7853
0 18.6035 23.5053
0 16.16 21.1253
4.04 11.2501 20.5725
4.04 8.08 29.2052
4.0369 10.7833 30.9551
8.08 8.08 25.1653
8.08 8.08 29.2052
8.08 12.12 29.2052
8.08 12.12 25.1653
8.08 8.08 21.1253
8.08 12.12 21.1253
4.04091 17.4975 30.7391
8.08 16.16 25.1653
8.08 16.16 29.2052
8.08 16.16 21.1253
0 12.12 13.0452
4.04 12.12 17.0852
0 12.12 17.0852
0 16.16 17.0852
8.08 12.12 17.0852
8.08 16.16 17.0852
-8.08 20.2 25.1653
-8.08 20.2 21.1253
-4.04 20.2 25.1653
-4.04 20.2 21.1253
0 20.2 25.1653
0 20.2 21.1253
4.04 20.2 25.1653
4.04 21.0716 21.3588
0 20.2 29.2052
4.04 20.2 29.2052
8.08 20.2 29.2052
8.08 20.2 25.1653
8.08 20.2 21.1253
0 20.2 17.0852
8.08 20.2 17.0852
4.04 22.0816 17.5894
0 24.24 17.0852
4.04 24.24 17.0852
0 24.24 21.1253
4.04 24.24 21.1253
-8.08 -16.16 29.2052
-4.04 -16.16 33.2452
-8.08 -16.16 33.2452
-8.08 -12.12 33.2452
-4.04 -12.12 33.2452
0 -16.16 33.2452
0 -12.12 33.2452
-8.08 -8.08 33.2452
-4.04 -8.08 33.2452
4.04 -16.16 33.2452
4.04 -12.12 33.2452
8.08 -16.16 33.2452
8.08 -12.12 33.2452
0 -8.08 33.2452
4.04 -8.08 33.2452
-8.08 -4.04 33.2452
-4.04 -8.08 37.2852
-8.08 -8.08 37.2852
-8.08 -4.04 37.2852
-4.04 -4.04 37.2852
-4.03999 -3.57644 33.9917
0 -8.08 37.2852
0 -4.04 37.2852
-5.21133e-06 -3.57632 33.9916
-8.08 0 33.2452
-4.04 0 33.2452
0 0 33.2452
-8.08 -8.08 41.3252
-4.04 -8.5 41.3252
-4.04 -8.5 45.3653
-8.08 -8.08 45.3653
-8.08 -4.04 45.3653
-8.08 -4.04 41.3252
-4.04 -4.04 41.3252
-4.04 -4.04 45.3653
0 -8.5 41.3252
0 -8.5 45.3653
0 -4.04 45.3653
0 -4.04 41.3252
4.04 -8.08 41.3252
4.04 -8.08 45.3653
4.04 -4.04 41.3252
4.04 -4.04 45.3653
4.04 -8.08 37.2852
4.04 -4.04 37.2852
4.04 -4.04 33.2452
-8.08 4.04 33.2452
-4.04 3.57633 33.9916
-3.24717e-06 3.57632 33.9916
-8.08 8.08 33.2452
-4.04 4.04 37.2852
-8.08 4.04 37.2852
-8.08 8.08 37.2852
-4.04 8.08 37.2852
-4.04 8.08 33.2452
0 4.04 37.2852
0 8.08 37.2852
0 8.08 33.2452
-4.04 4.04 41.3252
-8.08 4.04 41.3252
-8.08 8.08 41.3252
-4.04 8.5 41.3252
-4.04 4.04 45.3653
-8.08 4.04 45.3653
-8.08 8.08 45.3653
-4.04 8.5 45.3653
0 4.04 41.3252
0 4.04 45.3653
0 8.5 45.3653
0 8.5 41.3252
4.04 4.04 41.3252
4.04 4.04 45.3653
4.04 8.08 41.3252
4.04 8.08 45.3653
4.04 4.04 33.2452
4.04 4.04 37.2852
4.04 8.08 37.2852
4.04 8.08 33.2452
-8.08 12.12 33.2452
-4.04 12.12 33.2452
-8.08 16.16 33.2452
-4.04 16.16 33.2452
8.08 12.12 33.2452
4.04 12.12 33.2452
4.04 16.16 33.2452
8.08 16.16 33.2452
-4.04 -8.08 49.4053
-8.08 -8.08 49.4053
-8.08 -4.04 49.4053
-4.04 -4.04 49.4053
-0.318575 -8.07981 49.3467
0 -8.08 53.4453
-4.08889 -8.08 53.6276
-4.08889 -4.04 53.6276
0 -4.04 53.4453
-0.31625 -4.03981 49.3471
-8.08 0 49.4053
-8.08 0 45.3653
-4.04 0 49.4053
-4.04 0 45.3653
-4.04 0 53.4453
0 0 53.4453
0 0 49.4053
4.04 -8.08 49.4053
4.04 -4.04 49.4053
4.04 -8.08 53.4453
4.04 -4.04 53.4453
0 0 45.3653
4.04 0 45.3653
4.04 0 49.4053
4.04 0 53.4453
-8.08 4.04 49.4053
-4.04 4.04 49.4053
-4.08889 4.04 53.6276
0 4.04 53.4453
-0.953499 4.0404 49.1978
-4.04 8.08 49.4053
0 8.5 49.4053
4.04 4.04 49.4053
4.04 4.04 53.4453
4.04 8.08 49.4053
0 8.08 53.4453
4.04 8.08 53.4453

4 0 1 2 3  0.217 0.92 0.92 
4 0 3 4 5  0.217 0.92 0.92 
4 3 2 6 4  0.217 0.92 0.92 
4 1 0 5 7  0.217 0.92 0.92 
4 1 8 9 2  0.217 0.92 0.92 
4 2 9 10 6  0.217 0.92 0.92 
4 9 8 11 10  0.217 0.92 0.92 
4 8 1 7 11  0.217 0.92 0.92 
4 5 4 12 13  0.217 0.92 0.92 
4 7 5 13 14  0.217 0.92 0.92 
4 13 12 15 14  0.217 0.92 0.92 
4 4 6 16 17  0.217 0.92 0.92 
4 4 17 18 12  0.217 0.92 0.92 
4 12 18 19 15  0.217 0.92 0.92 
4 6 10 20 16  0.217 0.92 0.92 
4 20 10 21 22  0.217 0.92 0.92 
4 15 19 22 21  0.217 0.92 0.92 
4 10 11 23 21  0.217 0.92 0.92 
4 11 7 14 23  0.217 0.92 0.92 
4 14 15 21 23  0.217 0.92 0.92 
4 24 25 26 27  0.217 0.92 0.92 
4 24 27 28 29  0.217 0.92 0.92 
4 25 24 29 30  0.217 0.92 0.92 
4 27 26 31 32  0.217 0.92 0.92 
4 27 32 33 28  0.217 0.92 0.92 
4 28 33 34 35  0.217 0.92 0.92 
4 26 36 37 31  0.217 0.92 0.92 
4 37 36 38 39  0.217 0.92 0.92 
4 35 34 39 38  0.217 0.92 0.92 
4 25 40 36 26  0.217 0.92 0.92 
4 36 40 41 38  0.217 0.92 0.92 
4 40 25 30 41  0.217 0.92 0.92 
4 29 28 42 43  0.217 0.92 0.92 
4 28 35 44 42  0.217 0.92 0.92 
4 30 29 43 45  0.217 0.92 0.92 
4 43 42 44 45  0.217 0.92 0.92 
4 35 38 46 44  0.217 0.92 0.92 
4 38 41 47 46  0.217 0.92 0.92 
4 41 30 45 47  0.217 0.92 0.92 
4 45 44 46 47  0.217 0.92 0.92 
4 48 49 50 51  0.217 0.92 0.92 
4 48 51 52 53  0.217 0.92 0.92 
4 51 50 54 52  0.217 0.92 0.92 
4 49 55 56 50  0.217 0.92 0.92 
4 50 56 57 54  0.217 0.92 0.92 
4 56 55 58 57  0.217 0.92 0.92 
4 59 60 61 62  0.217 0.92 0.92 
4 59 62 48 63  0.217 0.92 0.92 
4 62 61 49 48  0.217 0.92 0.92 
4 60 59 63 64  0.217 0.92 0.92 
4 60 65 66 61  0.217 0.92 0.92 
4 61 66 55 49  0.217 0.92 0.92 
4 66 65 67 55  0.217 0.92 0.92 
4 65 60 64 67  0.217 0.92 0.92 
4 68 69 64 63  0.217 0.92 0.92 
4 68 63 70 71  0.217 0.92 0.92 
4 69 68 71 72  0.217 0.92 0.92 
4 63 48 53 70  0.217 0.92 0.92 
4 55 67 73 58  0.217 0.92 0.92 
4 69 74 67 64  0.217 0.92 0.92 
4 67 74 75 73  0.217 0.92 0.92 
4 74 69 72 75  0.217 0.92 0.92 
4 53 52 76 77  0.217 0.92 0.92 
4 52 54 78 79  0.217 0.92 0.92 
4 52 79 80 76  0.217 0.92 0.92 
4 54 57 81 78  0.217 0.92 0.92 
4 81 57 82 83  0.217 0.92 0.92 
4 57 58 84 82  0.217 0.92 0.92 
4 77 76 85 86  0.217 0.92 0.92 
4 86 85 87 88  0.217 0.92 0.92 
4 76 80 89 85  0.217 0.92 0.92 
4 83 82 90 91  0.217 0.92 0.92 
4 87 92 91 90  0.217 0.92 0.92 
4 82 84 93 90  0.217 0.92 0.92 
4 88 87 90 93  0.217 0.92 0.92 
4 71 70 94 17  0.217 0.92 0.92 
4 72 71 17 16  0.217 0.92 0.92 
4 70 53 77 94  0.217 0.92 0.92 
4 58 73 95 84  0.217 0.92 0.92 
4 73 75 20 95  0.217 0.92 0.92 
4 75 72 16 20  0.217 0.92 0.92 
4 17 94 96 18  0.217 0.92 0.92 
4 18 96 97 19  0.217 0.92 0.92 
4 94 77 86 96  0.217 0.92 0.92 
4 96 86 88 97  0.217 0.92 0.92 
4 84 95 98 93  0.217 0.92 0.92 
4 97 88 93 98  0.217 0.92 0.92 
4 95 20 22 98  0.217 0.92 0.92 
4 19 97 98 22  0.217 0.92 0.92 
4 85 89 99 100  0.217 0.92 0.92 
4 92 87 101 102  0.217 0.92 0.92 
4 87 85 100 101  0.217 0.92 0.92 
4 100 99 102 101  0.217 0.92 0.92 
4 103 104 105 106  0.217 0.92 0.92 
4 103 106 107 108  0.217 0.92 0.92 
4 105 104 109 110  0.217 0.92 0.92 
4 104 103 108 109  0.217 0.92 0.92 
4 111 112 108 113  0.217 0.92 0.92 
4 111 113 114 115  0.217 0.92 0.92 
4 113 108 107 116  0.217 0.92 0.92 
4 113 116 117 114  0.217 0.92 0.92 
4 110 109 118 119  0.217 0.92 0.92 
4 112 120 109 108  0.217 0.92 0.92 
4 109 120 121 118  0.217 0.92 0.92 
4 115 114 122 123  0.217 0.92 0.92 
4 114 117 124 122  0.217 0.92 0.92 
4 122 124 125 126  0.217 0.92 0.92 
4 127 119 128 125  0.217 0.92 0.92 
4 119 118 129 128  0.217 0.92 0.92 
4 126 125 128 129  0.217 0.92 0.92 
4 118 121 130 129  0.217 0.92 0.92 
4 32 31 131 132  0.217 0.92 0.92 
4 32 132 133 33  0.217 0.92 0.92 
4 132 131 112 111  0.217 0.92 0.92 
4 132 111 115 133  0.217 0.92 0.92 
4 131 134 120 112  0.217 0.92 0.92 
4 120 134 135 121  0.217 0.92 0.92 
4 31 37 134 131  0.217 0.92 0.92 
4 134 37 39 135  0.217 0.92 0.92 
4 33 133 136 137  0.217 0.92 0.92 
4 34 33 137 138  0.217 0.92 0.92 
4 133 115 123 136  0.217 0.92 0.92 
4 121 135 139 130  0.217 0.92 0.92 
4 135 39 140 139  0.217 0.92 0.92 
4 39 34 138 140  0.217 0.92 0.92 
4 123 122 141 142  0.217 0.92 0.92 
4 122 126 143 141  0.217 0.92 0.92 
4 142 141 143 144  0.217 0.92 0.92 
4 126 129 145 143  0.217 0.92 0.92 
4 129 130 146 145  0.217 0.92 0.92 
4 144 143 145 146  0.217 0.92 0.92 
4 137 136 147 148  0.217 0.92 0.92 
4 138 137 148 149  0.217 0.92 0.92 
4 148 147 150 149  0.217 0.92 0.92 
4 136 123 142 147  0.217 0.92 0.92 
4 130 139 151 146  0.217 0.92 0.92 
4 150 144 146 151  0.217 0.92 0.92 
4 139 140 152 151  0.217 0.92 0.92 
4 140 138 149 152  0.217 0.92 0.92 
4 149 150 151 152  0.217 0.92 0.92 
4 147 142 153 154  0.217 0.92 0.92 
4 142 144 155 153  0.217 0.92 0.92 
4 144 150 156 155  0.217 0.92 0.92 
4 150 147 154 156  0.217 0.92 0.92 
4 154 153 155 156  0.217 0.92 0.92 
4 157 158 159 160  0.217 0.92 0.92 
4 157 160 161 162  0.217 0.92 0.92 
4 160 159 163 161  0.217 0.92 0.92 
4 158 157 162 164  0.217 0.92 0.92 
4 165 166 167 158  0.217 0.92 0.92 
4 165 158 164 168  0.217 0.92 0.92 
4 158 167 169 159  0.217 0.92 0.92 
4 159 169 170 163  0.217 0.92 0.92 
4 167 171 172 169  0.217 0.92 0.92 
4 169 172 173 170  0.217 0.92 0.92 
4 172 171 174 173  0.217 0.92 0.92 
4 166 175 171 167  0.217 0.92 0.92 
4 171 175 176 174  0.217 0.92 0.92 
4 79 78 177 178  0.217 0.92 0.92 
4 79 178 179 80  0.217 0.92 0.92 
4 178 177 180 179  0.217 0.92 0.92 
4 78 81 181 177  0.217 0.92 0.92 
4 177 181 182 180  0.217 0.92 0.92 
4 181 81 83 182  0.217 0.92 0.92 
4 80 179 183 89  0.217 0.92 0.92 
4 179 180 166 165  0.217 0.92 0.92 
4 179 165 168 183  0.217 0.92 0.92 
4 180 182 175 166  0.217 0.92 0.92 
4 175 182 184 176  0.217 0.92 0.92 
4 182 83 91 184  0.217 0.92 0.92 
4 162 161 185 186  0.217 0.92 0.92 
4 187 168 164 162  0.217 0.92 0.92 
4 187 162 186 188  0.217 0.92 0.92 
4 168 187 188 189  0.217 0.92 0.92 
4 190 188 186 191  0.217 0.92 0.92 
4 190 191 192 193  0.217 0.92 0.92 
4 188 190 193 194  0.217 0.92 0.92 
4 191 186 185 195  0.217 0.92 0.92 
4 191 195 196 192  0.217 0.92 0.92 
4 185 197 198 199  0.217 0.92 0.92 
4 189 188 194 200  0.217 0.92 0.92 
4 173 174 201 202  0.217 0.92 0.92 
4 174 176 203 201  0.217 0.92 0.92 
4 204 189 200 205  0.217 0.92 0.92 
4 206 198 207 208  0.217 0.92 0.92 
4 209 202 210 207  0.217 0.92 0.92 
4 202 201 211 210  0.217 0.92 0.92 
4 208 207 210 211  0.217 0.92 0.92 
4 201 203 212 211  0.217 0.92 0.92 
4 203 204 205 212  0.217 0.92 0.92 
4 205 208 211 212  0.217 0.92 0.92 
4 89 183 213 99  0.217 0.92 0.92 
4 99 213 214 102  0.217 0.92 0.92 
4 183 168 189 213  0.217 0.92 0.92 
4 213 189 204 214  0.217 0.92 0.92 
4 176 184 215 203  0.217 0.92 0.92 
4 214 204 203 215  0.217 0.92 0.92 
4 184 91 216 215  0.217 0.92 0.92 
4 91 92 102 216  0.217 0.92 0.92 
4 102 214 215 216  0.217 0.92 0.92 
4 193 192 217 218  0.217 0.92 0.92 
4 194 193 218 219  0.217 0.92 0.92 
4 192 196 220 217  0.217 0.92 0.92 
4 198 206 221 222  0.217 0.92 0.92 
4 200 194 219 223  0.217 0.92 0.92 
4 218 217 224 225  0.217 0.92 0.92 
4 219 218 225 226  0.217 0.92 0.92 
4 217 220 227 224  0.217 0.92 0.92 
4 222 221 228 229  0.217 0.92 0.92 
4 223 219 226 230  0.217 0.92 0.92 
4 206 208 231 221  0.217 0.92 0.92 
4 208 205 232 231  0.217 0.92 0.92 
4 205 200 223 232  0.217 0.92 0.92 
4 221 231 233 228  0.217 0.92 0.92 
4 231 232 234 233  0.217 0.92 0.92 
4 232 223 230 234  0.217 0.92 0.92 
4 225 224 235 236  0.217 0.92 0.92 
4 226 225 236 237  0.217 0.92 0.92 
4 224 227 238 235  0.217 0.92 0.92 
4 229 228 239 240  0.217 0.92 0.92 
4 230 226 237 241  0.217 0.92 0.92 
4 236 235 242 243  0.217 0.92 0.92 
4 237 236 243 244  0.217 0.92 0.92 
4 235 238 245 242  0.217 0.92 0.92 
4 240 239 246 247  0.217 0.92 0.92 
4 241 237 244 248  0.217 0.92 0.92 
4 228 233 249 239  0.217 0.92 0.92 
4 233 234 250 249  0.217 0.92 0.92 
4 234 230 241 250  0.217 0.92 0.92 
4 239 249 251 246  0.217 0.92 0.92 
4 249 250 252 251  0.217 0.92 0.92 
4 250 241 248 252  0.217 0.92 0.92 
4 243 242 253 254  0.217 0.92 0.92 
4 244 243 254 255  0.217 0.92 0.92 
4 242 245 256 253  0.217 0.92 0.92 
4 257 247 258 259  0.217 0.92 0.92 
4 248 244 255 260  0.217 0.92 0.92 
4 254 253 261 262  0.217 0.92 0.92 
4 255 254 262 263  0.217 0.92 0.92 
4 253 256 264 261  0.217 0.92 0.92 
4 261 264 265 266  0.217 0.92 0.92 
4 259 258 267 265  0.217 0.92 0.92 
4 266 265 267 268  0.217 0.92 0.92 
4 260 255 263 269  0.217 0.92 0.92 
4 252 248 260 270  0.217 0.92 0.92 
4 246 251 271 247  0.217 0.92 0.92 
4 247 271 272 258  0.217 0.92 0.92 
4 251 273 274 271  0.217 0.92 0.92 
4 271 274 275 272  0.217 0.92 0.92 
4 274 273 276 275  0.217 0.92 0.92 
4 252 277 273 251  0.217 0.92 0.92 
4 273 277 278 276  0.217 0.92 0.92 
4 277 252 270 278  0.217 0.92 0.92 
4 258 272 279 267  0.217 0.92 0.92 
4 275 276 280 281  0.217 0.92 0.92 
4 276 278 282 280  0.217 0.92 0.92 
4 283 106 284 285  0.217 0.92 0.92 
4 283 285 286 116  0.217 0.92 0.92 
4 106 283 116 107  0.217 0.92 0.92 
4 285 284 270 260  0.217 0.92 0.92 
4 285 260 269 286  0.217 0.92 0.92 
4 284 287 278 270  0.217 0.92 0.92 
4 278 287 288 282  0.217 0.92 0.92 
4 106 105 287 284  0.217 0.92 0.92 
4 287 105 110 288  0.217 0.92 0.92 
4 262 261 289 290  0.217 0.92 0.92 
4 261 266 291 289  0.217 0.92 0.92 
4 263 262 290 292  0.217 0.92 0.92 
4 290 289 291 292  0.217 0.92 0.92 
4 266 268 293 291  0.217 0.92 0.92 
4 269 263 292 294  0.217 0.92 0.92 
4 292 291 293 294  0.217 0.92 0.92 
4 294 293 295 296  0.217 0.92 0.92 
4 268 267 297 293  0.217 0.92 0.92 
4 267 279 298 297  0.217 0.92 0.92 
4 293 297 298 295  0.217 0.92 0.92 
4 279 281 299 298  0.217 0.92 0.92 
4 281 280 300 299  0.217 0.92 0.92 
4 295 298 299 300  0.217 0.92 0.92 
4 280 282 301 300  0.217 0.92 0.92 
4 296 295 300 301  0.217 0.92 0.92 
4 116 286 302 117  0.217 0.92 0.92 
4 286 269 294 302  0.217 0.92 0.92 
4 282 288 303 301  0.217 0.92 0.92 
4 304 296 301 303  0.217 0.92 0.92 
4 288 110 119 303  0.217 0.92 0.92 
4 127 304 303 119  0.217 0.92 0.92 
4 117 302 305 124  0.217 0.92 0.92 
4 304 127 125 306  0.217 0.92 0.92 
4 124 305 306 125  0.217 0.92 0.92 
4 302 294 307 305  0.217 0.92 0.92 
4 294 296 308 307  0.217 0.92 0.92 
4 296 304 306 308  0.217 0.92 0.92 
4 305 307 308 306  0.217 0.92 0.92 
4 309 161 310 311  0.217 0.92 0.92 
4 309 311 312 195  0.217 0.92 0.92 
4 311 310 313 312  0.217 0.92 0.92 
4 161 309 195 185  0.217 0.92 0.92 
4 161 163 314 310  0.217 0.92 0.92 
4 310 314 315 313  0.217 0.92 0.92 
4 185 313 315 197  0.217 0.92 0.92 
4 195 312 316 196  0.217 0.92 0.92 
4 312 313 317 316  0.217 0.92 0.92 
4 313 185 199 317  0.217 0.92 0.92 
4 163 170 318 314  0.217 0.92 0.92 
4 314 318 319 315  0.217 0.92 0.92 
4 170 173 320 318  0.217 0.92 0.92 
4 318 320 321 319  0.217 0.92 0.92 
4 320 173 202 321  0.217 0.92 0.92 
4 209 319 321 202  0.217 0.92 0.92 
4 197 315 322 198  0.217 0.92 0.92 
4 315 319 323 322  0.217 0.92 0.92 
4 319 209 207 323  0.217 0.92 0.92 
4 198 322 323 207  0.217 0.92 0.92 
4 196 316 324 220  0.217 0.92 0.92 
4 316 317 325 326  0.217 0.92 0.92 
4 316 326 327 324  0.217 0.92 0.92 
4 326 325 328 327  0.217 0.92 0.92 
4 324 327 328 329  0.217 0.92 0.92 
4 317 322 330 325  0.217 0.92 0.92 
4 325 330 331 328  0.217 0.92 0.92 
4 329 328 331 332  0.217 0.92 0.92 
4 199 198 322 317  0.217 0.92 0.92 
4 322 198 222 332  0.217 0.92 0.92 
4 220 324 333 227  0.217 0.92 0.92 
4 324 329 334 333  0.217 0.92 0.92 
4 329 332 335 334  0.217 0.92 0.92 
4 332 222 229 335  0.217 0.92 0.92 
4 336 337 338 339  0.217 0.92 0.92 
4 336 339 340 341  0.217 0.92 0.92 
4 337 336 341 342  0.217 0.92 0.92 
4 341 340 343 342  0.217 0.92 0.92 
4 337 344 345 338  0.217 0.92 0.92 
4 338 345 346 343  0.217 0.92 0.92 
4 344 337 342 347  0.217 0.92 0.92 
4 342 343 346 347  0.217 0.92 0.92 
4 344 348 349 345  0.217 0.92 0.92 
4 349 348 350 351  0.217 0.92 0.92 
4 348 344 347 350  0.217 0.92 0.92 
4 347 346 351 350  0.217 0.92 0.92 
4 322 323 352 330  0.217 0.92 0.92 
4 330 352 353 331  0.217 0.92 0.92 
4 352 323 354 353  0.217 0.92 0.92 
4 323 322 332 354  0.217 0.92 0.92 
4 332 331 353 354  0.217 0.92 0.92 
4 227 333 355 238  0.217 0.92 0.92 
4 333 334 356 355  0.217 0.92 0.92 
4 334 335 357 356  0.217 0.92 0.92 
4 335 229 240 357  0.217 0.92 0.92 
4 238 355 358 245  0.217 0.92 0.92 
4 355 356 359 360  0.217 0.92 0.92 
4 355 360 361 358  0.217 0.92 0.92 
4 358 361 362 363  0.217 0.92 0.92 
4 356 357 364 359  0.217 0.92 0.92 
4 363 362 365 366  0.217 0.92 0.92 
4 357 240 247 366  0.217 0.92 0.92 
4 257 363 366 247  0.217 0.92 0.92 
4 360 359 367 368  0.217 0.92 0.92 
4 360 368 369 361  0.217 0.92 0.92 
4 361 369 370 362  0.217 0.92 0.92 
4 368 367 371 372  0.217 0.92 0.92 
4 368 372 373 369  0.217 0.92 0.92 
4 372 371 374 373  0.217 0.92 0.92 
4 369 373 374 370  0.217 0.92 0.92 
4 367 375 376 371  0.217 0.92 0.92 
4 370 374 377 378  0.217 0.92 0.92 
4 359 364 375 367  0.217 0.92 0.92 
4 375 364 365 378  0.217 0.92 0.92 
4 362 370 378 365  0.217 0.92 0.92 
4 375 379 380 376  0.217 0.92 0.92 
4 380 379 381 382  0.217 0.92 0.92 
4 379 375 378 381  0.217 0.92 0.92 
4 378 377 382 381  0.217 0.92 0.92 
4 357 383 384 364  0.217 0.92 0.92 
4 364 384 385 365  0.217 0.92 0.92 
4 384 383 386 385  0.217 0.92 0.92 
4 383 357 366 386  0.217 0.92 0.92 
4 366 365 385 386  0.217 0.92 0.92 
4 245 358 387 256  0.217 0.92 0.92 
4 358 363 388 387  0.217 0.92 0.92 
4 363 257 259 388  0.217 0.92 0.92 
4 256 387 389 264  0.217 0.92 0.92 
4 387 388 390 389  0.217 0.92 0.92 
4 388 259 265 390  0.217 0.92 0.92 
4 264 389 390 265  0.217 0.92 0.92 
4 272 275 391 392  0.217 0.92 0.92 
4 272 392 393 279  0.217 0.92 0.92 
4 392 391 394 393  0.217 0.92 0.92 
4 391 275 281 394  0.217 0.92 0.92 
4 279 393 394 281  0.217 0.92 0.92 
4 339 338 395 396  0.217 0.92 0.92 
4 339 396 397 340  0.217 0.92 0.92 
4 396 395 398 397  0.217 0.92 0.92 
4 395 338 343 398  0.217 0.92 0.92 
4 395 399 400 401  0.217 0.92 0.92 
4 395 401 402 398  0.217 0.92 0.92 
4 401 400 403 402  0.217 0.92 0.92 
4 399 395 398 404  0.217 0.92 0.92 
4 340 397 405 406  0.217 0.92 0.92 
4 397 398 407 405  0.217 0.92 0.92 
4 398 343 408 407  0.217 0.92 0.92 
4 343 340 406 408  0.217 0.92 0.92 
4 398 402 409 407  0.217 0.92 0.92 
4 402 403 410 409  0.217 0.92 0.92 
4 404 398 407 411  0.217 0.92 0.92 
4 345 349 412 399  0.217 0.92 0.92 
4 345 399 404 346  0.217 0.92 0.92 
4 412 349 351 413  0.217 0.92 0.92 
4 399 412 414 400  0.217 0.92 0.92 
4 400 414 415 403  0.217 0.92 0.92 
4 414 412 413 415  0.217 0.92 0.92 
4 346 404 411 416  0.217 0.92 0.92 
4 413 351 417 418  0.217 0.92 0.92 
4 351 346 416 417  0.217 0.92 0.92 
4 403 415 419 410  0.217 0.92 0.92 
4 415 413 418 419  0.217 0.92 0.92 
4 406 405 420 372  0.217 0.92 0.92 
4 405 407 421 420  0.217 0.92 0.92 
4 407 408 371 421  0.217 0.92 0.92 
4 408 406 372 371  0.217 0.92 0.92 
4 372 420 421 371  0.217 0.92 0.92 
4 407 409 422 421  0.217 0.92 0.92 
4 409 410 423 422  0.217 0.92 0.92 
4 411 407 421 424  0.217 0.92 0.92 
4 421 422 423 424  0.217 0.92 0.92 
4 371 376 424 421  0.217 0.92 0.92 
4 371 421 425 374  0.217 0.92 0.92 
4 421 424 426 425  0.217 0.92 0.92 
4 374 425 426 377  0.217 0.92 0.92 
4 416 411 424 376  0.217 0.92 0.92 
4 418 417 380 427  0.217 0.92 0.92 
4 417 416 376 380  0.217 0.92 0.92 
4 410 419 428 423  0.217 0.92 0.92 
4 419 418 427 428  0.217 0.92 0.92 
4 427 380 382 429  0.217 0.92 0.92 
4 377 426 429 382  0.217 0.92 0.92 
4 424 423 430 426  0.217 0.92 0.92 
4 423 428 431 430  0.217 0.92 0.92 
4 428 427 429 431  0.217 0.92 0.92 
4 426 430 431 429  0.217 0.92 0.92 
