OFF
50 48 0

-8.08 -24.24 21.1253
0 -24.24 21.1253
0 -24.24 29.2052
-8.08 -24.24 29.2052
-8.08 -16.16 29.2052
-8.08 -16.16 21.1253
-0.000853033 -17.4409 30.7853
0 -16.16 21.1253
8.08 -24.24 21.1253
8.08 -24.24 29.2052
8.08 -16.16 29.2052
8.08 -16.16 21.1253
-8.08 -8.08 29.2052
-8.08 -8.08 21.1253
0 -8.08 21
8.08 -8.08 29.2052
2 -8.08 29.2052
8.08 -8.08 21.1253
-8.08 0 29.2052
-8.08 0 21.1253
0 0 21
2 0 29.2052
-8.08 8.08 29.2052
-8.08 8.08 21.1253
0 8.08 21
2 8.08 29.2052
-8.08 16.16 29.2052
-8.08 16.16 21.1253
0 16.16 21.1253
8.08 8.08 21.1253
8.08 8.08 29.2052
8.08 16.16 29.2052
-0.000853033 17.4409 30.7853
8.08 16.16 21.1253
-8.08 24.24 29.2052
-8.08 24.24 21.1253
0 24.24 29.2052
0 24.24 21.1253
8.08 24.24 29.2052
8.08 24.24 21.1253
0 -16.16 37.2852
-8.08 -16.16 37.2852
-8.08 -8.08 37.2852
0 -8.08 37.2852
-8.08 0 37.2852
0 0 37.2852
-8.08 8.08 37.2852
0 8.08 37.2852
-8.08 16.16 37.2852
0 16.16 37.2852

4 0 1 2 3  0.217 0.92 0.92 
4 0 3 4 5  0.217 0.92 0.92 
4 3 2 6 4  0.217 0.92 0.92 
4 1 0 5 7  0.217 0.92 0.92 
4 1 8 9 2  0.217 0.92 0.92 
4 2 9 10 6  0.217 0.92 0.92 
4 9 8 11 10  0.217 0.92 0.92 
4 8 1 7 11  0.217 0.92 0.92 
4 5 4 12 13  0.217 0.92 0.92 
4 7 5 13 14  0.217 0.92 0.92 
4 6 10 15 16  0.217 0.92 0.92 
4 10 11 17 15  0.217 0.92 0.92 
4 11 7 14 17  0.217 0.92 0.92 
4 14 16 15 17  0.217 0.92 0.92 
4 13 12 18 19  0.217 0.92 0.92 
4 16 14 20 21  0.217 0.92 0.92 
4 14 13 19 20  0.217 0.92 0.92 
4 19 18 22 23  0.217 0.92 0.92 
4 21 20 24 25  0.217 0.92 0.92 
4 20 19 23 24  0.217 0.92 0.92 
4 23 22 26 27  0.217 0.92 0.92 
4 24 23 27 28  0.217 0.92 0.92 
4 24 29 30 25  0.217 0.92 0.92 
4 25 30 31 32  0.217 0.92 0.92 
4 30 29 33 31  0.217 0.92 0.92 
4 29 24 28 33  0.217 0.92 0.92 
4 27 26 34 35  0.217 0.92 0.92 
4 26 32 36 34  0.217 0.92 0.92 
4 28 27 35 37  0.217 0.92 0.92 
4 35 34 36 37  0.217 0.92 0.92 
4 32 31 38 36  0.217 0.92 0.92 
4 31 33 39 38  0.217 0.92 0.92 
4 33 28 37 39  0.217 0.92 0.92 
4 37 36 38 39  0.217 0.92 0.92 
4 4 6 40 41  0.217 0.92 0.92 
4 4 41 42 12  0.217 0.92 0.92 
4 41 40 43 42  0.217 0.92 0.92 
4 40 6 16 43  0.217 0.92 0.92 
4 12 42 44 18  0.217 0.92 0.92 
4 42 43 45 44  0.217 0.92 0.92 
4 43 16 21 45  0.217 0.92 0.92 
4 18 44 46 22  0.217 0.92 0.92 
4 44 45 47 46  0.217 0.92 0.92 
4 45 21 25 47  0.217 0.92 0.92 
4 22 46 48 26  0.217 0.92 0.92 
4 46 47 49 48  0.217 0.92 0.92 
4 47 25 32 49  0.217 0.92 0.92 
4 26 48 49 32  0.217 0.92 0.92 
